Sample File,C:\Users\VanceLab\Desktop\CASA_InLab_Sp23\Wall_Loss\SMPS_20230202_Wall_Loss_Dry.S82,
AIM Version,10.3.1.0
Classifier Model,3082       ,Classifier S/N,3082021905001   ,Classifier Firmware Version,2.60
Neutralizer Model,3088,Neutralizer S/N,3088011906004
Impactor (cm),0.071,Impactor S/N,7100764
DMA Model,3081,DMA S/N,3081A1903007
DMA Inner Radius (cm),0.937
DMA Outer Radius (cm),1.961
DMA Characteristic Length (cm),44.369
HV Polarity,NEG,
Detector Model,3750,Detector S/N,3750190603,Nano Enhancer , None
Detector Sample Flow (L/min),1.00,Detector Inlet Flow (L/min),1.00
Reference Gas Viscosity (Pa*s),1.832450e-005
Reference Mean Free Path (m),6.730000e-008
Reference Gas Temperature (K),296.15
Reference Gas Pressure (kPa),101.30
Sutherland Constant (K),110.40
Tube Length (cm),25.40
Tube Diameter (cm),0.48
Channels/Decade,64
Multiple Charge Correction,TRUE
Nanoparticle Agglomerate Mobility Analysis,FALSE
Diffusion Correction,TRUE
Units,Concentration (DW)
Weight,Number
Sample #,1,2,3,4,5,6,7,8,9,10,11,12,13,14,15,16,17,18,19,20,21,22,23,24,25,26
Date,2/2/2023,2/2/2023,2/2/2023,2/2/2023,2/2/2023,2/2/2023,2/2/2023,2/2/2023,2/2/2023,2/2/2023,2/2/2023,2/2/2023,2/2/2023,2/2/2023,2/2/2023,2/2/2023,2/2/2023,2/2/2023,2/2/2023,2/2/2023,2/2/2023,2/2/2023,2/2/2023,2/2/2023,2/2/2023,2/2/2023
Start Time,09:39:00,09:42:00,09:45:00,09:48:00,09:51:00,09:54:00,09:57:00,10:00:00,10:03:00,10:06:00,10:09:00,10:12:00,10:15:00,10:18:00,10:21:00,10:24:00,10:27:00,10:30:00,10:33:00,10:36:00,10:39:00,10:42:00,10:45:00,10:48:00,10:51:00,10:54:00
Sample Temp (C),21.4,21.5,21.6,21.6,21.7,21.8,21.8,21.9,22.0,22.0,22.0,22.0,22.0,22.1,22.1,22.1,22.1,22.1,22.1,22.1,22.1,22.1,22.1,22.0,22.0,22.0
Sample Pressure (kPa),80.8,80.8,80.8,80.8,80.9,80.9,80.9,80.8,80.8,80.8,80.8,80.8,80.8,80.7,80.7,80.7,80.6,80.6,80.6,80.5,80.5,80.5,80.6,80.6,80.6,80.6
Relative Humidity (%),17.4,18.9,20.1,20.9,21.4,21.8,22.0,22.0,22.0,21.8,21.6,21.4,21.2,20.9,20.6,20.3,20.0,19.7,19.4,19.1,18.8,18.5,18.2,17.9,17.6,17.4
Mean Free Path (m),8.37954e-008,8.38316e-008,8.38678e-008,8.38678e-008,8.38003e-008,8.38365e-008,8.38365e-008,8.39765e-008,8.40127e-008,8.40127e-008,8.40127e-008,8.40127e-008,8.40127e-008,8.41530e-008,8.41530e-008,8.41530e-008,8.42575e-008,8.42575e-008,8.42575e-008,8.43621e-008,8.43621e-008,8.43621e-008,8.42575e-008,8.42211e-008,8.42211e-008,8.42211e-008
Gas Viscosity (Pa*s),1.82480e-005,1.82528e-005,1.82576e-005,1.82576e-005,1.82624e-005,1.82672e-005,1.82672e-005,1.82719e-005,1.82767e-005,1.82767e-005,1.82767e-005,1.82767e-005,1.82767e-005,1.82815e-005,1.82815e-005,1.82815e-005,1.82815e-005,1.82815e-005,1.82815e-005,1.82815e-005,1.82815e-005,1.82815e-005,1.82815e-005,1.82767e-005,1.82767e-005,1.82767e-005
Diameter Midpoint (nm)
 15.7,1.349,1.281,1.527,0.851,1024.250,240.709,72.471,26.771,19.451,14.887,9.466,8.111,6.316,8.634,8.481,7.246,7.243,7.345,6.846,9.226,6.173,7.452,6.801,7.391,7.714,7.518
 16.3,2.365,1.581,1.164,0.796,1064.431,269.034,82.611,28.796,13.253,8.916,5.770,2.977,3.887,2.441,3.945,3.471,2.423,2.678,3.499,4.098,2.486,2.493,3.156,2.553,3.436,3.742
 16.8,2.363,1.332,1.138,2.683,1117.683,303.257,100.536,31.539,18.271,7.318,2.904,2.201,1.602,0.715,1.848,0.990,1.920,0.754,0.969,1.784,1.096,1.650,0.836,0.837,1.120,1.403
 17.5,1.665,1.530,1.396,1.960,1203.416,324.037,104.646,43.844,18.867,8.987,5.342,3.998,1.916,1.244,1.871,0.399,0.131,0.864,0.651,0.516,0.516,0.736,0.393,0.262,0.526,0.791
 18.1,1.568,1.441,2.235,1.451,1242.102,350.928,114.314,46.916,21.233,10.327,5.517,3.136,2.022,0.853,2.267,0.125,0.619,0.618,0.411,0.000,0.241,0.158,0.865,0.247,0.124,0.373
 18.8,2.063,1.719,2.094,0.741,1285.932,399.137,137.524,50.715,25.573,12.348,7.285,4.119,2.333,2.253,1.062,0.939,0.812,0.463,0.762,0.570,0.228,0.000,0.000,0.120,0.349,0.116
 19.5,2.101,1.508,1.746,1.751,1374.837,426.304,156.654,64.701,30.732,15.021,9.027,4.521,3.653,2.242,1.259,13.309,0.987,0.987,0.652,0.431,0.323,0.216,0.438,0.325,0.000,0.110
 20.2,1.421,0.988,2.089,1.544,1465.508,451.995,170.370,74.649,37.819,21.325,12.300,5.507,4.746,2.119,2.920,3.990,0.829,0.515,0.205,0.509,0.712,0.102,0.414,0.311,0.311,0.312
 20.9,2.253,1.638,1.649,2.511,1517.472,491.559,190.879,91.344,41.943,27.172,17.612,7.302,5.139,3.079,1.780,0.861,1.002,0.943,1.067,0.507,0.304,0.333,0.435,0.156,0.155,0.374
 21.7,2.180,1.949,1.360,1.590,1589.343,533.800,212.835,96.528,53.480,29.424,18.319,10.034,4.921,4.440,3.005,1.494,0.940,1.550,0.666,0.943,0.880,0.268,0.271,0.844,0.212,0.044
 22.5,1.409,1.477,1.384,1.135,1734.212,591.579,250.853,115.019,60.108,37.732,20.343,12.273,8.509,4.371,2.786,2.996,1.197,1.134,0.893,0.965,0.413,0.437,0.488,0.256,0.000,0.359
 23.3,2.029,1.741,1.612,1.612,1822.305,652.456,281.671,132.001,69.498,36.862,24.821,15.622,10.029,5.962,5.089,3.508,2.037,2.309,1.343,0.661,0.926,0.632,0.253,0.523,0.477,0.111
 24.1,1.376,1.663,2.825,0.000,1904.844,704.899,307.394,152.801,83.206,46.570,28.379,16.610,11.057,10.582,4.738,4.367,3.501,2.343,1.477,0.799,1.343,1.495,0.908,0.402,0.350,0.166
 25.0,1.579,2.305,1.899,0.000,2004.442,766.892,354.869,172.076,104.275,60.268,37.052,26.340,15.949,11.112,5.952,5.271,3.040,2.876,2.993,2.402,0.571,1.171,1.217,0.580,0.586,0.583
 25.9,1.415,2.205,1.409,0.000,2093.819,818.189,390.999,190.841,115.484,68.959,42.743,28.532,20.622,12.342,9.781,6.179,4.794,4.320,3.628,2.232,2.019,1.443,1.668,1.099,1.143,0.696
 26.9,2.343,1.739,1.268,0.000,2175.853,901.335,447.044,229.326,137.265,86.621,56.323,38.748,21.594,17.305,11.670,8.382,5.008,6.509,3.843,3.679,2.194,1.581,1.929,1.156,1.245,0.862
 27.9,1.729,1.521,1.090,0.000,2293.193,970.212,491.976,253.646,161.178,97.865,67.186,44.114,29.453,24.170,16.738,10.679,8.474,5.768,5.308,3.500,3.336,3.398,2.464,1.692,2.371,0.905
 28.9,1.829,1.701,1.593,0.000,2411.597,1050.842,543.740,297.014,185.988,116.798,74.985,51.603,38.948,26.383,19.247,17.356,10.494,10.881,6.733,5.860,4.641,3.892,4.098,3.292,2.690,1.726
 30.0,2.136,1.767,1.479,0.000,2517.046,1157.455,594.323,334.209,219.664,133.258,90.030,64.058,42.210,32.564,23.720,17.346,13.276,10.185,7.651,5.425,4.914,4.042,4.172,3.011,3.087,1.591
 31.1,1.962,1.469,1.598,0.000,2621.762,1236.682,667.254,376.480,243.687,160.452,103.404,73.073,56.380,39.890,30.962,21.725,16.644,13.486,10.227,9.879,7.284,6.118,6.271,5.535,4.177,3.072
 32.2,2.531,1.430,1.613,0.000,2751.290,1330.976,726.850,422.768,277.832,181.773,127.313,89.578,66.597,47.195,39.385,29.618,21.769,18.632,14.879,12.010,9.852,9.601,7.128,5.236,5.568,4.740
 33.4,1.772,1.860,1.976,0.000,2902.324,1440.297,782.075,481.157,304.433,206.912,144.683,105.321,76.545,55.880,45.105,31.952,27.773,19.669,18.868,13.611,13.143,9.415,8.009,7.293,5.426,6.905
 34.6,1.929,1.939,1.568,4425.319,2977.323,1523.831,869.986,548.915,355.507,233.910,173.088,128.933,97.208,71.273,52.523,40.455,34.060,27.537,22.460,16.853,13.600,14.505,13.018,10.498,9.391,6.727
 35.9,1.962,2.268,1.812,13657.446,3134.015,1690.030,943.727,599.005,401.341,265.015,191.900,139.265,112.269,83.675,64.479,48.901,41.944,33.995,26.597,20.645,19.212,15.680,14.520,12.633,10.216,7.412
 37.2,2.346,1.815,1.893,26217.151,3265.801,1826.535,1090.069,669.770,459.015,311.714,230.857,172.254,123.344,99.858,77.737,59.236,52.368,43.052,32.845,26.816,25.688,21.290,17.074,16.165,12.779,11.856
 38.5,2.340,1.795,1.456,41509.742,3431.444,1954.118,1169.593,731.035,519.142,365.929,271.848,198.478,151.726,117.654,93.655,71.041,66.664,50.415,46.493,30.993,31.330,24.717,20.567,19.090,15.494,15.218
 40.0,2.665,1.494,1.635,48640.267,3607.376,2076.334,1269.938,826.809,585.912,414.393,310.885,231.395,168.066,146.883,113.019,85.023,76.736,64.279,50.480,36.283,37.396,28.477,24.806,22.926,19.642,17.168
 41.4,2.165,2.055,1.803,46905.173,3698.112,2222.361,1409.393,951.073,649.525,469.981,356.613,276.787,192.770,161.638,134.808,100.323,90.272,73.358,59.597,50.122,44.704,36.126,27.567,28.833,26.455,22.795
 42.9,2.559,2.457,2.964,37908.328,3911.713,2361.058,1500.344,1052.679,740.063,561.474,400.773,326.954,234.765,203.644,163.159,128.700,105.521,87.431,73.320,65.386,53.097,47.010,38.521,38.156,30.909,28.697
 44.5,2.753,2.116,2.067,27063.765,4110.346,2569.435,1663.078,1146.925,821.090,638.645,457.035,367.612,288.837,232.977,183.990,145.756,125.949,102.074,89.566,71.601,67.646,54.908,47.451,37.960,38.361,35.596
 46.1,2.901,2.602,2.367,18285.134,4299.400,2741.226,1815.634,1269.850,921.868,722.804,539.547,441.904,329.231,271.977,215.402,177.376,151.456,125.498,101.185,82.480,76.534,67.909,55.683,54.706,44.644,39.810
 47.8,3.246,2.023,2.931,11805.980,4535.252,2982.004,2002.467,1405.116,1052.715,829.143,612.937,517.087,405.459,329.962,257.593,211.459,185.212,146.451,125.260,111.264,98.405,83.974,75.973,66.610,58.599,48.466
 49.6,2.667,2.871,2.999,7368.041,4846.675,3220.452,2263.217,1592.489,1200.571,950.132,738.989,595.856,486.025,393.224,321.337,279.844,237.344,188.879,164.134,143.044,134.102,115.318,101.284,90.541,81.983,71.428
 51.4,3.238,2.568,2.822,4255.311,5170.690,3486.679,2518.089,1794.872,1351.349,1062.891,840.212,693.858,566.245,463.791,392.165,335.233,270.691,244.954,207.365,174.639,165.638,141.508,127.919,114.201,105.685,89.414
 53.3,3.418,3.526,2.647,1840.981,5368.137,3678.844,2762.749,2008.300,1533.851,1223.739,977.306,776.664,680.422,541.747,460.635,386.935,321.096,280.191,249.420,214.170,192.443,170.961,157.717,140.725,121.109,107.657
 55.2,3.506,3.025,2.779,88.742,5769.894,3946.735,3017.960,2231.302,1710.302,1407.751,1076.465,896.188,783.775,633.666,545.028,468.612,386.161,339.806,284.749,264.018,227.162,207.542,182.084,162.805,141.421,133.264
 57.3,3.004,2.461,2.236,0.000,6128.112,4300.205,3246.753,2437.473,1893.695,1531.703,1210.586,1024.709,913.942,734.681,614.313,545.098,452.800,399.911,339.154,314.794,278.775,243.760,220.058,203.358,170.790,164.051
 59.4,2.872,2.635,3.280,0.000,6572.047,4725.288,3553.507,2722.609,2141.519,1753.384,1334.587,1134.428,1044.797,821.928,734.618,623.048,529.869,464.868,403.066,356.564,331.275,289.079,266.301,239.330,207.964,200.190
 61.5,3.591,2.705,2.210,0.000,7102.774,5023.885,3856.113,2927.902,2312.477,1915.876,1545.614,1281.254,1176.016,946.002,811.239,711.020,613.614,524.959,470.022,422.153,368.438,335.119,327.461,277.957,254.640,236.356
 63.8,2.861,3.237,2.322,0.000,7519.090,5473.797,4267.560,3219.166,2612.300,2153.631,1769.226,1476.776,1318.944,1063.455,933.403,817.212,723.227,619.990,555.512,483.967,434.604,389.851,376.457,333.443,299.229,271.532
 66.1,3.319,2.646,3.068,1426.072,8070.546,5793.984,4567.811,3537.845,2896.707,2360.260,1933.225,1639.016,1407.280,1209.930,1086.976,909.187,803.656,701.955,623.531,567.972,498.015,463.786,440.920,391.157,369.510,333.319
 68.5,2.690,2.493,3.250,5969.322,8552.807,6191.759,4911.022,3785.956,3235.869,2601.573,2194.915,1837.513,1591.789,1401.209,1199.750,1031.962,928.151,811.607,716.638,657.201,564.425,537.821,491.675,447.191,409.090,389.958
 71.0,3.550,3.135,2.493,9187.548,8659.048,6469.481,5022.854,3986.227,3305.876,2601.397,2231.362,1907.144,1581.503,1396.304,1231.401,1058.379,918.407,822.795,721.480,664.858,593.325,552.185,481.084,448.041,412.342,375.228
 73.7,2.760,3.368,2.643,13346.379,8728.638,6591.362,5130.745,4012.644,3347.722,2756.567,2244.603,1959.623,1641.148,1455.900,1214.685,1072.273,981.209,811.823,725.370,667.498,592.813,562.271,465.648,442.320,419.735,390.942
 76.4,2.634,2.896,2.890,17990.206,9159.360,7036.963,5528.699,4403.710,3686.032,3068.195,2532.412,2172.861,1826.020,1596.711,1367.821,1183.329,1077.080,922.633,817.069,739.600,675.187,618.797,539.386,536.324,475.963,451.068
 79.1,2.439,3.195,2.308,22429.924,9858.860,7553.877,5861.624,4752.139,3964.661,3286.493,2760.120,2373.903,1995.579,1732.331,1508.334,1335.374,1211.089,1026.191,903.464,833.912,758.188,689.729,622.360,570.990,536.898,487.362
 82.0,3.002,3.138,2.603,25867.167,10326.664,8084.372,6347.109,5166.983,4339.123,3653.409,3095.545,2642.486,2189.215,1928.484,1687.524,1443.465,1338.692,1148.746,1047.246,904.509,827.682,784.643,690.303,659.343,629.455,548.158
 85.1,2.674,3.234,2.265,28761.067,10829.934,8484.973,6911.618,5694.298,4718.893,3987.464,3379.578,2942.748,2422.470,2204.243,1834.342,1684.037,1471.782,1347.156,1167.552,1017.393,925.648,861.515,786.881,738.685,711.703,635.617
 88.2,3.588,3.062,2.732,30755.821,11653.033,9180.559,7359.993,6129.293,5153.930,4408.152,3796.347,3275.187,2724.601,2383.674,2041.289,1876.042,1642.315,1472.160,1336.284,1174.031,1048.617,1014.528,899.131,856.152,798.081,703.413
 91.4,2.670,2.534,2.511,31642.000,12205.271,9792.036,7802.213,6722.104,5630.949,4739.916,4083.242,3566.781,3021.241,2638.831,2313.389,2064.064,1823.433,1652.664,1503.714,1255.423,1185.583,1141.215,1013.212,951.919,866.811,774.426
 94.7,3.344,2.818,2.871,31834.475,12893.118,10354.603,8515.656,7147.991,6047.483,5158.794,4436.909,3929.495,3377.463,2937.792,2556.311,2318.763,2014.393,1811.700,1607.521,1433.116,1359.411,1239.658,1120.982,1053.777,968.516,891.949
 98.2,3.207,2.885,2.982,31542.982,13559.565,10880.970,8993.930,7617.349,6623.530,5790.805,4909.656,4290.242,3811.611,3192.871,2802.670,2612.118,2232.143,1991.521,1835.845,1613.968,1522.147,1368.210,1251.183,1170.606,1077.398,985.236
101.8,3.173,2.443,3.035,31902.647,13910.611,11548.034,9597.142,8146.801,6986.598,6173.953,5155.626,4728.511,4149.294,3560.717,3129.381,2804.281,2469.035,2221.596,2028.115,1806.778,1675.807,1491.855,1416.363,1307.963,1246.480,1112.962
105.5,3.030,2.359,3.009,32750.129,14600.206,11898.738,10167.079,8644.534,7488.144,6667.592,5640.474,5077.828,4549.003,3902.197,3457.501,3137.347,2773.382,2441.993,2275.090,1994.202,1866.088,1648.100,1584.708,1463.173,1358.757,1252.206
109.4,3.137,3.055,2.675,32104.746,15099.020,12433.496,10762.225,9212.712,8063.720,7139.780,6135.565,5402.604,4887.424,4210.375,3739.274,3408.199,2979.412,2738.047,2497.954,2227.946,2047.609,1822.136,1760.987,1632.261,1483.559,1412.066
113.4,2.689,2.740,2.516,31069.602,15641.064,13121.440,11249.287,9773.933,8500.977,7499.849,6442.300,5831.722,5196.583,4458.189,4072.376,3686.596,3254.183,2963.064,2695.685,2400.542,2240.131,2037.412,1966.965,1754.331,1646.681,1582.917
117.6,2.937,2.828,2.314,29096.125,15881.368,13528.407,11693.884,10162.272,8823.132,7893.931,6898.411,6269.786,5491.648,4803.992,4360.605,4044.533,3536.244,3267.101,2941.920,2576.239,2413.406,2225.623,2085.339,1922.268,1804.409,1699.213
121.9,2.913,2.932,2.383,27494.291,16170.152,13707.217,11968.151,10338.865,9225.753,8226.126,7224.658,6560.720,5759.073,5072.664,4594.075,4299.674,3780.125,3477.524,3102.661,2814.282,2627.514,2378.224,2290.293,2098.111,1948.935,1860.864
126.3,2.587,2.256,2.598,26042.738,16278.420,13965.250,12242.547,10692.060,9618.291,8484.531,7491.300,6886.698,6098.440,5371.721,4895.438,4521.045,4005.077,3659.856,3309.560,3016.580,2817.772,2608.879,2491.634,2266.263,2118.501,2023.850
131.0,2.680,2.035,2.189,24638.401,16235.680,14023.358,12372.050,10872.289,9652.680,8722.403,7678.400,7136.035,6340.894,5648.240,5146.712,4716.052,4248.326,3905.488,3486.133,3212.762,2945.767,2754.594,2652.981,2422.504,2271.509,2150.705
135.8,2.393,2.049,1.526,22959.357,15849.717,13907.631,12440.815,10960.607,9810.263,8927.886,7917.725,7187.376,6508.146,5823.002,5307.621,4886.263,4428.391,4070.595,3688.117,3408.907,3145.380,2930.050,2733.235,2577.693,2445.033,2299.599
140.7,1.958,2.488,2.075,20843.987,15357.782,13587.075,12228.546,10903.489,9911.743,9022.117,7966.754,7323.756,6704.342,6034.455,5472.668,4975.401,4585.674,4234.949,3830.506,3516.774,3249.345,3075.160,2908.883,2745.518,2556.319,2420.447
145.9,1.928,1.927,2.012,18979.703,14865.929,13186.996,11889.345,10768.130,9742.937,8876.991,7907.534,7299.367,6699.355,6102.033,5517.697,5064.030,4625.347,4264.354,3959.936,3638.075,3354.403,3132.355,3014.939,2808.719,2635.056,2506.118
151.2,1.948,2.113,1.554,17562.019,14189.393,12753.554,11551.792,10447.077,9596.244,8777.642,7855.910,7346.573,6688.966,6070.739,5639.120,5106.690,4750.233,4334.304,4016.843,3701.635,3443.797,3222.916,3077.590,2912.165,2721.267,2625.661
156.8,1.111,1.925,1.960,15940.124,13268.128,12015.682,10966.035,9979.011,9188.396,8494.343,7685.557,7170.015,6595.002,6047.400,5547.155,5097.874,4718.812,4361.684,4014.654,3720.806,3477.585,3303.162,3153.122,2937.896,2783.404,2630.922
162.5,1.284,1.672,0.904,14273.646,12215.111,11225.486,10355.789,9527.859,8755.726,8081.635,7390.809,6934.601,6349.256,5869.656,5423.459,5021.030,4636.428,4320.514,3978.156,3704.493,3472.257,3277.229,3134.877,2960.033,2801.156,2655.625
168.5,1.221,1.076,1.316,12936.959,11219.278,10319.612,9608.812,8907.488,8309.125,7711.670,6968.878,6680.042,6082.155,5626.111,5233.582,4881.084,4512.526,4226.175,3919.256,3655.262,3438.741,3230.055,3116.874,2940.884,2794.593,2628.058
174.7,1.690,0.918,1.069,11493.035,10006.281,9283.517,8764.139,8179.804,7683.438,7210.917,6494.686,6254.903,5818.104,5375.057,4974.233,4653.976,4336.643,4069.322,3779.196,3564.185,3338.620,3153.005,3032.549,2898.577,2758.393,2600.014
181.1,1.381,1.011,1.246,10177.660,8817.807,8252.105,7815.018,7420.133,6993.397,6594.717,5996.564,5731.043,5438.508,5013.384,4700.863,4422.601,4119.611,3886.000,3605.595,3376.767,3172.921,3053.281,2945.779,2810.097,2681.507,2554.417
187.7,1.281,1.135,1.270,8872.813,7621.751,7156.508,6858.219,6529.805,6239.576,5937.437,5428.697,5252.166,4979.068,4604.533,4384.755,4073.033,3851.705,3650.678,3431.416,3215.157,3026.192,2900.634,2817.924,2687.141,2561.908,2440.770
194.6,0.759,0.952,0.746,7572.685,6360.866,6160.384,5862.833,5642.784,5396.314,5234.837,4808.445,4686.071,4447.990,4209.823,4017.889,3702.829,3510.684,3346.140,3173.433,2956.644,2838.659,2727.182,2616.715,2524.131,2402.316,2296.575
201.7,0.626,0.718,0.916,6231.355,5253.309,5163.139,4941.806,4773.594,4632.205,4534.930,4197.280,4082.519,3933.777,3736.323,3572.308,3341.959,3161.104,3048.773,2904.339,2722.187,2609.107,2526.707,2445.394,2343.767,2240.793,2150.834
209.1,0.685,0.950,0.656,5012.514,4197.572,4174.732,4082.534,3960.870,3907.598,3824.272,3528.101,3476.062,3400.614,3261.152,3124.871,2945.941,2793.659,2727.671,2602.989,2423.015,2340.319,2286.929,2215.279,2154.989,2050.688,1976.912
216.7,0.762,0.940,0.677,3980.205,3259.232,3280.362,3301.035,3221.716,3185.988,3154.579,2946.199,2935.840,2866.795,2793.033,2665.095,2558.737,2472.483,2367.266,2276.123,2154.772,2100.886,2027.520,1994.806,1900.263,1841.690,1785.621
224.7,0.511,0.733,0.542,3059.650,2477.849,2532.101,2620.825,2572.643,2540.738,2539.889,2379.826,2417.073,2379.450,2314.794,2249.086,2187.649,2123.463,2040.261,1968.922,1851.593,1841.543,1795.843,1737.110,1701.863,1643.357,1596.714
232.9,0.672,0.424,0.592,2268.547,1840.296,1878.929,2000.959,1964.195,1972.123,1987.403,1913.948,1952.346,1923.558,1890.722,1858.285,1805.755,1758.445,1715.161,1655.577,1580.273,1574.143,1543.330,1524.028,1476.877,1433.187,1408.555
241.4,0.501,0.238,0.325,1618.193,1335.188,1381.292,1461.132,1464.194,1482.379,1513.244,1471.867,1517.659,1512.805,1507.062,1473.435,1454.539,1444.411,1406.760,1384.590,1317.084,1325.262,1297.164,1276.186,1256.708,1229.215,1202.552
250.3,0.281,0.403,0.415,1108.605,946.295,981.911,1042.210,1042.631,1090.639,1120.671,1105.662,1156.947,1188.599,1150.122,1171.437,1152.583,1140.306,1130.128,1097.321,1081.970,1074.425,1077.813,1069.880,1047.189,1032.565,1000.806
259.5,0.424,0.200,0.596,750.043,644.934,672.326,716.801,737.743,764.804,799.392,812.605,853.046,887.937,875.149,907.427,897.027,903.522,887.438,884.501,871.754,868.209,865.704,874.565,852.381,844.588,823.277
269.0,0.313,0.434,0.433,479.142,415.368,439.243,474.459,500.900,522.787,550.284,576.444,622.385,647.412,632.090,673.729,674.020,676.375,677.331,671.407,678.294,663.213,681.577,693.273,678.625,678.118,658.740
278.8,0.129,0.581,0.302,294.861,264.301,271.296,301.395,321.463,346.297,365.158,386.039,431.083,446.721,443.666,495.206,487.322,488.807,502.564,505.795,510.948,507.041,528.227,540.456,526.034,518.371,526.339
289.0,0.000,0.244,0.341,177.708,156.488,164.690,181.080,209.399,218.894,239.152,250.529,280.063,300.336,309.909,337.231,336.878,339.388,364.151,369.585,379.041,374.042,405.258,399.022,402.122,402.111,404.062
299.6,0.146,0.123,0.245,104.691,88.807,95.346,106.414,118.159,136.191,147.955,156.914,177.603,195.584,203.010,218.502,227.811,235.284,248.734,256.608,268.353,270.091,289.613,288.696,286.990,298.134,304.774
310.6,0.004,0.084,0.211,59.864,50.156,52.815,62.206,67.477,80.522,88.131,94.416,108.917,120.383,130.870,142.809,144.967,152.925,171.461,177.784,183.062,189.264,200.953,200.089,202.243,216.355,224.246
322.0,0.014,0.137,0.180,31.219,26.800,31.917,34.667,37.417,44.070,47.901,53.917,62.255,72.703,77.522,89.636,93.833,104.294,106.327,116.370,122.111,126.886,133.917,137.546,141.311,162.111,155.333
333.8,0.427,0.113,0.209,16.979,15.195,16.357,18.122,20.373,22.206,27.541,29.840,33.719,39.693,46.945,50.053,58.576,61.512,68.946,74.015,79.550,82.139,84.440,92.261,95.988,104.207,106.219
346.0,0.108,0.195,0.042,9.615,7.607,8.738,8.794,11.335,11.878,13.467,17.454,18.793,22.856,27.763,29.694,33.916,38.131,40.822,45.200,46.293,51.395,55.240,59.352,63.104,67.852,66.022
358.7,0.062,0.000,0.184,4.436,4.347,3.829,4.607,4.579,6.000,5.902,9.196,8.693,9.986,14.230,15.553,16.796,22.457,23.458,24.666,29.175,31.277,34.970,38.299,40.352,44.832,46.056
371.8,0.045,0.112,0.086,3.451,2.123,1.987,2.519,2.661,2.700,3.833,4.023,4.602,5.646,6.363,8.001,10.950,12.839,12.866,14.147,16.300,17.885,19.324,24.633,24.595,26.989,28.162
385.4,0.000,0.038,0.141,1.928,1.324,1.379,0.951,1.384,1.201,1.599,1.963,2.446,3.596,3.362,4.357,4.990,7.373,6.692,8.420,9.584,10.761,10.916,13.538,14.698,15.749,16.802
399.5,0.000,0.077,0.154,0.759,1.185,1.133,0.999,0.976,0.703,1.204,0.828,1.081,1.518,1.843,2.418,3.137,4.136,3.308,4.448,5.342,5.700,6.433,7.650,8.597,9.835,10.844
414.2,0.000,0.117,0.039,1.467,0.716,0.348,0.430,0.299,0.639,0.415,0.556,0.660,0.867,1.338,1.148,1.736,1.609,1.972,2.182,3.073,3.260,4.532,4.675,4.672,5.716,6.295
429.4,0.028,0.101,0.040,1.598,0.578,0.753,0.562,0.614,0.657,0.426,0.329,0.566,0.686,0.918,0.582,1.011,0.891,0.901,1.375,1.454,1.936,1.755,2.366,2.561,3.403,3.300
445.1,0.121,0.058,0.000,1.417,0.607,0.529,0.694,0.545,0.807,0.446,0.398,0.440,0.358,0.534,0.348,0.505,0.423,0.581,0.587,0.729,1.187,1.633,1.518,1.993,1.474,1.606
461.4,0.000,0.041,0.000,0.788,0.535,0.538,0.415,0.371,0.371,0.495,0.445,0.529,0.485,0.334,0.397,0.356,0.313,0.625,0.369,0.724,0.501,0.811,0.453,1.122,1.176,1.199
478.3,0.458,0.033,0.000,0.665,0.664,0.590,0.423,0.449,0.291,0.336,0.561,0.166,0.411,0.324,0.363,0.362,0.279,0.119,0.337,0.236,0.314,0.477,0.398,0.296,0.678,0.839
495.8,0.295,0.051,0.000,0.509,0.346,0.426,0.257,0.307,0.338,0.382,0.429,0.503,0.291,0.246,0.163,0.394,0.242,0.282,0.142,0.278,0.318,0.353,0.322,0.403,0.000,0.526
514.0,0.172,0.086,0.000,0.907,0.432,0.347,0.348,0.259,0.340,0.216,0.344,0.213,0.551,0.167,0.166,0.261,0.246,0.164,0.304,0.162,0.364,0.365,0.205,0.410,0.288,0.146
532.8,0.218,0.088,0.000,0.792,0.638,0.265,0.355,0.439,0.224,0.308,0.389,0.304,0.173,0.128,0.170,0.134,0.251,0.167,0.125,0.124,0.082,0.124,0.292,0.084,0.084,0.144
552.3,0.089,0.000,0.045,1.256,0.605,0.480,0.271,0.385,0.313,0.135,0.308,0.044,0.220,0.130,0.302,0.251,0.213,0.170,0.085,0.252,0.252,0.168,0.170,0.128,0.269,0.171
572.5,0.000,0.045,0.000,0.888,0.320,0.429,0.553,0.384,0.273,0.229,0.239,0.271,0.000,0.044,0.132,0.132,0.130,0.000,0.043,0.300,0.171,0.343,0.130,0.130,0.204,0.087
593.5,0.000,0.046,0.000,0.721,0.741,0.326,0.374,0.277,0.231,0.278,0.304,0.183,0.091,0.224,0.089,0.044,0.044,0.000,0.175,0.087,0.087,0.217,0.044,0.176,0.220,0.177
615.3,0.000,0.000,0.000,0.425,0.425,0.237,0.143,0.330,0.330,0.426,0.139,0.093,0.093,0.137,0.091,0.181,0.000,0.045,0.213,0.133,0.044,0.133,0.125,0.135,0.270,0.090
637.8,0.048,0.000,0.000,0.482,0.723,0.873,0.341,0.530,0.144,0.290,0.142,0.143,0.237,0.187,0.046,0.185,0.275,0.229,0.192,0.162,0.090,0.091,0.193,0.137,0.092,0.046
661.2,0.291,0.000,0.000,0.552,0.601,0.344,0.656,0.111,0.341,0.147,0.000,0.097,0.000,0.000,0.000,0.000,0.000,0.000,0.000,0.000,0.000,0.000,0.000,0.000,0.000,0.000
685.4,0.000,0.000,0.000,0.000,0.000,0.000,0.000,0.000,0.000,0.000,0.000,0.000,0.000,0.000,0.000,0.000,0.000,0.000,0.000,0.000,0.000,0.000,0.000,0.000,0.000,0.000
710.5,0.000,0.000,0.000,0.000,0.000,0.000,0.000,0.000,0.000,0.000,0.000,0.000,0.000,0.000,0.000,0.000,0.000,0.000,0.000,0.000,0.000,0.000,0.000,0.000,0.000,0.000
736.5,0.000,0.000,0.000,0.000,0.000,0.000,0.000,0.000,0.000,0.000,0.000,0.000,0.000,0.000,0.000,0.000,0.000,0.000,0.000,0.000,0.000,0.000,0.000,0.000,0.000,0.000
Scan Time (s),155,155,155,155,155,155,155,155,155,155,155,155,155,155,155,155,155,155,155,155,155,155,155,155,155,155
Retrace Time (s),4,4,4,4,4,4,4,4,4,4,4,4,4,4,4,4,4,4,4,4,4,4,4,4,4,4
Scan Resolution (Hz),50,50,50,50,50,50,50,50,50,50,50,50,50,50,50,50,50,50,50,50,50,50,50,50,50,50
Scans Per Sample,1,1,1,1,1,1,1,1,1,1,1,1,1,1,1,1,1,1,1,1,1,1,1,1,1,1
Sheath Flow (L/min),3.000,3.000,3.000,3.000,3.000,3.000,3.000,3.000,3.000,3.000,3.000,3.000,3.000,3.000,3.000,3.000,3.000,3.000,3.000,3.000,3.000,3.000,3.000,3.000,3.000,3.000
Aerosol Flow (L/min),1.20,1.20,1.20,1.19,1.19,1.19,1.18,1.20,1.20,1.19,1.22,1.21,1.22,1.23,1.24,1.24,1.26,1.26,1.26,1.27,1.27,1.27,1.26,1.26,1.25,1.25
Bypass Flow (L/min),0.00,0.00,0.00,0.00,0.00,0.00,0.00,0.00,0.00,0.00,0.00,0.00,0.00,0.00,0.00,0.00,0.00,0.00,0.00,0.00,0.00,0.00,0.00,0.00,0.00,0.00
Low Voltage (V),10.38,10.37,10.37,10.37,10.38,10.38,10.38,10.36,10.36,10.36,10.36,10.37,10.37,10.36,10.36,10.36,10.35,10.36,10.36,10.35,10.35,10.35,10.36,10.36,10.36,10.36
High Voltage (V),9599.34,9600.45,9602.74,9603.62,9608.56,9610.26,9612.04,9612.58,9610.71,9610.11,9611.60,9605.09,9606.86,9604.13,9598.87,9597.41,9593.60,9590.13,9589.56,9585.18,9582.61,9582.32,9585.54,9587.87,9588.16,9589.02
Lower Size (nm), 15.4, 15.4, 15.4, 15.4, 15.4, 15.4, 15.4, 15.4, 15.4, 15.4, 15.4, 15.4, 15.4, 15.4, 15.4, 15.4, 15.4, 15.4, 15.4, 15.4, 15.4, 15.4, 15.4, 15.4, 15.4, 15.4
Upper Size (nm),749.9,749.9,749.9,749.9,749.9,749.9,749.9,749.9,749.9,749.9,749.9,749.9,749.9,749.9,749.9,749.9,749.9,749.9,749.9,749.9,749.9,749.9,749.9,749.9,749.9,749.9
Density (g/cm³),1.0,1.0,1.0,1.0,1.0,1.0,1.0,1.0,1.0,1.0,1.0,1.0,1.0,1.0,1.0,1.0,1.0,1.0,1.0,1.0,1.0,1.0,1.0,1.0,1.0,1.0
td + 0.5 (s),1.52,1.52,1.52,1.52,1.52,1.52,1.52,1.52,1.52,1.52,1.52,1.52,1.52,1.52,1.52,1.52,1.52,1.52,1.52,1.52,1.52,1.52,1.52,1.52,1.52,1.52
tf (s),5.91,5.91,5.91,5.92,5.92,5.93,5.93,5.91,5.91,5.92,5.89,5.90,5.89,5.86,5.85,5.85,5.83,5.83,5.82,5.81,5.81,5.81,5.83,5.83,5.83,5.84
D50 (nm),651.9,652.5,653.5,654.5,654.6,656.6,657.8,654.0,653.5,655.0,648.2,650.1,647.9,642.5,641.0,639.5,635.9,635.4,633.4,630.7,630.4,631.3,635.4,635.6,636.5,637.0
Neutralizer Status,ON,ON,ON,ON,ON,ON,ON,ON,ON,ON,ON,ON,ON,ON,ON,ON,ON,ON,ON,ON,ON,ON,ON,ON,ON,ON
Median (nm),61.936,65.528,64.184,93.498,103.246,112.013,117.823,122.159,125.610,128.624,130.964,133.470,135.890,138.184,140.131,141.273,143.272,144.913,146.421,147.944,149.115,150.658,151.831,152.989,154.074,154.936
Mean (nm),80.180,81.006,79.968,95.243,105.376,114.106,120.093,124.676,128.234,131.409,133.858,136.593,139.020,141.222,143.405,144.905,146.817,148.644,150.206,151.767,153.089,154.683,156.035,157.169,158.398,159.523
Geo. Mean (nm),61.070,63.058,61.963,83.752,91.507,102.159,109.225,114.502,118.427,121.855,124.479,127.314,129.737,131.934,134.097,135.651,137.490,139.316,140.819,142.309,143.565,145.047,146.430,147.494,148.645,149.768
Mode (nm),61.527,53.280,59.352,39.954,126.346,130.975,135.773,135.773,140.746,140.746,140.746,151.247,140.746,145.902,151.247,151.247,151.247,156.788,151.247,156.788,156.788,156.788,156.788,162.531,162.531,162.531
Geo. Std. Dev.,2.078,2.047,2.065,1.687,1.779,1.657,1.589,1.546,1.521,1.503,1.490,1.479,1.473,1.468,1.464,1.458,1.456,1.453,1.451,1.450,1.449,1.450,1.446,1.446,1.446,1.444
Total Conc. (#/cm³),1.748689e+002,1.601627e+002,1.543158e+002,9.626799e+005,5.246476e+005,4.108648e+005,3.431184e+005,2.929536e+005,2.574179e+005,2.292643e+005,2.005771e+005,1.837423e+005,1.658459e+005,1.489470e+005,1.359647e+005,1.249619e+005,1.141099e+005,1.054482e+005,9.718367e+004,8.934133e+004,8.387887e+004,7.903345e+004,7.539415e+004,7.108023e+004,6.726028e+004,6.377130e+004
Title,,,,,,,,,,,,,,,,,,,,,,,,,,
User Name,VanceLab,VanceLab,VanceLab,VanceLab,VanceLab,VanceLab,VanceLab,VanceLab,VanceLab,VanceLab,VanceLab,VanceLab,VanceLab,VanceLab,VanceLab,VanceLab,VanceLab,VanceLab,VanceLab,VanceLab,VanceLab,VanceLab,VanceLab,VanceLab,VanceLab,VanceLab
Sample ID,,,,,,,,,,,,,,,,,,,,,,,,,,
Instrument ID,,,,,,,,,,,,,,,,,,,,,,,,,,
Lab ID,,,,,,,,,,,,,,,,,,,,,,,,,,
Leak Test and Leakage Rate,,,,,,,,,,,,,,,,,,,,,,,,,,
Instrument Errors,Normal Scan,Normal Scan,Normal Scan,Normal Scan,Normal Scan,Normal Scan,Normal Scan,Normal Scan,Normal Scan,Normal Scan,Normal Scan,Normal Scan,Normal Scan,Normal Scan,Normal Scan,Normal Scan,Normal Scan,Normal Scan,Normal Scan,Normal Scan,Normal Scan,Normal Scan,Normal Scan,Normal Scan,Normal Scan,Normal Scan
Comment,,,,,,,,,,,,,,,,,,,,,,,,,,
