Sample File,C:\Users\VanceLab\Desktop\CASA_InLab_Sp23\Wall_Loss\SMPS_20230125_Wall_Loss_Dry.S82,
AIM Version,10.3.1.0
Classifier Model,3082       ,Classifier S/N,3082021905001   ,Classifier Firmware Version,2.60
Neutralizer Model,None,Neutralizer S/N,  
Impactor (cm),0.071,Impactor S/N,7100764
DMA Model,3081,DMA S/N,3081A1903007
DMA Inner Radius (cm),0.937
DMA Outer Radius (cm),1.961
DMA Characteristic Length (cm),44.369
HV Polarity,NEG,
Detector Model,3750,Detector S/N,3750190603,Nano Enhancer , None
Detector Sample Flow (L/min),1.00,Detector Inlet Flow (L/min),1.00
Reference Gas Viscosity (Pa*s),1.832450e-005
Reference Mean Free Path (m),6.730000e-008
Reference Gas Temperature (K),296.15
Reference Gas Pressure (kPa),101.30
Sutherland Constant (K),110.40
Tube Length (cm),25.40
Tube Diameter (cm),0.48
Channels/Decade,64
Multiple Charge Correction,TRUE
Nanoparticle Agglomerate Mobility Analysis,FALSE
Diffusion Correction,TRUE
Units,Concentration (DW)
Weight,Number
Sample #,1,2,3,4,5,6,7,8,9,10,11,12,13,14,15,16,17,18,19,20,21,22,23,24,25,26,27,28,29,30,31,32,33,34,35,36,37,38,39,40,41,42,43,44,45,46,47,48,49,50,51,52,53,54,55,56
Date,1/25/2023,1/25/2023,1/25/2023,1/25/2023,1/25/2023,1/25/2023,1/25/2023,1/25/2023,1/25/2023,1/25/2023,1/25/2023,1/25/2023,1/25/2023,1/25/2023,1/25/2023,1/25/2023,1/25/2023,1/25/2023,1/25/2023,1/25/2023,1/25/2023,1/25/2023,1/25/2023,1/25/2023,1/25/2023,1/25/2023,1/25/2023,1/25/2023,1/25/2023,1/25/2023,1/25/2023,1/25/2023,1/25/2023,1/25/2023,1/25/2023,1/25/2023,1/25/2023,1/25/2023,1/25/2023,1/25/2023,1/25/2023,1/25/2023,1/25/2023,1/25/2023,1/25/2023,1/25/2023,1/25/2023,1/25/2023,1/25/2023,1/25/2023,1/25/2023,1/25/2023,1/25/2023,1/25/2023,1/25/2023,1/25/2023
Start Time,13:27:03,13:30:02,13:33:02,13:36:02,13:39:02,13:42:02,13:45:02,13:48:02,13:51:02,13:54:02,13:57:02,14:00:02,14:03:02,14:06:02,14:09:02,14:12:02,14:15:02,14:18:02,14:21:02,14:24:02,14:27:02,14:30:02,14:33:02,14:36:02,14:39:02,14:42:02,14:45:02,14:48:02,14:51:02,14:54:02,14:57:02,15:00:02,15:03:02,15:06:02,15:09:02,15:12:02,15:15:02,15:18:02,15:21:02,15:24:02,15:27:02,15:30:02,15:33:02,15:36:02,15:39:02,15:42:02,15:45:02,15:48:02,15:51:02,15:54:02,15:57:02,16:00:02,16:03:02,16:06:02,16:09:02,16:12:02
Sample Temp (C),21.0,21.1,21.2,21.3,21.4,21.5,21.5,21.6,21.7,21.7,21.8,21.8,21.9,22.0,22.0,22.1,22.1,22.1,22.1,22.1,22.1,22.1,22.1,22.1,22.1,22.1,22.1,22.1,22.1,22.1,22.1,22.1,22.1,22.1,22.1,22.1,22.1,22.1,22.1,22.1,22.1,22.1,22.1,22.1,22.1,22.1,22.1,22.1,22.1,22.1,22.1,22.1,22.1,22.1,22.0,22.0
Sample Pressure (kPa),80.9,80.9,80.9,81.1,81.1,81.1,81.1,81.1,81.1,81.1,81.1,81.1,81.1,81.1,81.2,81.1,81.1,81.1,81.1,81.1,81.1,81.1,81.1,81.1,81.1,81.1,81.1,81.1,81.1,81.1,81.1,81.1,81.1,81.1,81.1,81.1,81.1,81.0,81.0,81.0,81.1,81.0,81.0,81.0,81.0,81.0,81.0,81.0,81.0,81.0,81.0,81.0,80.9,80.9,80.9,80.9
Relative Humidity (%),12.0,11.6,11.3,11.0,10.7,10.5,10.3,10.1,9.9,9.8,9.7,9.6,9.5,9.4,9.3,9.2,9.2,9.1,9.0,9.0,8.9,8.9,8.9,8.8,8.8,8.8,8.7,8.7,8.7,8.7,8.7,8.7,8.6,8.6,8.6,8.6,8.6,8.6,8.6,8.6,8.6,8.5,8.5,8.5,8.5,8.5,8.5,8.5,8.5,8.5,8.5,8.5,8.5,8.5,8.5,8.5
Mean Free Path (m),8.35472e-008,8.35834e-008,8.36195e-008,8.34494e-008,8.34855e-008,8.35215e-008,8.35215e-008,8.35576e-008,8.35937e-008,8.35937e-008,8.36297e-008,8.36297e-008,8.36658e-008,8.37019e-008,8.35988e-008,8.37380e-008,8.37380e-008,8.37380e-008,8.37380e-008,8.37380e-008,8.37380e-008,8.37380e-008,8.37380e-008,8.37380e-008,8.37380e-008,8.37380e-008,8.37380e-008,8.37380e-008,8.37380e-008,8.37380e-008,8.37380e-008,8.37380e-008,8.37380e-008,8.37380e-008,8.37380e-008,8.37380e-008,8.37380e-008,8.38414e-008,8.38414e-008,8.38414e-008,8.37380e-008,8.38414e-008,8.38414e-008,8.38414e-008,8.38414e-008,8.38414e-008,8.38414e-008,8.38414e-008,8.38414e-008,8.38414e-008,8.38414e-008,8.38414e-008,8.39450e-008,8.39450e-008,8.39088e-008,8.39088e-008
Gas Viscosity (Pa*s),1.82289e-005,1.82337e-005,1.82384e-005,1.82432e-005,1.82480e-005,1.82528e-005,1.82528e-005,1.82576e-005,1.82624e-005,1.82624e-005,1.82672e-005,1.82672e-005,1.82719e-005,1.82767e-005,1.82767e-005,1.82815e-005,1.82815e-005,1.82815e-005,1.82815e-005,1.82815e-005,1.82815e-005,1.82815e-005,1.82815e-005,1.82815e-005,1.82815e-005,1.82815e-005,1.82815e-005,1.82815e-005,1.82815e-005,1.82815e-005,1.82815e-005,1.82815e-005,1.82815e-005,1.82815e-005,1.82815e-005,1.82815e-005,1.82815e-005,1.82815e-005,1.82815e-005,1.82815e-005,1.82815e-005,1.82815e-005,1.82815e-005,1.82815e-005,1.82815e-005,1.82815e-005,1.82815e-005,1.82815e-005,1.82815e-005,1.82815e-005,1.82815e-005,1.82815e-005,1.82815e-005,1.82815e-005,1.82767e-005,1.82767e-005
Diameter Midpoint (nm)
 15.7,0.000,0.446,0.000,1112.206,488.247,268.163,154.846,98.002,70.063,47.069,35.185,33.763,27.471,19.995,15.778,13.305,16.400,13.030,13.934,10.403,8.808,9.046,10.306,8.334,8.114,8.491,10.919,8.223,8.598,5.512,7.027,7.813,7.359,3.911,6.718,6.959,7.546,7.638,6.231,6.643,7.878,4.915,7.452,6.371,5.515,4.437,4.209,5.871,3.964,4.334,3.996,3.914,4.506,3.767,3.640,4.025
 16.3,0.000,0.000,0.000,1105.329,492.533,276.864,165.685,97.827,62.113,38.227,27.828,23.656,18.536,14.395,11.044,7.494,5.237,5.001,6.276,4.152,4.228,5.849,2.925,6.320,2.921,5.209,6.026,4.767,3.917,4.318,3.277,3.321,3.861,3.446,2.224,3.304,3.029,2.814,3.809,3.599,4.191,2.479,2.186,4.558,3.365,2.751,2.946,2.153,3.115,2.364,1.829,2.596,2.486,1.234,2.266,2.067
 16.8,0.000,0.000,0.000,1153.812,519.129,295.928,170.235,105.827,67.823,49.780,35.792,22.028,15.426,12.857,8.197,7.041,5.672,6.987,3.906,4.688,3.054,3.706,1.951,4.031,1.364,2.918,1.552,2.129,2.695,1.838,2.104,0.953,2.088,1.325,1.133,1.252,2.069,1.314,0.936,2.417,1.119,0.472,2.228,2.222,0.740,1.299,1.836,0.732,0.910,1.271,0.903,1.168,2.202,1.066,0.992,0.351
 17.5,0.000,0.000,0.182,1184.043,556.883,313.834,197.809,118.041,83.979,50.434,29.978,26.346,17.458,13.033,9.098,8.387,5.635,4.294,2.382,2.382,2.016,1.464,1.830,0.366,0.548,1.825,0.910,1.271,1.084,0.979,1.257,0.894,1.425,1.422,0.532,0.531,1.413,0.000,0.703,0.713,0.525,0.698,0.871,0.695,1.042,0.692,0.517,0.515,1.025,1.023,0.679,0.506,0.618,0.334,0.395,0.330
 18.1,0.513,0.000,0.171,1227.389,584.717,340.531,220.056,139.828,81.356,55.512,38.157,28.066,18.175,14.740,7.966,8.028,6.001,6.032,4.475,3.615,1.721,1.719,2.235,1.377,1.717,0.343,0.855,0.885,0.849,1.016,1.012,1.008,0.502,0.167,0.666,0.333,0.498,0.166,0.826,0.659,0.329,0.492,0.491,0.000,0.326,0.000,0.648,0.000,0.482,0.160,0.000,0.470,0.316,0.471,0.000,0.311
 18.8,0.000,0.000,0.000,1276.268,628.468,391.934,233.063,151.550,95.524,63.410,46.841,37.666,23.023,18.427,14.680,10.025,6.861,4.386,6.328,3.894,2.920,2.269,1.620,2.708,1.457,1.940,0.967,1.578,0.800,1.117,0.795,0.792,0.474,0.315,0.628,0.157,0.626,0.156,0.156,0.155,0.466,0.309,0.155,0.771,0.462,0.614,0.459,0.457,0.000,0.000,0.451,0.156,0.447,0.148,0.442,0.000
 19.5,0.000,0.000,0.000,1351.411,663.460,391.838,264.565,160.939,113.109,82.012,55.090,39.229,27.278,20.848,17.650,12.389,9.081,6.132,5.093,4.384,4.899,3.058,1.988,2.038,1.833,1.678,1.369,1.973,0.453,0.753,0.901,0.150,1.192,0.000,0.148,0.000,0.443,0.295,0.736,0.000,0.000,0.000,0.292,0.437,0.000,0.000,0.144,0.431,0.000,0.142,0.000,0.281,0.000,0.000,0.138,0.137
 20.2,0.000,0.000,0.000,1418.047,706.846,429.882,291.137,183.416,133.839,84.483,67.335,47.051,31.894,27.818,25.161,12.415,13.826,8.099,7.359,8.742,5.243,4.732,3.585,3.450,2.865,1.717,1.308,1.850,0.708,1.130,0.985,0.841,0.279,1.394,0.139,0.417,0.554,1.009,0.690,0.275,0.412,0.274,0.137,0.546,0.136,0.272,0.135,0.135,0.000,0.000,0.000,0.133,0.132,0.131,0.130,0.130
 20.9,0.000,0.135,0.000,1467.927,742.960,456.408,298.718,203.941,147.999,99.093,72.365,52.466,39.898,33.832,21.413,18.228,13.292,10.496,11.198,5.546,6.548,6.544,4.149,3.843,3.727,1.472,2.553,0.951,1.787,0.844,0.906,1.028,1.182,0.792,0.551,0.429,0.829,1.033,0.155,0.607,0.329,0.201,0.076,0.473,0.203,0.210,0.089,0.595,0.220,0.000,0.225,0.000,0.000,0.093,0.107,0.106
 21.7,0.128,0.128,0.128,1532.227,772.347,497.668,342.498,227.637,161.662,115.708,84.421,66.109,47.090,35.776,27.797,22.192,16.208,10.210,8.442,9.451,8.070,6.167,6.585,5.730,3.380,2.775,2.862,2.439,1.598,2.142,1.269,1.147,0.673,1.083,0.701,1.117,0.363,0.144,0.635,1.121,0.133,0.145,1.023,0.276,0.000,0.184,0.613,0.419,0.444,0.303,0.070,0.201,0.304,0.201,0.202,0.088
 22.5,0.000,0.000,0.121,1547.834,820.530,544.279,370.465,256.279,188.242,140.083,100.585,73.786,59.608,39.528,33.532,25.088,19.601,16.261,16.313,11.232,10.833,7.654,5.871,6.319,4.420,3.513,3.430,3.265,3.085,2.380,3.716,2.096,2.470,1.439,1.058,0.740,1.151,1.119,1.008,1.140,0.776,0.572,0.348,0.125,0.620,0.258,0.406,0.472,0.000,0.155,0.623,0.041,0.152,0.171,0.073,0.063
 23.3,0.000,0.000,0.000,1617.725,858.943,593.220,402.336,284.389,212.504,153.937,108.466,88.157,63.492,51.462,43.091,36.964,26.558,21.360,17.138,16.880,12.232,11.121,10.058,6.588,5.414,5.628,4.574,4.679,2.403,4.428,2.763,2.304,2.697,1.707,1.483,1.310,1.289,0.849,0.975,1.116,0.933,0.855,0.809,0.700,0.561,0.758,0.078,0.532,0.544,0.446,0.538,0.130,0.138,0.473,0.133,0.029
 24.1,0.000,0.000,0.000,1636.322,919.805,638.713,458.621,316.255,225.646,172.798,131.555,99.407,76.340,60.106,53.016,37.734,32.919,23.830,23.033,18.473,14.821,11.440,12.418,8.930,7.302,6.832,4.722,4.683,5.435,3.987,2.827,2.450,2.875,2.299,3.515,2.158,1.138,2.213,1.886,0.931,1.156,0.809,0.711,1.243,1.089,0.545,0.837,0.872,0.643,1.301,0.162,0.161,0.703,0.184,0.302,0.019
 25.0,0.000,0.000,0.000,1702.096,959.291,702.146,496.697,353.732,255.531,191.322,151.639,113.191,100.973,77.267,60.838,49.182,42.475,34.560,25.109,21.273,17.044,17.371,14.157,11.143,8.715,7.875,6.312,4.977,4.882,4.562,4.685,5.112,4.029,4.457,2.981,2.599,1.991,1.344,1.130,1.808,2.178,1.349,1.906,1.215,0.471,0.549,0.523,0.829,0.763,0.674,0.909,0.975,0.474,0.394,1.007,0.605
 25.9,0.200,0.000,0.000,1745.956,1037.323,737.221,538.286,402.084,285.228,213.613,169.245,136.956,112.080,86.022,69.974,57.488,42.591,34.873,28.869,28.748,21.029,20.634,20.307,14.940,13.042,12.038,9.622,8.427,6.710,7.131,5.819,5.220,4.805,4.216,4.312,3.239,2.848,2.770,2.551,2.780,1.793,1.532,1.910,1.329,1.603,1.118,1.736,1.043,0.813,0.402,1.162,1.268,0.737,0.409,1.043,0.727
 26.9,0.089,0.191,0.000,1794.061,1084.582,788.996,591.263,442.757,328.256,257.505,196.162,160.556,125.581,102.098,82.681,68.574,53.579,46.490,39.712,33.268,26.240,22.153,17.278,17.279,13.622,12.100,10.771,10.339,7.799,8.751,5.375,7.627,6.732,5.514,5.225,4.579,3.845,3.575,4.426,3.981,2.687,2.075,2.269,1.986,1.606,1.738,0.569,1.747,1.598,1.867,1.253,0.954,0.494,0.963,1.297,1.099
 27.9,0.181,0.090,0.000,1858.053,1113.011,822.053,605.402,469.543,339.278,273.184,218.074,181.944,143.031,116.059,97.282,76.189,64.532,56.241,48.081,41.304,32.986,30.376,23.964,21.398,16.981,17.380,12.942,12.922,11.759,11.926,7.832,6.844,7.146,8.128,6.997,4.820,4.264,5.000,4.281,3.489,3.632,3.583,2.448,3.505,2.509,2.615,2.438,1.978,1.776,2.536,1.840,1.974,1.935,1.237,0.590,0.864
 28.9,0.124,0.000,0.000,1910.297,1190.434,882.138,665.110,520.438,385.216,305.710,243.276,196.638,162.067,132.349,108.172,89.603,74.282,67.583,55.817,43.565,39.196,35.675,27.521,27.398,22.937,19.431,13.457,16.500,14.896,14.198,11.984,10.054,9.444,6.800,8.900,7.811,5.278,5.943,5.070,5.234,3.990,5.884,4.037,3.355,2.967,2.810,2.358,2.741,2.448,2.195,1.684,1.931,1.885,1.472,1.725,0.975
 30.0,0.042,0.000,0.000,1948.767,1238.770,929.007,702.452,555.210,430.296,329.495,282.375,223.373,190.092,145.942,124.776,105.622,95.822,78.071,66.414,51.248,39.676,36.062,37.618,29.517,27.361,24.726,20.713,21.254,18.093,18.400,12.972,13.835,11.424,10.657,8.708,7.853,7.198,8.668,8.656,3.566,4.974,4.724,4.372,3.534,4.531,3.839,3.174,3.548,2.800,2.926,2.226,3.302,2.306,2.547,1.375,1.378
 31.1,0.000,0.000,0.000,2026.606,1316.327,996.340,764.635,588.074,476.076,371.662,297.609,247.500,211.351,163.250,143.177,119.228,104.091,93.962,76.730,67.982,54.386,49.503,42.934,40.306,32.851,27.756,28.044,25.687,21.347,20.161,17.140,16.206,14.275,11.598,12.018,8.961,9.342,7.197,7.427,8.029,7.987,7.097,5.746,6.416,4.236,4.192,5.542,4.566,2.599,4.041,3.463,2.577,3.640,2.410,2.269,2.004
 32.2,0.152,0.074,0.000,2113.360,1392.318,1051.894,826.272,634.149,516.780,405.377,336.540,284.325,232.039,190.663,169.902,143.883,118.540,104.717,93.122,73.782,64.241,59.734,56.792,45.359,43.054,36.196,35.104,30.126,25.288,22.225,19.832,17.985,16.437,14.912,15.068,12.761,15.185,10.946,10.329,9.193,9.891,7.869,7.319,6.627,4.722,5.489,5.600,6.373,5.076,4.492,3.643,4.505,4.509,3.252,2.353,2.952
 33.4,0.148,0.000,2188.277,2168.439,1442.158,1115.562,879.628,685.185,555.346,460.721,377.185,304.494,250.574,215.925,185.144,156.103,140.168,122.164,109.995,91.914,77.334,70.322,64.989,50.179,52.475,40.195,37.908,40.229,33.477,26.853,25.355,23.103,19.649,16.788,17.459,14.525,16.473,14.853,13.934,12.190,9.887,7.904,10.372,10.177,8.306,6.725,7.770,6.826,5.963,5.338,6.109,4.690,4.144,3.261,4.344,4.196
 34.6,0.000,0.070,5795.753,2212.691,1524.956,1172.809,952.436,744.415,602.427,496.357,399.776,336.287,292.244,232.921,215.304,182.225,161.677,138.605,117.278,104.406,94.041,80.617,71.280,66.204,59.361,47.384,46.891,40.161,40.699,32.815,29.948,29.369,24.409,23.560,21.268,19.560,17.024,16.337,16.602,16.463,13.483,13.246,11.467,10.976,11.059,9.025,9.900,8.007,8.909,6.854,7.091,7.060,5.312,5.773,4.850,5.223
 35.9,0.139,0.068,7693.468,2290.618,1576.522,1217.065,996.151,797.437,662.360,552.039,438.561,373.380,323.759,268.250,243.088,204.525,180.098,159.024,133.772,120.990,110.623,92.201,83.769,75.833,65.296,64.417,53.252,48.058,46.567,40.499,36.264,32.334,31.922,27.723,24.801,22.570,23.850,20.915,17.233,18.051,16.756,14.390,13.209,12.477,12.122,10.836,11.790,11.426,9.658,9.251,7.341,8.588,7.239,8.062,6.417,5.888
 37.2,0.000,0.066,8574.358,2393.644,1666.334,1296.919,1044.727,852.070,708.322,575.269,487.542,415.415,355.024,300.857,277.035,231.100,206.855,177.997,155.068,144.518,121.505,108.242,93.765,86.435,78.752,70.330,61.318,61.481,51.036,50.245,41.137,40.922,37.348,34.521,30.455,31.153,29.490,24.608,24.911,19.735,20.501,19.580,15.913,15.523,14.089,12.172,14.114,11.149,12.453,10.000,9.513,8.879,8.936,9.343,5.798,7.242
 38.5,0.256,0.064,9889.798,2429.960,1726.359,1356.971,1068.582,892.061,761.894,637.705,534.807,432.700,394.236,328.177,292.388,253.126,234.368,198.519,179.165,154.618,133.375,132.550,108.335,102.780,88.753,84.558,74.219,68.168,61.503,54.707,54.045,48.818,46.322,43.949,38.034,33.897,32.154,28.084,26.382,25.042,22.518,23.807,18.243,18.216,17.401,16.008,14.524,12.943,15.294,12.405,12.769,10.409,10.597,9.714,10.329,10.720
 40.0,0.054,0.000,10416.148,2508.375,1774.130,1427.683,1134.363,962.227,804.464,697.238,564.948,501.477,420.671,376.129,342.002,294.880,256.265,219.057,199.241,186.339,151.192,141.850,120.261,115.176,106.506,97.430,89.250,82.694,74.236,65.226,58.396,58.019,53.783,49.798,45.149,41.656,35.051,32.848,29.884,32.891,27.313,27.118,23.878,22.936,24.543,20.045,19.303,18.805,16.374,16.436,15.823,13.304,14.429,11.693,10.406,12.513
 41.4,0.109,0.426,10799.352,2576.326,1804.923,1486.363,1220.669,1021.345,842.802,735.223,633.402,544.129,473.106,408.181,361.282,314.193,283.241,248.943,219.423,191.874,175.950,167.774,149.214,135.678,115.232,106.062,102.334,95.447,83.643,78.399,69.292,64.597,58.626,52.052,48.238,48.254,43.366,37.954,43.935,37.982,33.791,30.876,31.949,27.218,27.618,25.954,26.187,21.710,19.789,17.599,19.801,14.931,13.633,13.669,16.090,13.541
 42.9,0.110,0.170,12092.532,2624.310,1891.328,1578.047,1311.238,1073.999,926.201,788.750,678.224,598.893,518.024,449.851,404.879,355.172,302.946,284.243,241.317,229.392,203.172,180.992,157.766,153.081,138.425,120.719,110.395,105.584,97.010,89.624,80.748,72.773,66.736,63.347,61.664,56.368,51.852,48.495,43.569,42.941,40.433,39.836,33.526,33.602,28.853,27.462,27.712,26.450,24.010,22.429,20.545,20.593,18.616,16.398,16.667,16.157
 44.5,0.107,0.052,13703.486,2725.208,1936.372,1630.942,1355.398,1155.590,976.111,837.267,741.617,642.734,550.841,502.053,436.283,398.867,336.302,309.726,281.588,252.371,228.008,203.723,193.844,174.463,158.283,138.879,124.492,127.383,111.516,101.875,91.635,81.688,83.116,74.133,63.484,65.032,60.163,53.951,50.554,52.189,48.369,43.674,39.390,38.335,39.346,33.801,32.853,29.830,29.726,26.218,29.293,23.150,25.078,21.861,20.068,19.835
 46.1,0.111,0.106,15587.978,2784.410,2039.325,1723.843,1432.937,1232.888,1031.037,897.127,790.286,704.249,624.021,530.112,481.258,432.827,380.426,349.179,318.015,277.107,249.054,227.506,205.237,192.850,173.969,159.461,144.410,134.701,124.474,112.353,107.550,105.151,98.213,85.775,73.395,81.365,70.658,66.369,56.068,59.715,49.110,51.184,48.517,42.328,41.082,36.474,38.228,36.785,30.636,31.524,30.450,26.137,26.811,26.127,21.869,20.892
 47.8,0.044,0.102,15586.390,2819.944,2118.570,1795.271,1487.269,1307.677,1118.715,961.856,855.957,766.023,655.699,596.129,525.986,472.102,428.360,383.173,350.947,313.421,280.291,259.396,235.387,221.103,193.609,173.693,166.673,148.904,138.974,131.749,132.426,113.418,108.845,94.973,95.274,85.981,78.311,73.567,72.193,65.086,64.518,60.018,54.427,52.363,47.787,44.765,46.882,42.303,39.954,38.798,34.439,33.102,31.031,27.105,27.412,26.500
 49.6,0.096,0.044,14255.327,2911.111,2200.676,1853.964,1585.068,1381.129,1205.066,1034.385,914.254,808.642,716.250,650.236,573.893,520.464,480.386,423.142,394.050,348.244,316.551,288.577,267.093,253.441,223.959,200.405,186.147,169.908,160.944,156.883,139.165,129.348,121.862,111.687,111.101,102.896,92.960,83.989,81.496,77.222,73.155,70.714,64.406,59.078,57.362,55.624,53.450,49.670,44.859,45.434,40.588,38.322,37.806,36.590,32.740,31.877
 51.4,0.000,0.040,12422.567,2976.496,2294.473,1936.119,1663.676,1468.110,1242.622,1114.584,988.730,881.530,779.978,697.159,621.381,570.386,520.693,461.252,422.246,387.433,362.171,319.858,301.683,271.724,243.837,233.576,215.066,192.306,181.604,177.973,160.163,144.420,143.295,127.580,123.441,115.295,105.921,99.361,98.341,87.732,83.797,81.732,79.932,70.327,66.021,64.737,59.892,59.829,51.828,49.064,46.068,46.340,42.405,40.977,35.518,35.848
 53.3,0.084,0.041,11800.756,3038.223,2369.558,2024.560,1732.711,1555.422,1312.578,1158.782,1067.178,937.978,821.252,748.510,681.080,613.873,563.844,513.888,472.488,441.873,394.739,355.840,332.692,312.281,280.782,264.472,238.397,227.186,204.809,197.826,173.308,164.566,153.801,143.873,145.179,136.087,116.382,121.791,112.074,104.398,99.489,88.621,88.952,82.897,76.072,72.954,69.721,68.428,58.998,57.247,57.613,53.309,49.287,46.574,44.179,40.573
 55.2,0.089,0.000,12723.319,3123.629,2428.235,2106.206,1855.804,1641.580,1395.536,1265.563,1114.701,1013.545,905.078,809.635,733.167,666.566,629.509,570.178,513.864,476.507,445.458,398.335,365.050,342.139,315.060,287.710,258.946,249.852,233.032,216.325,200.437,186.195,174.127,163.983,159.538,145.679,142.754,131.982,120.341,120.717,104.992,100.201,94.072,89.629,90.919,86.642,78.841,79.049,70.061,67.315,63.324,61.728,55.791,56.393,51.428,48.218
 57.3,0.089,0.083,11738.505,3254.140,2540.704,2184.054,1922.388,1711.712,1485.199,1318.817,1210.826,1075.964,969.581,865.486,801.282,731.784,666.684,605.866,542.292,518.384,464.472,436.312,394.861,370.059,333.992,317.379,302.844,268.801,260.355,237.868,222.656,207.782,197.700,184.828,180.890,165.466,150.822,142.308,138.688,134.151,124.857,111.280,111.822,102.558,104.517,96.063,89.253,83.374,81.508,76.770,71.801,70.636,66.879,60.069,60.123,56.196
 59.4,0.232,0.000,9923.080,3291.843,2624.533,2301.219,2025.045,1804.055,1571.513,1415.653,1285.827,1145.062,1026.189,922.359,843.747,796.389,722.858,668.431,612.226,562.860,506.249,469.413,438.395,409.002,393.378,360.454,324.323,306.625,294.850,267.910,261.403,234.390,224.807,212.955,198.952,182.377,174.483,170.242,155.328,142.585,137.359,132.840,123.525,120.986,112.392,104.997,98.702,94.206,88.741,89.041,83.498,75.877,70.837,66.212,68.033,64.117
 61.5,0.076,0.129,7993.664,3335.577,2705.257,2412.196,2093.056,1876.789,1665.806,1504.285,1346.140,1216.783,1090.276,997.695,931.977,854.111,775.825,716.454,676.680,626.701,554.590,513.115,500.450,447.276,407.232,398.910,362.737,338.528,317.260,292.665,269.664,258.399,243.109,231.830,218.819,204.549,198.213,184.276,178.063,161.138,151.432,145.686,136.802,132.434,126.826,113.845,108.277,105.651,100.203,96.808,91.895,86.978,84.675,82.605,74.586,72.305
 63.8,0.161,0.089,6212.859,3434.360,2750.666,2446.817,2207.717,1971.798,1736.304,1559.214,1415.167,1279.295,1170.679,1068.062,994.988,906.357,825.826,753.083,709.044,652.297,600.555,557.362,531.359,493.319,456.050,426.351,399.203,368.238,348.057,332.893,303.725,282.841,269.410,257.602,240.465,221.602,211.735,195.198,197.803,176.993,170.616,170.644,154.421,144.911,138.764,128.264,121.640,122.395,113.306,106.417,99.720,98.629,91.880,86.319,85.540,81.312
 66.1,0.000,0.033,4502.876,3526.951,2884.389,2581.308,2263.726,2023.285,1824.752,1629.088,1507.439,1382.330,1237.544,1138.845,1063.631,949.123,894.423,821.827,764.029,697.262,648.908,604.114,577.724,536.459,495.585,466.329,432.388,401.533,383.060,364.234,326.818,308.645,293.191,283.718,262.571,249.252,237.248,221.693,207.747,193.531,195.544,183.972,171.937,160.872,147.378,143.588,136.376,133.730,129.015,120.375,109.423,108.735,104.185,101.806,95.078,88.546
 68.5,0.035,0.122,2935.615,3657.518,2955.696,2639.180,2396.482,2096.112,1902.269,1714.058,1564.481,1449.838,1317.670,1195.879,1148.112,1022.456,957.668,890.810,825.931,746.063,693.774,638.496,617.563,566.283,538.319,499.483,461.360,452.874,412.507,387.165,361.617,337.910,325.634,315.057,299.255,273.279,263.244,241.745,232.456,218.160,212.154,200.607,196.288,177.342,176.176,158.180,157.093,146.860,141.618,137.759,127.414,120.092,109.365,110.172,107.593,98.641
 71.0,0.172,0.019,1290.983,3615.604,2914.858,2589.583,2378.214,2099.840,1911.812,1721.770,1614.673,1459.293,1336.585,1233.468,1133.222,1065.180,966.168,904.092,828.715,754.388,707.874,668.500,636.289,583.230,550.952,528.488,481.646,462.786,428.102,397.899,366.617,352.213,345.730,317.572,300.565,287.728,272.528,251.192,239.367,226.889,218.552,215.593,200.642,182.974,179.717,172.654,157.744,150.658,154.353,137.777,130.245,122.731,115.040,111.137,104.982,101.493
 73.7,0.030,0.150,0.000,3622.948,3008.257,2659.558,2442.847,2183.371,1953.357,1769.687,1619.036,1511.053,1367.208,1258.219,1189.370,1079.448,1020.388,937.287,875.712,782.187,742.619,702.408,659.309,620.672,591.622,549.659,517.717,483.780,425.311,422.857,383.802,367.780,353.291,336.748,314.098,289.547,286.238,262.931,242.272,238.971,223.942,218.158,213.062,192.174,194.818,184.040,173.021,163.044,153.182,147.351,138.009,132.790,125.234,121.563,113.605,111.790
 76.4,0.070,0.060,0.000,3654.694,3061.836,2687.905,2478.456,2231.281,2025.336,1858.916,1701.510,1573.595,1423.016,1341.635,1224.878,1130.099,1077.520,991.514,959.476,826.704,803.319,725.453,698.903,648.447,624.913,584.113,534.271,503.927,478.357,448.362,406.505,397.118,383.725,353.640,338.425,307.744,303.503,281.570,266.714,250.101,242.137,240.413,217.922,206.259,202.891,194.240,188.815,180.787,170.083,159.871,152.532,142.905,136.483,130.849,119.545,118.282
 79.1,0.203,0.101,0.000,3778.684,3154.137,2800.995,2534.858,2294.854,2112.175,1959.970,1799.916,1613.186,1502.532,1402.820,1289.837,1216.124,1118.916,1031.592,999.462,892.797,844.920,786.152,736.916,689.362,650.201,619.181,571.855,536.951,500.119,476.770,445.302,417.960,411.716,382.359,359.417,346.275,322.354,307.805,281.781,277.555,265.346,256.055,236.150,233.140,215.267,201.191,198.173,185.910,180.804,169.707,162.612,153.527,146.846,146.574,134.638,128.204
 82.0,0.000,0.188,0.000,3864.526,3209.153,2848.171,2604.647,2364.937,2188.317,2002.105,1854.335,1691.710,1589.890,1464.508,1339.093,1260.382,1168.668,1086.102,1033.960,939.381,885.360,826.457,767.519,747.959,684.599,649.249,597.911,576.226,541.634,519.716,475.013,454.055,427.933,415.140,381.256,367.866,346.588,334.779,309.641,293.786,286.424,275.636,260.868,254.137,234.482,216.725,214.076,199.610,197.044,179.267,173.178,171.528,161.013,152.794,146.308,139.049
 85.1,0.097,0.059,0.000,3937.520,3248.536,2885.867,2674.862,2430.250,2228.487,2073.713,1893.584,1727.256,1586.732,1511.278,1402.750,1302.339,1221.302,1144.248,1099.699,1005.564,965.453,887.993,820.259,790.056,736.565,702.697,622.880,600.396,553.737,559.657,511.954,478.343,446.802,431.799,408.164,396.746,373.377,350.913,325.832,316.460,308.550,287.582,278.875,248.516,247.744,233.444,236.430,220.553,209.162,191.440,191.060,182.336,166.805,162.916,157.906,147.871
 88.2,0.019,0.091,1395.818,4048.480,3328.603,2913.563,2703.064,2504.588,2283.194,2111.403,1935.684,1789.354,1663.547,1573.178,1454.467,1382.294,1286.043,1193.069,1119.337,1052.069,991.563,935.128,873.763,816.275,740.766,735.274,676.363,638.768,598.751,591.509,544.246,505.751,484.287,461.725,444.525,408.590,398.161,372.334,342.370,342.911,323.061,312.928,296.626,274.089,278.287,249.222,237.240,239.754,221.735,213.441,202.089,193.822,192.309,179.459,165.020,156.058
 91.4,0.147,0.063,3235.609,4114.383,3316.494,2979.137,2788.782,2549.901,2353.184,2168.623,1996.582,1880.588,1718.194,1611.911,1494.746,1366.641,1300.912,1251.552,1168.525,1085.934,1029.989,982.967,900.006,863.393,782.937,763.953,706.764,682.469,643.341,631.961,566.179,525.481,511.267,479.649,456.727,441.059,416.898,395.800,373.499,364.375,355.836,331.795,311.211,291.614,292.085,266.466,256.669,242.675,236.639,226.180,213.037,201.710,187.574,181.049,181.730,171.818
 94.7,0.134,0.000,5126.075,4120.373,3380.833,3058.314,2799.209,2590.550,2395.547,2254.563,2055.364,1931.492,1760.942,1667.068,1546.006,1454.637,1353.110,1308.888,1203.582,1139.719,1082.309,1038.172,945.082,899.409,846.540,808.001,731.042,708.091,672.952,627.582,599.841,566.006,540.886,497.784,476.459,454.053,424.484,412.882,383.796,380.653,356.167,347.269,340.283,324.243,309.544,287.346,273.438,256.362,251.954,235.889,226.619,215.690,197.831,200.626,188.914,177.268
 98.2,0.000,0.088,6839.584,4174.500,3439.509,3076.954,2877.395,2690.036,2483.438,2303.638,2092.913,1987.120,1840.383,1758.993,1584.546,1502.070,1438.416,1333.616,1232.216,1189.902,1140.518,1073.120,965.654,937.216,872.397,832.123,793.734,733.582,714.323,667.927,631.226,591.507,568.949,541.868,504.560,475.823,465.031,437.273,406.595,416.112,377.435,369.502,352.715,334.079,321.173,295.231,289.794,280.998,262.233,254.331,236.792,235.594,210.403,209.970,201.432,187.489
101.8,0.057,0.054,8310.567,4233.845,3473.115,3182.977,2943.533,2707.630,2534.681,2320.816,2207.143,2051.761,1898.193,1802.237,1644.999,1524.279,1462.742,1403.909,1272.948,1223.820,1161.698,1095.478,1013.128,993.048,919.758,877.588,813.831,794.714,741.216,697.696,665.583,624.798,598.423,566.265,537.049,501.033,483.615,450.374,431.562,420.972,408.601,387.180,358.491,342.277,332.705,317.667,310.946,295.231,265.427,260.084,257.742,246.702,230.426,223.759,214.574,199.208
105.5,0.000,0.131,9881.561,4201.619,3507.863,3234.658,2991.436,2770.390,2594.166,2435.377,2236.939,2081.613,1933.889,1821.778,1723.575,1613.429,1522.246,1466.198,1322.329,1278.381,1208.498,1156.769,1064.299,1013.311,964.192,909.952,860.613,807.566,792.874,730.881,707.970,647.516,622.131,599.044,562.312,528.105,517.337,467.046,463.164,441.625,414.042,395.355,391.012,367.930,361.444,334.258,323.214,307.490,286.314,287.980,270.572,266.602,242.828,230.673,226.060,215.870
109.4,0.064,0.098,11319.952,4277.347,3524.457,3194.771,3006.323,2804.124,2602.300,2462.505,2280.518,2130.349,1996.919,1877.047,1765.179,1665.005,1534.272,1495.813,1348.277,1321.773,1237.933,1183.657,1085.459,1081.583,974.082,935.601,861.023,849.014,820.369,768.056,726.803,672.524,649.276,617.393,575.261,568.423,522.403,492.041,472.536,454.850,433.761,429.992,397.202,385.801,358.371,350.781,332.991,328.349,315.784,294.970,286.262,277.556,259.569,245.529,238.753,222.747
113.4,0.048,0.094,12573.639,4255.357,3545.937,3312.614,3090.766,2856.559,2694.703,2504.626,2343.269,2216.765,2067.889,1936.766,1791.103,1731.419,1598.204,1505.124,1403.010,1381.245,1279.463,1234.683,1133.576,1099.239,1035.590,973.572,908.716,884.057,838.781,805.817,756.097,691.708,671.771,640.761,611.060,579.959,566.111,520.929,508.071,486.002,461.835,433.325,430.660,401.843,390.842,359.788,344.959,343.484,323.273,316.221,297.145,281.082,279.610,260.685,265.187,241.252
117.6,0.000,0.098,13857.603,4243.690,3553.171,3292.115,3112.724,2946.193,2710.722,2544.632,2385.675,2258.990,2079.696,1962.655,1897.781,1751.318,1651.410,1581.904,1451.391,1371.149,1343.592,1256.768,1178.838,1135.154,1056.381,1007.011,948.274,890.016,877.628,823.209,768.967,739.406,703.120,675.226,639.631,601.492,571.606,549.356,517.404,513.215,492.359,456.919,441.710,418.448,407.023,379.548,356.715,357.750,319.562,324.388,310.143,307.953,289.284,273.180,258.754,243.727
121.9,0.000,0.062,14828.893,4329.758,3626.848,3364.121,3078.283,2967.421,2748.550,2555.069,2375.721,2291.175,2121.320,2031.366,1928.558,1841.841,1691.071,1596.181,1497.483,1430.607,1355.730,1274.992,1220.527,1161.590,1109.411,1035.738,980.961,927.192,902.902,838.548,808.088,771.892,736.435,676.095,650.877,629.880,595.080,565.647,554.965,531.660,502.368,485.955,464.751,424.243,420.310,414.007,371.069,377.453,355.355,335.222,322.344,315.347,294.478,283.774,274.155,256.332
126.3,0.103,0.067,15252.245,4375.386,3662.926,3402.657,3153.876,2950.687,2831.141,2614.943,2448.685,2336.619,2157.655,2067.628,1946.603,1844.897,1737.151,1642.672,1548.943,1473.122,1398.302,1316.869,1240.648,1182.690,1129.270,1083.957,1045.390,959.569,938.445,851.325,827.956,782.335,746.472,720.758,668.776,633.486,619.949,603.518,586.942,543.349,532.275,494.642,474.515,456.613,440.593,427.697,393.484,381.210,371.090,360.322,333.157,324.654,312.350,297.787,281.531,271.582
131.0,0.092,0.127,15084.031,4321.591,3721.608,3386.565,3254.903,2986.462,2831.760,2702.702,2489.519,2427.549,2191.468,2109.659,2012.062,1865.457,1766.781,1702.848,1588.632,1508.278,1427.780,1339.069,1295.110,1233.453,1173.727,1118.926,1049.016,1002.221,960.637,884.552,859.798,808.662,763.365,734.918,702.113,670.767,647.925,626.563,598.924,558.766,536.687,512.588,495.082,475.416,444.549,442.521,415.610,413.016,376.924,372.444,347.407,331.633,320.876,306.734,300.069,285.171
135.8,0.033,0.060,14787.575,4362.422,3705.258,3512.752,3211.107,3040.372,2854.338,2699.658,2518.977,2457.711,2252.937,2146.704,2034.289,1936.327,1809.665,1745.106,1619.534,1568.187,1475.436,1387.695,1317.792,1267.223,1200.623,1127.066,1062.641,1028.433,967.824,916.725,886.214,846.841,808.903,773.145,712.438,693.894,663.252,642.651,617.778,583.236,547.984,521.774,516.628,492.351,470.229,450.245,429.973,411.092,384.368,390.314,356.760,347.886,331.377,317.950,313.806,300.110
140.7,0.004,0.027,14292.858,4349.316,3763.054,3516.916,3305.883,3094.424,2927.306,2733.719,2566.896,2511.259,2375.306,2169.078,2061.689,1970.379,1877.468,1773.688,1684.722,1617.731,1507.149,1450.210,1362.147,1299.831,1224.914,1171.498,1123.756,1061.112,999.591,953.502,921.951,874.055,828.795,800.630,752.615,710.741,689.618,668.451,634.692,604.850,572.472,543.864,527.989,492.024,481.017,462.961,450.856,438.620,403.685,391.577,381.594,358.802,339.142,335.254,328.218,309.375
145.9,0.151,0.147,13665.803,4363.244,3800.333,3526.162,3306.982,3158.169,2942.434,2806.065,2604.712,2517.381,2386.022,2204.268,2095.330,1999.876,1893.993,1829.215,1723.734,1608.525,1551.257,1450.569,1402.561,1321.234,1268.173,1191.443,1152.868,1097.222,1024.120,979.781,938.011,881.247,849.646,818.598,769.173,724.321,704.273,681.933,664.013,618.929,587.643,563.510,552.379,515.307,508.171,483.434,457.017,446.621,435.085,409.335,393.836,366.977,356.823,339.405,334.169,317.295
151.2,0.106,0.058,12755.679,4325.202,3802.934,3570.909,3347.716,3173.772,2945.494,2789.621,2636.943,2482.445,2398.510,2232.368,2179.291,2067.235,1953.912,1822.773,1725.442,1639.648,1582.256,1503.947,1432.086,1326.079,1271.877,1214.347,1173.813,1098.586,1055.537,1015.490,954.575,895.835,859.015,828.911,806.376,761.671,719.777,698.320,681.878,637.004,609.576,576.977,561.179,537.554,515.757,490.272,462.180,455.884,437.157,417.313,400.351,385.507,366.634,347.912,343.003,324.333
156.8,0.024,0.067,11918.323,4293.987,3829.895,3590.011,3376.477,3130.940,2982.333,2794.202,2672.728,2547.510,2443.705,2292.820,2186.221,2110.782,1976.143,1875.324,1775.456,1657.803,1597.686,1530.283,1449.048,1372.998,1317.971,1243.337,1184.879,1105.713,1078.008,1018.032,973.837,933.452,880.460,858.916,815.449,769.254,752.075,716.599,686.781,652.610,626.015,588.162,579.090,555.887,527.506,501.607,478.575,475.358,449.201,437.368,406.952,389.558,371.484,353.638,353.848,340.053
162.5,0.012,0.063,10984.164,4300.855,3787.444,3565.221,3373.193,3176.487,2966.023,2838.279,2697.026,2551.305,2460.919,2298.355,2220.565,2092.405,1963.085,1914.531,1785.368,1694.008,1612.625,1536.627,1474.305,1373.365,1326.365,1245.701,1190.232,1163.835,1082.479,1039.500,983.023,961.080,897.584,867.945,833.306,769.967,769.645,733.770,687.693,654.547,642.324,605.927,582.602,561.316,529.172,506.944,486.726,481.393,454.273,438.923,412.052,393.060,387.526,375.454,356.355,343.031
168.5,0.000,0.034,10090.974,4275.615,3800.364,3580.112,3365.429,3194.421,3009.501,2876.262,2724.486,2560.308,2431.204,2314.934,2257.105,2111.735,2011.993,1923.741,1809.025,1726.775,1644.372,1560.052,1503.790,1397.479,1348.598,1278.470,1229.481,1177.483,1106.975,1059.643,999.281,983.010,914.739,877.758,849.891,804.996,756.680,752.782,692.581,678.910,662.617,620.437,587.984,569.879,554.793,520.435,504.568,484.954,459.168,445.825,427.719,403.683,385.647,382.543,359.010,342.270
174.7,0.111,0.070,9360.374,4247.607,3815.774,3597.416,3353.625,3206.666,2967.795,2886.782,2719.940,2551.075,2445.884,2345.173,2271.574,2152.589,2001.389,1920.540,1868.822,1721.487,1659.995,1568.183,1505.634,1429.016,1344.987,1309.564,1277.296,1168.286,1127.327,1079.663,1029.401,988.893,938.962,886.348,847.078,804.625,793.141,744.668,707.498,685.681,660.169,629.480,601.015,575.886,565.025,538.511,513.182,492.327,477.383,453.031,444.849,417.403,400.211,381.839,364.042,350.891
181.1,0.034,0.039,8577.026,4147.247,3724.271,3515.553,3319.245,3192.158,2979.428,2819.980,2725.851,2551.961,2469.433,2346.020,2226.510,2134.130,2022.265,1918.470,1859.738,1757.454,1649.560,1577.628,1497.716,1468.168,1356.244,1317.817,1242.687,1207.665,1129.995,1083.813,1024.800,977.949,942.575,884.243,853.159,828.116,789.178,762.482,717.654,693.784,659.884,638.251,603.336,583.418,559.528,532.031,518.174,500.156,489.233,457.552,439.698,424.812,404.737,392.466,369.960,355.962
187.7,0.108,0.034,7801.300,4097.942,3747.664,3454.223,3322.465,3168.826,2963.725,2842.477,2716.993,2539.690,2445.896,2353.408,2233.088,2127.843,2039.800,1920.921,1845.443,1734.976,1675.093,1608.042,1525.012,1439.617,1373.584,1322.419,1236.618,1214.921,1147.163,1085.679,1030.094,991.121,937.497,901.525,858.114,813.388,788.282,761.911,714.771,707.244,667.257,636.025,612.061,597.931,558.989,543.954,530.662,498.444,480.805,464.289,451.428,431.547,416.984,396.432,378.180,369.541
194.6,0.021,0.000,7105.746,3951.196,3698.112,3442.107,3288.295,3106.663,2935.407,2796.015,2673.031,2512.134,2439.540,2307.801,2231.523,2095.670,1990.007,1895.529,1814.101,1739.121,1672.252,1589.371,1510.968,1437.403,1360.991,1316.467,1228.953,1173.386,1129.629,1078.924,1029.103,983.803,920.555,884.997,856.640,824.964,780.973,754.803,707.493,703.202,663.058,639.128,610.641,584.397,562.762,539.673,515.458,508.112,485.759,467.037,445.933,422.254,409.814,388.739,374.253,364.006
201.7,0.034,0.066,6342.517,3866.566,3584.637,3409.873,3246.063,3058.163,2887.284,2778.763,2655.722,2497.949,2414.025,2280.431,2185.488,2106.695,1957.866,1871.453,1823.198,1710.212,1628.002,1579.632,1493.560,1415.581,1358.778,1291.980,1232.117,1172.713,1135.074,1068.148,1012.556,968.521,923.731,882.987,830.921,794.643,776.021,766.586,727.410,687.700,670.600,631.079,606.845,588.298,560.749,534.954,515.160,488.395,481.048,461.870,440.291,427.460,400.637,388.922,371.743,360.128
209.1,0.087,0.040,5592.375,3779.231,3538.795,3313.676,3186.807,3013.107,2848.276,2729.201,2590.862,2434.763,2376.677,2270.432,2120.908,2056.959,1939.114,1839.551,1774.996,1675.238,1621.448,1542.186,1473.255,1408.132,1323.519,1299.307,1231.908,1182.044,1112.309,1034.005,1007.785,955.406,916.306,882.563,832.108,801.750,771.884,747.506,718.057,680.263,653.574,631.186,615.577,573.761,558.250,536.425,527.699,492.216,473.632,448.967,439.113,415.893,404.002,387.848,373.374,343.759
216.7,0.131,0.040,4799.657,3674.095,3447.673,3208.890,3082.193,2934.717,2775.142,2634.332,2520.270,2374.995,2299.595,2219.891,2098.024,2023.503,1939.109,1822.046,1713.466,1645.950,1576.579,1501.567,1459.033,1357.398,1300.064,1256.687,1208.777,1150.028,1092.417,1027.851,1004.288,934.925,887.717,860.036,819.925,779.256,757.121,720.584,699.742,668.005,640.290,625.525,593.337,570.954,546.037,512.677,509.943,476.357,471.979,456.542,437.203,417.718,394.748,379.103,357.334,355.844
224.7,0.000,0.000,4237.978,3538.155,3289.661,3133.923,2985.763,2810.989,2655.630,2542.113,2451.979,2315.072,2232.291,2140.394,2062.519,1957.043,1864.033,1753.248,1675.418,1608.938,1548.306,1459.533,1406.165,1351.095,1266.033,1212.423,1163.782,1120.710,1063.391,1005.324,967.676,916.810,879.309,817.555,785.221,769.036,727.630,703.617,677.284,663.812,621.695,603.805,579.086,554.676,532.106,509.627,492.636,469.683,448.647,435.195,420.245,410.348,386.300,371.873,346.085,338.957
232.9,0.000,0.000,3877.708,3394.337,3170.631,2982.362,2839.923,2716.320,2590.329,2483.898,2370.938,2209.840,2134.574,2045.128,1986.048,1887.611,1805.786,1719.116,1636.580,1559.941,1472.815,1403.818,1349.600,1304.892,1221.084,1170.393,1123.973,1060.120,1031.045,957.624,918.231,878.728,840.947,802.300,745.426,731.983,692.135,686.873,649.030,628.890,599.650,581.811,545.312,533.182,514.570,501.550,478.190,460.102,439.911,422.709,414.173,398.926,371.937,360.139,350.465,330.942
241.4,0.031,0.042,3610.541,3291.435,3057.513,2820.053,2753.341,2595.551,2468.763,2400.787,2272.558,2167.119,2081.573,1993.300,1897.775,1789.173,1730.788,1643.319,1556.592,1516.079,1428.039,1367.260,1312.695,1245.254,1180.819,1127.872,1082.576,1041.211,996.676,942.923,897.735,853.590,815.613,765.551,724.811,706.750,692.316,659.663,643.369,605.263,589.304,565.315,536.369,521.399,500.417,474.648,460.318,443.459,433.872,409.370,396.557,385.564,355.565,339.440,332.161,317.897
250.3,0.025,0.000,3369.540,3137.314,2881.879,2682.545,2595.635,2459.954,2339.650,2240.296,2141.008,2032.249,1963.246,1863.765,1799.469,1702.485,1637.397,1567.733,1492.901,1423.463,1361.524,1290.831,1240.866,1207.727,1119.330,1070.620,1043.536,987.976,943.361,889.408,847.250,806.881,782.743,737.097,699.575,672.432,645.746,622.853,598.672,575.303,557.077,538.211,523.004,497.835,468.144,460.109,436.293,411.759,400.085,393.105,373.964,359.268,338.986,330.863,319.715,293.938
259.5,0.017,0.042,3188.511,2947.038,2687.272,2546.915,2439.042,2314.117,2217.803,2084.024,2001.717,1913.815,1840.188,1777.097,1694.830,1600.449,1554.876,1453.063,1396.963,1311.171,1262.492,1214.825,1176.455,1137.749,1054.719,1020.017,976.806,908.501,891.660,849.824,793.272,749.661,726.769,686.044,653.835,635.557,596.724,589.724,569.893,538.032,521.097,507.474,478.226,458.872,441.666,426.512,414.458,395.561,384.323,372.674,362.821,336.772,320.661,306.419,291.053,284.748
269.0,0.045,0.000,3020.973,2772.589,2545.614,2385.281,2280.622,2160.311,2078.500,1964.738,1862.811,1799.718,1753.853,1630.644,1585.641,1500.303,1430.576,1365.678,1303.540,1242.489,1184.107,1154.447,1092.704,1062.496,995.495,953.931,910.089,875.939,830.878,774.931,745.247,687.294,682.455,635.879,606.457,587.460,568.238,544.393,524.833,512.713,482.658,468.884,456.204,431.296,415.861,402.980,387.339,368.886,362.936,348.361,334.423,317.796,306.531,291.012,279.066,264.205
278.8,0.000,0.000,2799.289,2551.498,2302.193,2175.200,2086.456,2004.051,1896.807,1823.648,1707.099,1650.342,1604.422,1511.778,1457.239,1380.093,1332.462,1262.067,1204.523,1144.488,1097.555,1052.370,996.271,963.981,930.606,875.288,827.799,805.775,756.871,713.298,670.131,643.176,615.066,594.501,566.388,544.498,515.117,499.379,486.302,459.589,451.581,431.143,419.189,392.945,381.974,360.892,348.134,340.695,328.283,308.213,296.152,287.530,285.000,265.597,260.699,245.457
289.0,0.000,0.000,2632.563,2316.833,2112.291,1999.147,1919.407,1830.892,1738.391,1661.021,1578.910,1513.479,1435.972,1382.762,1338.567,1270.226,1219.688,1153.381,1088.920,1034.994,1012.582,955.083,918.738,864.740,846.023,792.672,767.099,714.105,693.425,650.821,628.970,596.186,571.730,530.086,513.555,491.064,468.073,453.436,442.230,419.857,404.296,392.504,378.261,355.621,350.229,334.944,323.649,307.357,301.160,285.207,280.054,269.578,254.084,236.128,236.124,224.349
299.6,0.000,0.000,2384.544,2097.842,1925.879,1820.757,1731.755,1649.412,1572.400,1510.696,1431.726,1378.879,1321.892,1255.574,1208.886,1147.908,1101.876,1066.546,980.947,959.599,920.574,864.931,856.535,796.821,756.144,726.902,702.346,651.137,621.350,593.981,568.684,536.609,511.080,482.436,459.386,446.330,415.028,419.409,401.681,379.350,371.802,361.705,342.287,324.489,322.856,302.610,291.307,283.172,277.121,261.473,247.724,234.529,228.713,223.150,211.458,202.433
310.6,0.000,0.045,2132.029,1880.204,1712.819,1612.916,1548.237,1473.639,1408.887,1359.170,1284.335,1235.443,1173.979,1129.812,1085.856,1031.933,983.018,942.524,884.101,861.516,804.294,767.630,734.259,709.496,676.792,645.427,615.943,589.392,553.649,526.271,506.727,473.232,450.403,429.036,408.782,400.898,371.840,373.986,353.672,340.390,327.581,313.367,301.516,296.422,275.297,263.566,259.679,245.757,239.559,233.838,219.884,208.714,203.639,197.599,189.776,176.649
322.0,0.000,0.046,1890.801,1675.675,1542.375,1437.576,1365.450,1309.318,1251.432,1191.519,1158.441,1075.692,1013.529,994.602,949.346,899.094,858.989,839.462,760.399,741.992,727.370,671.640,658.976,632.866,601.024,571.534,542.509,525.988,485.628,455.809,445.809,410.445,402.871,376.066,353.541,342.462,326.677,331.217,315.460,299.047,287.096,278.774,264.270,252.629,248.533,235.605,223.955,221.267,217.042,200.523,195.095,190.687,174.678,174.627,162.994,157.394
333.8,0.000,0.000,1717.760,1473.556,1347.693,1281.749,1204.777,1147.942,1105.632,1055.758,1005.450,960.664,892.828,873.973,847.436,780.957,754.957,731.303,669.911,651.290,618.924,581.330,575.121,549.585,520.105,487.431,469.945,451.640,426.397,404.984,380.307,367.390,342.986,331.753,308.644,308.786,286.587,280.698,273.986,260.723,247.001,241.758,223.402,221.882,215.075,205.173,197.870,187.931,182.364,176.946,171.089,165.115,154.092,150.334,143.562,137.927
346.0,0.095,0.000,1525.687,1272.444,1150.686,1093.519,1044.483,987.897,965.769,900.177,857.999,835.428,785.108,735.773,719.995,683.733,647.606,621.219,587.809,567.977,528.105,506.380,483.933,470.237,449.139,423.392,401.193,378.168,354.969,346.034,322.054,300.256,294.100,277.003,251.859,254.482,242.572,244.052,226.018,214.232,208.673,201.803,191.707,185.243,181.594,171.329,165.681,161.098,158.253,151.905,140.770,140.119,132.831,125.069,122.352,114.540
358.7,0.020,0.000,1348.128,1078.058,987.678,943.339,898.085,844.426,817.009,776.607,730.626,713.267,671.056,629.704,610.142,575.538,540.535,526.058,494.095,479.442,450.586,418.691,418.992,396.576,384.984,351.096,339.791,318.652,302.010,288.912,274.690,246.200,241.237,237.988,219.779,212.876,208.155,204.249,192.269,181.598,169.883,168.917,156.898,153.289,149.172,143.015,139.859,133.264,127.565,125.646,114.930,115.881,112.712,109.676,104.133,101.804
371.8,0.000,0.049,1143.052,919.980,834.172,795.195,750.937,729.606,682.841,660.111,620.758,600.426,570.455,539.260,511.292,493.351,457.262,445.353,410.707,408.956,381.296,364.697,341.374,330.354,326.974,302.364,275.237,274.899,251.880,234.738,226.069,205.869,202.335,192.240,174.690,176.736,168.132,163.671,162.007,150.031,143.626,138.079,132.567,132.389,125.700,121.439,117.864,110.042,108.519,102.255,95.783,96.678,88.023,86.011,85.949,80.804
385.4,0.000,0.000,993.920,781.177,709.482,666.096,629.537,627.190,575.491,555.304,519.743,505.992,472.038,447.858,429.604,406.574,390.607,369.986,339.370,334.975,304.938,296.211,288.905,270.506,265.036,241.124,232.168,217.485,201.176,194.262,183.406,171.161,166.675,157.122,145.087,147.374,142.428,132.186,129.193,128.161,117.337,115.943,113.527,103.072,100.161,92.673,92.188,84.348,88.986,83.502,77.513,79.451,77.234,67.935,63.952,65.123
399.5,0.000,0.000,845.355,640.138,582.553,561.474,514.100,504.013,459.709,447.615,431.306,405.427,389.203,355.225,349.773,328.663,310.289,307.298,281.614,267.237,249.108,242.142,228.470,220.709,211.533,189.849,182.715,174.570,162.138,159.836,142.797,135.845,131.792,122.729,116.526,117.390,107.749,108.030,108.976,101.364,97.159,91.505,90.650,81.674,79.412,75.469,75.840,72.428,66.129,68.788,61.787,64.319,58.681,58.526,52.531,54.376
414.2,0.000,0.000,716.482,520.242,473.336,462.868,430.845,415.743,396.755,376.830,353.247,338.361,314.197,303.006,282.442,268.776,249.191,239.050,224.585,215.921,197.946,196.572,180.078,168.583,162.563,153.293,144.282,135.113,130.591,122.021,119.676,106.649,105.733,99.544,92.429,89.738,88.598,81.902,80.036,78.458,73.045,67.391,68.905,63.699,65.395,57.644,58.713,57.021,55.320,54.481,49.886,49.706,45.237,44.169,42.571,43.490
429.4,0.000,0.000,618.879,426.364,389.143,375.329,356.033,333.762,316.761,305.678,281.495,269.474,257.667,232.963,223.617,220.343,207.169,195.111,177.936,174.698,162.903,151.154,149.020,135.525,133.930,122.520,118.965,109.024,104.114,95.840,93.807,83.914,79.601,76.127,75.680,71.373,69.593,64.843,62.128,60.425,59.822,55.810,55.532,50.102,47.344,48.260,45.468,43.238,44.022,44.284,34.060,35.724,36.459,33.420,34.135,31.753
445.1,0.000,0.000,493.146,344.327,310.362,297.696,282.738,254.617,252.817,235.994,219.640,211.550,196.029,190.792,180.204,163.124,157.090,153.562,137.738,135.836,125.319,121.190,109.496,103.390,100.168,95.339,91.601,85.040,78.294,74.749,66.203,64.528,61.149,58.695,53.172,53.569,54.853,50.819,51.167,47.674,47.384,43.339,39.682,38.730,38.798,37.250,34.964,33.357,34.717,32.276,30.547,30.092,28.919,26.101,24.026,26.346
461.4,0.000,0.000,397.657,278.593,257.829,237.748,226.969,199.239,203.176,186.355,173.977,169.178,154.327,150.657,142.572,130.619,122.140,118.730,102.986,106.054,98.500,90.836,90.873,79.029,77.942,71.910,70.307,65.734,60.128,58.258,56.070,46.949,44.084,43.659,38.895,40.557,39.652,39.817,35.563,34.525,34.039,31.631,27.837,28.924,28.776,24.867,27.183,24.136,25.564,24.445,21.219,21.090,20.479,21.205,18.940,18.614
478.3,0.000,0.000,315.663,226.020,201.621,195.200,176.093,159.353,154.202,145.588,136.977,134.733,126.014,117.196,110.297,101.288,98.019,93.050,80.651,77.123,70.099,69.393,68.900,62.904,61.664,54.368,52.441,45.626,45.366,43.580,42.073,36.522,32.527,35.922,31.369,29.841,28.226,29.574,26.935,25.556,25.301,25.300,24.264,21.377,21.470,23.340,20.647,18.878,18.004,18.193,17.930,15.226,15.531,15.461,15.935,14.149
495.8,0.056,0.000,249.605,179.298,159.342,146.717,138.867,124.486,119.245,116.237,105.721,96.114,92.117,86.046,83.423,77.796,68.242,68.518,61.315,61.999,52.423,50.559,49.208,46.301,46.457,41.601,37.612,36.908,32.350,33.862,30.352,25.895,26.334,24.011,24.718,24.305,22.013,20.173,20.990,20.752,18.889,16.734,15.356,16.305,13.495,15.647,14.965,13.781,14.697,13.614,11.449,11.809,11.209,10.106,10.717,10.405
514.0,0.057,0.000,199.480,137.606,125.149,119.136,105.386,95.177,91.333,88.799,82.371,74.626,72.879,68.229,63.587,58.726,53.871,50.883,45.329,46.413,41.735,40.283,39.891,39.501,35.370,31.713,32.319,26.469,26.433,23.658,20.534,22.208,20.365,17.478,16.880,14.703,16.621,14.817,15.478,15.225,12.512,12.980,13.692,11.234,12.139,12.406,10.143,10.804,9.964,9.543,9.657,9.464,7.947,8.009,7.036,7.155
532.8,0.116,0.000,159.991,103.078,103.074,91.467,82.206,74.627,68.978,71.076,62.743,57.745,54.029,50.607,47.072,45.745,42.915,37.530,33.977,33.828,31.480,29.952,28.878,25.207,25.053,22.609,22.538,19.319,19.906,17.475,17.994,13.514,13.747,13.377,12.531,12.182,11.312,11.915,11.941,11.974,10.557,9.901,9.944,8.911,8.081,7.762,7.310,8.171,7.309,7.632,7.717,6.475,5.327,5.759,6.017,6.237
552.3,0.000,0.000,124.727,79.693,72.474,72.025,63.580,55.904,54.728,50.842,47.720,40.403,41.901,40.286,37.104,33.971,31.973,28.008,29.208,24.590,24.038,20.284,21.496,19.829,19.687,16.652,17.172,15.016,14.053,11.774,11.256,12.599,8.736,8.766,7.938,8.846,8.952,8.374,9.543,7.578,7.215,7.224,6.847,6.322,6.146,5.872,5.670,5.306,5.894,5.118,4.883,5.275,5.048,3.681,4.059,4.706
572.5,0.060,0.000,94.707,57.923,56.897,53.831,48.982,40.494,40.221,41.916,36.053,31.832,32.741,30.497,26.125,26.436,24.317,24.136,19.796,19.659,17.316,15.537,15.525,14.488,14.146,13.533,12.115,11.310,11.269,9.634,8.912,8.040,7.216,7.553,6.056,6.884,6.222,5.182,5.538,6.407,5.335,4.416,5.529,3.703,3.616,4.089,4.594,4.416,4.266,3.455,4.063,2.907,2.641,3.618,2.916,2.445
593.5,0.000,0.000,72.719,44.243,42.894,40.259,37.320,33.091,29.328,29.734,26.482,24.991,21.828,22.009,21.702,17.203,18.273,18.724,13.970,13.989,13.094,12.166,12.784,10.429,10.080,10.099,7.718,8.711,7.256,5.852,6.929,7.044,4.879,5.125,4.839,4.374,5.433,4.278,4.881,3.960,3.612,3.537,4.086,3.974,3.030,3.081,2.462,2.959,2.834,2.888,2.548,2.132,2.327,3.103,2.134,1.982
615.3,0.000,0.000,51.916,37.609,33.516,28.157,24.573,26.338,21.690,21.921,22.356,16.955,18.084,15.551,16.553,14.448,14.150,13.042,12.033,11.040,9.814,9.216,9.220,7.379,8.173,7.591,6.320,6.274,5.590,6.059,4.650,4.663,4.139,3.599,3.689,3.909,2.871,3.415,3.468,3.279,3.221,2.223,2.882,3.456,3.076,2.364,2.143,2.365,1.656,1.373,1.705,2.222,1.662,1.249,2.035,1.324
637.8,0.160,0.000,38.901,27.204,24.380,24.370,19.784,18.568,18.282,16.128,15.542,12.469,12.349,12.201,10.696,9.981,11.230,9.043,9.046,8.573,7.947,7.697,5.682,6.719,6.961,5.745,5.321,5.233,3.929,3.781,4.130,3.363,3.408,2.450,2.332,2.737,2.325,2.287,2.292,2.161,2.090,2.461,1.414,1.247,2.170,1.638,1.219,1.968,1.271,1.797,1.264,1.701,1.155,1.011,1.024,0.943
661.2,0.095,0.000,29.395,18.015,19.729,16.620,16.034,14.207,13.160,11.835,10.923,10.004,10.300,8.874,8.966,7.366,8.684,7.509,6.281,5.686,6.205,5.173,4.590,4.218,4.833,3.299,3.900,4.022,2.665,2.959,3.183,2.908,2.032,1.902,1.679,1.391,2.243,2.239,1.724,1.819,1.065,1.188,1.739,1.060,1.593,1.440,0.743,0.706,1.107,1.289,1.089,1.367,0.889,0.953,0.828,0.898
685.4,0.000,0.000,20.449,15.955,15.858,12.496,12.121,10.470,9.362,9.981,7.431,8.093,8.828,7.782,7.206,7.402,5.039,4.974,4.894,4.442,4.443,3.965,3.373,3.364,3.973,3.485,3.222,3.150,2.805,2.756,3.390,1.648,1.420,1.417,1.672,1.477,1.859,2.121,1.223,0.829,1.083,1.016,0.898,1.330,0.820,0.694,0.944,1.266,0.938,0.746,0.509,0.755,0.797,0.811,0.319,0.852
710.5,0.067,0.000,16.881,13.109,11.789,9.008,9.421,8.272,7.791,8.056,5.567,5.848,7.394,5.252,4.609,4.695,4.534,3.666,4.075,4.290,3.204,3.592,3.079,2.803,1.727,2.206,1.734,3.171,1.923,1.589,0.925,1.238,0.525,1.441,1.177,0.914,1.564,0.911,0.000,0.000,0.000,0.000,0.000,0.000,0.000,0.000,0.000,0.000,0.000,0.000,0.000,0.000,0.000,0.000,0.000,0.000
736.5,0.000,0.000,0.000,0.000,0.000,0.000,0.000,0.000,0.000,0.000,0.000,0.000,0.000,0.000,0.000,0.000,0.000,0.000,0.000,0.000,0.000,0.000,0.000,0.000,0.000,0.000,0.000,0.000,0.000,0.000,0.000,0.000,0.000,0.000,0.000,0.000,0.000,0.000,0.000,0.000,0.000,0.000,0.000,0.000,0.000,0.000,0.000,0.000,0.000,0.000,0.000,0.000,0.000,0.000,0.000,0.000
Scan Time (s),155,155,155,155,155,155,155,155,155,155,155,155,155,155,155,155,155,155,155,155,155,155,155,155,155,155,155,155,155,155,155,155,155,155,155,155,155,155,155,155,155,155,155,155,155,155,155,155,155,155,155,155,155,155,155,155
Retrace Time (s),4,4,4,4,4,4,4,4,4,4,4,4,4,4,4,4,4,4,4,4,4,4,4,4,4,4,4,4,4,4,4,4,4,4,4,4,4,4,4,4,4,4,4,4,4,4,4,4,4,4,4,4,4,4,4,4
Scan Resolution (Hz),50,50,50,50,50,50,50,50,50,50,50,50,50,50,50,50,50,50,50,50,50,50,50,50,50,50,50,50,50,50,50,50,50,50,50,50,50,50,50,50,50,50,50,50,50,50,50,50,50,50,50,50,50,50,50,50
Scans Per Sample,1,1,1,1,1,1,1,1,1,1,1,1,1,1,1,1,1,1,1,1,1,1,1,1,1,1,1,1,1,1,1,1,1,1,1,1,1,1,1,1,1,1,1,1,1,1,1,1,1,1,1,1,1,1,1,1
Sheath Flow (L/min),3.000,3.000,3.000,3.000,3.000,3.000,3.000,3.000,3.000,3.000,3.000,3.000,3.000,3.000,3.000,3.000,3.000,3.000,3.000,3.000,3.000,3.000,3.000,3.000,3.000,3.000,3.000,3.000,3.000,3.000,3.000,3.000,3.000,3.000,3.000,3.000,3.000,3.000,3.000,3.000,3.000,3.000,3.000,3.000,3.000,3.000,3.000,3.000,3.000,3.000,3.000,3.000,3.000,3.000,3.000,3.000
Aerosol Flow (L/min),1.04,1.04,1.04,1.04,1.04,1.04,1.04,1.04,1.04,1.04,1.04,1.04,1.04,1.04,1.03,1.03,1.03,1.03,1.03,1.03,1.03,1.04,1.04,1.03,1.04,1.04,1.04,1.04,1.05,1.05,1.05,1.05,1.06,1.06,1.06,1.06,1.06,1.07,1.07,1.07,1.07,1.07,1.08,1.08,1.08,1.08,1.08,1.09,1.09,1.09,1.10,1.10,1.11,1.11,1.12,1.12
Bypass Flow (L/min),0.00,0.00,0.00,0.00,0.00,0.00,0.00,0.00,0.00,0.00,0.00,0.00,0.00,0.00,0.00,0.00,0.00,0.00,0.00,0.00,0.00,0.00,0.00,0.00,0.00,0.00,0.00,0.00,0.00,0.00,0.00,0.00,0.00,0.00,0.00,0.00,0.00,0.00,0.00,0.00,0.00,0.00,0.00,0.00,0.00,0.00,0.00,0.00,0.00,0.00,0.00,0.00,0.00,0.00,0.00,0.00
Low Voltage (V),10.34,10.33,10.33,10.36,10.35,10.35,10.35,10.35,10.35,10.35,10.35,10.35,10.35,10.34,10.36,10.34,10.34,10.34,10.34,10.34,10.34,10.34,10.34,10.34,10.34,10.34,10.34,10.34,10.34,10.35,10.35,10.35,10.35,10.35,10.35,10.35,10.35,10.34,10.34,10.34,10.35,10.34,10.34,10.34,10.34,10.34,10.35,10.35,10.35,10.35,10.35,10.35,10.34,10.34,10.35,10.35
High Voltage (V),9644.22,9646.25,9647.97,9654.04,9655.75,9657.79,9657.79,9659.82,9661.54,9661.54,9662.60,9662.60,9664.64,9666.67,9669.66,9669.35,9669.67,9669.67,9669.67,9669.35,9669.35,9669.35,9669.03,9669.03,9669.35,9668.70,9668.38,9667.73,9667.09,9665.80,9665.16,9664.20,9663.24,9662.28,9661.64,9661.00,9660.68,9657.70,9657.06,9656.42,9658.14,9655.47,9654.52,9654.20,9653.57,9653.26,9652.31,9651.36,9650.42,9649.16,9648.53,9647.28,9643.68,9642.12,9638.87,9637.32
Lower Size (nm), 15.4, 15.4, 15.4, 15.4, 15.4, 15.4, 15.4, 15.4, 15.4, 15.4, 15.4, 15.4, 15.4, 15.4, 15.4, 15.4, 15.4, 15.4, 15.4, 15.4, 15.4, 15.4, 15.4, 15.4, 15.4, 15.4, 15.4, 15.4, 15.4, 15.4, 15.4, 15.4, 15.4, 15.4, 15.4, 15.4, 15.4, 15.4, 15.4, 15.4, 15.4, 15.4, 15.4, 15.4, 15.4, 15.4, 15.4, 15.4, 15.4, 15.4, 15.4, 15.4, 15.4, 15.4, 15.4, 15.4
Upper Size (nm),749.9,749.9,749.9,749.9,749.9,749.9,749.9,749.9,749.9,749.9,749.9,749.9,749.9,749.9,749.9,749.9,749.9,749.9,749.9,749.9,749.9,749.9,749.9,749.9,749.9,749.9,749.9,749.9,749.9,749.9,749.9,749.9,749.9,749.9,749.9,749.9,749.9,749.9,749.9,749.9,749.9,749.9,749.9,749.9,749.9,749.9,749.9,749.9,749.9,749.9,749.9,749.9,749.9,749.9,749.9,749.9
Density (g/cm),1.0,1.0,1.0,1.0,1.0,1.0,1.0,1.0,1.0,1.0,1.0,1.0,1.0,1.0,1.0,1.0,1.0,1.0,1.0,1.0,1.0,1.0,1.0,1.0,1.0,1.0,1.0,1.0,1.0,1.0,1.0,1.0,1.0,1.0,1.0,1.0,1.0,1.0,1.0,1.0,1.0,1.0,1.0,1.0,1.0,1.0,1.0,1.0,1.0,1.0,1.0,1.0,1.0,1.0,1.0,1.0
td + 0.5 (s),1.53,1.53,1.53,1.53,1.53,1.53,1.53,1.53,1.53,1.53,1.53,1.53,1.53,1.53,1.53,1.53,1.53,1.53,1.53,1.53,1.53,1.53,1.53,1.53,1.53,1.53,1.53,1.53,1.53,1.53,1.53,1.53,1.53,1.53,1.53,1.53,1.53,1.53,1.53,1.53,1.53,1.53,1.53,1.53,1.53,1.53,1.53,1.53,1.53,1.53,1.53,1.53,1.53,1.53,1.53,1.53
tf (s),6.14,6.14,6.14,6.14,6.14,6.14,6.15,6.15,6.15,6.14,6.14,6.14,6.15,6.15,6.15,6.15,6.15,6.15,6.15,6.15,6.15,6.15,6.15,6.15,6.15,6.15,6.14,6.14,6.13,6.13,6.13,6.12,6.12,6.11,6.11,6.11,6.11,6.10,6.10,6.10,6.10,6.09,6.09,6.09,6.09,6.08,6.08,6.07,6.07,6.06,6.06,6.05,6.04,6.04,6.03,6.02
D50 (nm),707.7,707.8,707.4,707.7,708.2,708.2,708.6,708.7,708.8,708.0,708.1,708.4,708.9,709.7,710.2,710.6,710.6,710.6,710.2,710.2,710.2,709.8,709.8,710.2,709.4,709.0,708.3,707.5,706.0,705.2,704.1,702.9,701.8,701.1,700.3,700.0,699.2,698.4,697.6,696.9,696.6,695.4,695.1,694.3,694.0,692.9,691.8,690.7,689.3,688.6,687.2,685.8,683.9,682.1,680.4,679.0
Median (nm),62.061,67.147,111.372,99.510,111.072,117.623,122.844,127.241,130.987,134.442,137.315,139.306,142.544,144.143,146.254,147.713,149.012,150.016,151.324,152.426,153.401,154.318,155.765,156.052,156.966,157.468,158.687,159.039,159.184,159.322,160.084,160.593,160.585,160.639,160.921,162.007,162.073,163.404,163.444,163.802,164.139,164.649,164.456,165.311,165.264,165.872,166.591,165.680,167.321,167.076,167.742,167.861,168.049,168.049,167.624,168.318
Mean (nm),131.926,85.173,117.224,123.040,132.861,138.084,142.420,146.032,149.329,152.193,154.389,156.304,158.561,160.115,161.678,162.846,164.018,165.118,165.657,167.072,167.738,168.441,169.630,169.988,170.973,171.033,172.075,172.163,172.376,172.430,173.172,173.094,173.259,173.469,173.390,174.516,174.607,175.754,176.194,176.104,176.334,176.684,176.854,177.326,177.398,177.988,178.292,178.001,179.182,179.256,179.240,179.685,179.822,179.854,179.886,180.360
Geo. Mean (nm),75.050,63.630,95.592,92.499,103.071,109.187,114.428,118.849,122.748,126.167,128.878,131.231,133.861,135.838,137.637,139.200,140.569,141.928,142.793,144.314,145.371,146.222,147.447,147.978,149.048,149.408,150.568,150.754,151.221,151.312,152.263,152.414,152.558,152.946,152.972,153.990,154.201,155.408,155.797,155.786,156.104,156.448,156.697,157.246,157.313,158.030,158.214,158.047,159.161,159.306,159.460,159.797,159.995,160.109,160.240,160.619
Mode (nm),18.106,15.679,46.138,126.346,156.788,174.658,156.788,174.658,168.485,174.658,181.056,168.485,181.056,187.688,174.658,174.658,187.688,168.485,174.658,181.056,187.688,187.688,187.688,181.056,187.688,187.688,174.658,187.688,187.688,187.688,187.688,187.688,181.056,187.688,187.688,181.056,174.658,201.691,201.691,187.688,201.691,194.564,209.080,187.688,174.658,187.688,187.688,194.564,181.056,194.564,187.688,187.688,187.688,187.688,187.688,187.688
Geo. Std. Dev.,2.719,2.182,1.903,2.213,2.121,2.060,2.007,1.964,1.930,1.900,1.876,1.856,1.838,1.820,1.808,1.793,1.784,1.773,1.764,1.756,1.744,1.738,1.734,1.729,1.723,1.716,1.711,1.708,1.701,1.700,1.693,1.688,1.688,1.682,1.681,1.680,1.677,1.673,1.673,1.672,1.669,1.668,1.666,1.664,1.662,1.658,1.661,1.658,1.657,1.655,1.652,1.652,1.652,1.648,1.646,1.647
Total Conc. (#/cm),6.307574e+000,5.287998e+000,5.082266e+005,2.622959e+005,2.112042e+005,1.874315e+005,1.700074e+005,1.551727e+005,1.420821e+005,1.316193e+005,1.220167e+005,1.138581e+005,1.062682e+005,9.954141e+004,9.387410e+004,8.806173e+004,8.275034e+004,7.815056e+004,7.330334e+004,6.920241e+004,6.547191e+004,6.190288e+004,5.863115e+004,5.569749e+004,5.248164e+004,4.987952e+004,4.713468e+004,4.481673e+004,4.253490e+004,4.024179e+004,3.811624e+004,3.602457e+004,3.442335e+004,3.271911e+004,3.102023e+004,2.965125e+004,2.840565e+004,2.727086e+004,2.603147e+004,2.494956e+004,2.386098e+004,2.285263e+004,2.189335e+004,2.084161e+004,2.009388e+004,1.911198e+004,1.837436e+004,1.770487e+004,1.694813e+004,1.628139e+004,1.554039e+004,1.492268e+004,1.418094e+004,1.362130e+004,1.309477e+004,1.249325e+004
Title,,,,,,,,,,,,,,,,,,,,,,,,,,,,,,,,,,,,,,,,,,,,,,,,,,,,,,,,
User Name,vancelab,vancelab,vancelab,vancelab,vancelab,vancelab,vancelab,vancelab,vancelab,vancelab,vancelab,vancelab,vancelab,vancelab,vancelab,vancelab,vancelab,vancelab,vancelab,vancelab,vancelab,vancelab,vancelab,vancelab,vancelab,vancelab,vancelab,vancelab,vancelab,vancelab,vancelab,vancelab,vancelab,vancelab,vancelab,vancelab,vancelab,vancelab,vancelab,vancelab,vancelab,vancelab,vancelab,vancelab,vancelab,vancelab,vancelab,vancelab,vancelab,vancelab,vancelab,vancelab,vancelab,vancelab,vancelab,vancelab
Sample ID,,,,,,,,,,,,,,,,,,,,,,,,,,,,,,,,,,,,,,,,,,,,,,,,,,,,,,,,
Instrument ID,,,,,,,,,,,,,,,,,,,,,,,,,,,,,,,,,,,,,,,,,,,,,,,,,,,,,,,,
Lab ID,,,,,,,,,,,,,,,,,,,,,,,,,,,,,,,,,,,,,,,,,,,,,,,,,,,,,,,,
Leak Test and Leakage Rate,,,,,,,,,,,,,,,,,,,,,,,,,,,,,,,,,,,,,,,,,,,,,,,,,,,,,,,,
Instrument Errors,Normal Scan,Normal Scan,Normal Scan,Normal Scan,Normal Scan,Normal Scan,Normal Scan,Normal Scan,Normal Scan,Normal Scan,Normal Scan,Normal Scan,Normal Scan,Normal Scan,Normal Scan,Normal Scan,Normal Scan,Normal Scan,Normal Scan,Normal Scan,Normal Scan,Normal Scan,Normal Scan,Normal Scan,Normal Scan,Normal Scan,Normal Scan,Normal Scan,Normal Scan,Normal Scan,Normal Scan,Normal Scan,Normal Scan,Normal Scan,Normal Scan,Normal Scan,Normal Scan,Normal Scan,Normal Scan,Normal Scan,Normal Scan,Normal Scan,Normal Scan,Normal Scan,Normal Scan,Normal Scan,Normal Scan,Normal Scan,Normal Scan,Normal Scan,Normal Scan,Normal Scan,Normal Scan,Normal Scan,Normal Scan,Normal Scan
Comment,,,,,,,,,,,,,,,,,,,,,,,,,,,,,,,,,,,,,,,,,,,,,,,,,,,,,,,,
