Sample File,C:\Users\VanceLab\Desktop\CASA_InLab_Sp23\Chamber\Chamber_Butanol_SMPS_AgedSmoke_LRH_20230509.S82,
AIM Version,10.3.1.0
Classifier Model,3082       ,Classifier S/N,3082021905001   ,Classifier Firmware Version,2.60
Neutralizer Model,3088,Neutralizer S/N,3088011906004
Impactor (cm),0.071,Impactor S/N,7100764
DMA Model,3081,DMA S/N,3081A1903007
DMA Inner Radius (cm),0.937
DMA Outer Radius (cm),1.961
DMA Characteristic Length (cm),44.369
HV Polarity,NEG,
Detector Model,3750,Detector S/N,3750190603,Nano Enhancer , None
Detector Sample Flow (L/min),1.00,Detector Inlet Flow (L/min),1.00
Reference Gas Viscosity (Pa*s),1.832450e-005
Reference Mean Free Path (m),6.730000e-008
Reference Gas Temperature (K),296.15
Reference Gas Pressure (kPa),101.30
Sutherland Constant (K),110.40
Tube Length (cm),25.40
Tube Diameter (cm),0.48
Channels/Decade,64
Multiple Charge Correction,TRUE
Nanoparticle Agglomerate Mobility Analysis,FALSE
Diffusion Correction,TRUE
Units,dw/dlogDp
Weight,Number
Sample #,1,2,3,4,5,6,7,8,9,10,11,12,13,14,15,16,17,18,19,20,21,22,23,24,25,26,27,28,29,30,31,32,33,34,35,36,37,38,39,40,41,42,43,44,45,46,47,48,49,50,51,52,53
Date,5/9/2023,5/9/2023,5/9/2023,5/9/2023,5/9/2023,5/9/2023,5/9/2023,5/9/2023,5/9/2023,5/9/2023,5/9/2023,5/9/2023,5/9/2023,5/9/2023,5/9/2023,5/9/2023,5/9/2023,5/9/2023,5/9/2023,5/9/2023,5/9/2023,5/9/2023,5/9/2023,5/9/2023,5/9/2023,5/9/2023,5/9/2023,5/9/2023,5/9/2023,5/9/2023,5/9/2023,5/9/2023,5/9/2023,5/9/2023,5/9/2023,5/9/2023,5/9/2023,5/9/2023,5/9/2023,5/9/2023,5/9/2023,5/9/2023,5/9/2023,5/9/2023,5/9/2023,5/9/2023,5/9/2023,5/9/2023,5/9/2023,5/9/2023,5/9/2023,5/9/2023,5/9/2023
Start Time,13:06:00,13:09:00,13:12:00,13:15:00,13:18:00,13:21:00,13:24:00,13:27:00,13:30:00,13:33:01,13:36:01,13:39:01,13:42:01,13:45:00,13:48:00,13:51:00,13:54:00,13:57:00,14:00:00,14:03:00,14:06:00,14:09:00,14:12:00,14:15:00,14:18:00,14:21:00,14:24:00,14:27:00,14:30:00,14:33:00,14:36:00,14:39:00,14:42:00,14:45:00,14:48:00,14:51:00,14:54:00,14:57:00,15:00:00,15:03:00,15:06:00,15:09:00,15:12:00,15:15:00,15:18:00,15:21:00,15:24:00,15:27:00,15:30:00,15:33:00,15:36:00,15:39:00,15:42:00
Sample Temp (C),22.6,22.6,22.5,22.6,22.6,22.6,22.6,22.6,22.6,22.6,22.6,22.7,22.7,22.7,22.7,22.7,22.7,22.7,22.7,22.7,22.7,22.7,22.7,22.8,22.7,22.8,22.8,22.8,22.8,22.7,22.7,22.7,22.7,22.7,22.6,22.6,22.6,22.6,22.5,22.5,22.5,22.5,22.5,22.5,22.4,22.4,22.4,22.4,22.4,22.4,22.3,22.3,22.3
Sample Pressure (kPa),80.5,80.5,80.5,80.5,80.4,80.5,80.5,80.5,80.4,80.4,80.4,80.4,80.4,80.4,80.4,80.4,80.4,80.4,80.4,80.4,80.4,80.4,80.4,80.4,80.4,80.4,80.4,80.4,80.4,80.4,80.4,80.4,80.4,80.4,80.3,80.3,80.3,80.3,80.3,80.3,80.3,80.2,80.2,80.1,80.2,80.2,80.2,80.2,80.2,80.2,80.2,80.2,80.1
Relative Humidity (%),17.6,16.2,15.0,14.0,13.2,12.5,11.9,11.4,11.0,10.6,10.2,9.9,9.7,9.4,9.2,9.0,8.8,8.7,8.5,8.4,8.3,8.2,8.1,8.0,7.9,7.9,7.8,7.7,7.7,7.6,7.6,7.5,7.5,7.4,7.4,7.4,7.3,7.3,7.3,7.3,7.2,7.2,7.2,7.2,7.1,7.1,7.1,7.1,7.1,7.0,7.0,7.0,7.0
Mean Free Path (m),8.45439e-008,8.45439e-008,8.45075e-008,8.45439e-008,8.46490e-008,8.45439e-008,8.45439e-008,8.45439e-008,8.46490e-008,8.46490e-008,8.46490e-008,8.46854e-008,8.46854e-008,8.46854e-008,8.46854e-008,8.46854e-008,8.46854e-008,8.46854e-008,8.46854e-008,8.46854e-008,8.46854e-008,8.46854e-008,8.46854e-008,8.47218e-008,8.46854e-008,8.47218e-008,8.47218e-008,8.47218e-008,8.47218e-008,8.46854e-008,8.46854e-008,8.46854e-008,8.46854e-008,8.46854e-008,8.47545e-008,8.47545e-008,8.47545e-008,8.47545e-008,8.47180e-008,8.47180e-008,8.47180e-008,8.48236e-008,8.48236e-008,8.49295e-008,8.47872e-008,8.47872e-008,8.47872e-008,8.47872e-008,8.47872e-008,8.47872e-008,8.47507e-008,8.47507e-008,8.48565e-008
Gas Viscosity (Pa*s),1.83054e-005,1.83054e-005,1.83006e-005,1.83054e-005,1.83054e-005,1.83054e-005,1.83054e-005,1.83054e-005,1.83054e-005,1.83054e-005,1.83054e-005,1.83102e-005,1.83102e-005,1.83102e-005,1.83102e-005,1.83102e-005,1.83102e-005,1.83102e-005,1.83102e-005,1.83102e-005,1.83102e-005,1.83102e-005,1.83102e-005,1.83149e-005,1.83102e-005,1.83149e-005,1.83149e-005,1.83149e-005,1.83149e-005,1.83102e-005,1.83102e-005,1.83102e-005,1.83102e-005,1.83102e-005,1.83054e-005,1.83054e-005,1.83054e-005,1.83054e-005,1.83006e-005,1.83006e-005,1.83006e-005,1.83006e-005,1.83006e-005,1.83006e-005,1.82958e-005,1.82958e-005,1.82958e-005,1.82958e-005,1.82958e-005,1.82958e-005,1.82911e-005,1.82911e-005,1.82911e-005
Diameter Midpoint (nm)
 16.3,209.696,337.622,243.029,148.556,196.312,148.553,155.677,161.827,202.697,175.671,121.617,107.866,191.855,80.900,54.066,94.383,135.163,121.350,148.316,40.450,67.417,67.416,67.417,48.631,102.553,94.406,53.946,37.816,136573.371,33731.619,11849.984,5576.521,3080.557,2597.473,2499.874,2094.123,2226.322,1995.174,2012.986,2043.876,1932.658,1782.757,1324.548,1539.248,1543.610,1534.059,1450.828,1491.672,1354.888,1425.038,1357.017,1098.330,1258.690
 16.8,188.932,264.506,188.889,125.954,176.441,151.146,138.551,189.149,169.167,88.220,113.425,62.876,74.426,163.478,50.423,75.451,75.635,37.726,75.451,50.301,100.602,25.150,50.301,37.734,12.575,75.469,25.156,40.016,138129.590,35439.453,10966.881,4837.020,2265.984,1539.981,1309.222,1111.888,1063.375,1012.996,1079.920,1143.995,969.013,1003.290,759.132,714.998,823.340,733.180,978.978,963.678,836.424,734.402,701.881,775.948,718.344
 17.5,129.683,129.683,70.720,153.262,94.368,200.421,176.840,153.262,112.972,165.144,106.164,105.931,94.846,94.162,70.792,70.621,153.382,153.012,47.081,43.955,58.851,70.621,82.391,79.162,23.540,94.182,58.864,35.233,148553.604,37687.119,12219.902,4541.012,2083.665,1384.510,820.554,742.142,813.389,465.206,558.532,552.989,477.646,557.944,486.360,549.284,447.596,442.435,451.939,499.816,306.384,431.106,397.639,342.124,400.198
 18.1,267.797,177.028,68.777,165.964,88.562,77.450,165.964,99.578,88.562,55.351,154.983,110.461,103.474,77.323,88.581,77.323,68.100,67.109,33.138,80.256,33.971,22.092,99.415,47.241,33.138,44.194,88.388,33.066,151528.233,40269.949,13810.459,4661.111,2228.809,1080.658,493.089,571.357,268.367,300.460,263.713,234.884,234.882,251.492,253.788,276.928,260.745,180.171,226.726,221.287,293.961,253.081,131.238,170.738,245.239
 18.8,143.596,93.675,164.237,104.083,166.620,124.900,114.492,135.308,114.551,145.794,83.310,72.738,28.253,10.391,41.663,62.347,50.513,51.173,62.347,41.565,40.781,72.738,10.391,20.787,31.173,72.753,34.742,62.212,158867.173,44599.364,14937.273,6198.423,2323.934,1037.094,683.658,480.168,184.596,195.465,152.257,192.277,96.136,124.721,162.471,86.994,112.093,130.929,122.653,78.537,114.519,114.373,38.021,134.645,73.914
 19.5,147.227,157.042,147.198,88.335,78.560,78.521,68.706,117.782,117.840,137.480,42.800,88.189,57.291,58.793,19.644,39.195,58.933,35.135,88.189,19.598,19.598,29.396,39.195,39.203,19.598,19.601,55.445,29.333,162452.752,49540.387,17581.767,6900.560,2790.915,1267.654,735.145,512.716,201.674,162.506,134.714,72.577,81.648,81.481,63.134,69.977,61.491,70.624,35.620,51.016,9.006,80.953,26.912,33.581,26.168
 20.2,101.826,45.497,147.515,74.055,64.829,138.853,92.569,120.340,111.136,64.829,42.987,110.897,57.650,83.173,27.789,46.207,37.052,31.554,46.207,18.483,36.966,9.241,36.966,18.486,9.241,46.216,36.973,27.665,166739.211,54551.177,19545.721,8474.236,3603.144,1974.253,839.173,386.965,276.802,186.167,68.055,51.370,77.054,42.720,50.723,8.198,0.000,16.549,50.079,25.133,33.766,16.862,33.632,33.464,32.700
 20.9,95.673,79.247,61.302,78.266,95.645,26.038,95.918,52.472,26.126,43.468,69.518,60.828,87.512,17.380,69.606,60.756,42.808,34.684,78.058,25.770,25.847,34.685,43.374,26.074,0.000,34.766,26.074,0.000,167659.402,55662.201,21153.979,8604.479,4372.568,1889.359,1082.517,563.642,378.040,144.362,157.659,114.759,39.030,40.935,10.695,18.642,11.539,28.711,29.540,14.528,30.250,38.422,15.033,7.039,13.346
 21.7,90.589,98.352,131.682,49.286,57.531,49.370,98.513,73.708,82.467,41.062,49.464,16.377,16.574,24.687,65.978,57.271,33.618,32.826,8.213,24.655,24.584,16.373,32.745,8.231,24.605,49.301,16.379,0.000,169461.358,58252.130,24417.164,10746.447,4800.928,2637.807,1355.855,673.325,258.573,248.657,88.278,107.716,79.554,57.814,12.103,15.016,23.617,32.267,27.279,11.797,4.908,28.560,0.000,6.379,5.704
 22.5,78.288,70.436,23.469,54.791,62.750,23.392,39.133,23.287,31.245,23.067,23.499,46.890,54.890,38.992,62.675,31.235,62.675,46.890,23.362,38.992,39.074,15.536,7.712,15.635,7.809,0.000,7.721,0.000,175254.134,63099.300,26634.787,11923.027,5848.627,2857.337,1704.121,781.308,337.255,278.931,255.690,167.562,58.555,54.391,28.665,47.254,68.229,37.326,10.265,24.523,17.709,3.842,11.866,5.304,4.915
 23.3,36.875,59.157,29.281,51.669,14.607,36.966,29.484,44.160,66.574,29.900,29.400,29.333,29.650,44.188,36.800,14.764,0.000,7.382,22.042,36.904,14.764,0.000,7.278,0.000,7.187,0.000,22.143,0.000,177556.394,67292.952,30508.109,13449.310,7065.388,3250.450,2121.549,1121.758,665.648,455.568,182.337,174.695,103.932,47.249,43.912,35.745,54.033,22.520,5.714,19.718,0.597,2.486,2.120,17.761,0.000
 24.1,21.080,42.278,21.069,56.507,42.285,56.512,28.144,14.117,35.229,42.402,14.123,35.248,14.092,42.200,28.155,0.000,21.204,7.052,14.098,13.998,0.000,6.946,0.000,28.207,14.092,7.053,28.212,19913.663,181541.329,72075.472,31490.461,14856.593,8425.625,4310.893,2018.769,1373.595,868.696,470.464,326.496,148.599,211.687,190.984,66.829,72.186,29.143,44.006,22.125,40.686,12.073,20.288,7.369,21.405,15.924
 25.0,27.031,33.674,27.026,27.035,33.803,53.839,6.754,6.643,60.849,33.808,6.762,40.483,23.898,13.490,6.758,26.989,40.576,13.494,13.494,13.490,6.655,20.237,6.747,13.497,13.494,13.497,20.245,84992.877,186077.948,73857.589,35094.434,17720.813,9717.972,5051.771,2944.606,1834.073,1056.508,640.390,454.108,243.933,220.457,132.100,81.004,75.829,70.266,52.804,28.053,32.069,22.485,11.020,5.574,10.984,13.185
 25.9,6.301,32.132,44.982,25.586,12.859,19.275,6.301,12.851,25.718,12.859,25.718,6.416,9.444,0.000,6.430,12.832,6.430,6.416,6.416,25.664,6.388,0.000,12.832,19.251,12.832,6.417,12.719,204149.088,184483.751,76753.791,37535.742,19559.172,10704.313,5717.931,3323.408,2018.668,1290.692,658.830,577.002,423.574,196.162,187.378,147.794,142.513,79.766,39.298,51.877,26.357,18.592,48.734,31.810,38.000,27.445
 26.9,43.044,24.674,30.700,18.504,12.342,12.337,24.538,12.337,6.171,12.342,18.511,18.473,6.197,24.495,18.515,6.158,12.343,6.158,6.029,0.000,0.000,0.000,6.158,12.317,6.021,6.159,6.158,271154.649,185201.064,81019.496,40049.067,21171.823,11834.942,6392.291,3771.039,2847.855,1551.281,1175.413,813.798,465.916,325.373,248.085,207.648,138.290,85.018,126.752,78.670,53.144,45.176,25.859,0.000,12.773,16.883
 27.9,23.543,43.108,17.508,17.653,17.664,11.763,17.658,11.772,0.000,11.776,5.745,11.751,35.363,11.747,5.889,6.216,5.889,0.000,0.000,5.876,11.751,0.000,0.000,5.876,0.198,0.000,11.753,349296.871,182122.060,81461.218,44000.372,23017.498,13555.733,7913.344,4703.932,3132.183,1842.026,1317.512,835.925,589.922,482.816,446.702,333.159,178.313,90.681,91.033,94.353,88.463,33.636,16.617,46.828,17.695,17.081
 28.9,16.877,15.047,11.101,5.469,5.628,5.333,5.626,11.252,0.000,16.884,11.256,5.616,5.654,5.474,11.257,16.515,0.000,0.000,0.000,5.616,11.224,11.232,0.000,5.617,10.907,0.000,5.610,433769.359,183046.192,86315.998,46454.573,24868.305,15149.921,8850.369,5561.744,3467.835,2585.988,1527.371,1097.013,656.499,687.577,386.847,358.201,282.239,214.438,127.704,161.143,73.377,70.020,50.631,33.951,61.896,44.028
 30.0,5.393,5.607,10.853,5.279,10.859,5.417,5.417,0.000,0.000,5.429,10.859,0.000,0.000,0.000,5.430,5.251,5.430,5.418,10.836,21.672,16.087,5.395,5.418,0.000,0.000,0.000,0.000,596429.783,183698.654,89284.145,49207.463,28187.630,16277.386,9971.388,6186.122,4101.063,2667.175,1734.907,1235.856,1019.837,673.493,527.893,386.190,338.744,295.382,191.308,150.575,97.192,124.666,107.900,64.458,64.157,155.837
 31.1,4.728,20.470,10.394,10.395,5.199,5.050,10.248,15.593,0.000,10.366,0.000,5.173,0.000,0.000,0.000,20.594,0.000,5.188,0.000,0.000,5.032,4.875,10.377,0.000,5.188,5.189,5.189,741836.216,180802.972,90758.098,52191.263,29920.228,18299.866,11773.352,7575.951,4764.911,3405.086,2157.108,1480.340,1233.226,1186.976,632.489,643.316,419.818,352.183,292.672,156.914,197.558,158.415,97.915,101.234,66.038,89.943
 32.2,0.000,0.000,0.000,0.000,0.000,4.990,0.000,9.979,4.843,4.659,0.000,0.000,11.456,4.981,0.000,0.000,0.000,0.000,4.830,4.981,0.000,4.981,4.981,0.000,0.000,0.000,4.982,834604.108,178031.623,94999.714,54492.450,32489.664,19560.222,13032.638,8750.827,5843.610,3682.811,2564.312,2039.367,1473.980,1088.209,798.954,763.338,454.220,478.180,257.874,209.707,210.969,204.362,179.230,130.198,97.136,108.288
 33.4,4.831,0.000,14.464,4.632,9.335,0.000,4.659,9.636,0.000,0.000,9.482,9.644,3.346,4.822,9.666,0.000,0.000,0.000,4.822,0.000,0.000,0.000,4.822,4.823,9.644,0.000,0.000,828570.479,176242.940,97621.952,57361.616,35284.336,22091.063,14300.030,9762.997,6548.355,4681.594,3263.728,2604.625,1749.174,1571.075,1125.252,813.944,495.179,584.328,522.690,371.473,348.823,295.053,202.432,223.021,116.335,166.483
 34.6,4.649,4.649,4.479,0.000,4.651,0.000,4.649,0.000,4.651,0.000,0.000,0.000,4.599,4.641,4.651,0.000,0.000,0.000,0.000,4.641,0.000,4.641,0.000,0.000,0.000,0.000,0.000,745226.510,171181.189,98615.428,59300.986,37513.042,23994.449,15261.323,10989.335,7288.421,5111.251,3696.665,2896.734,2357.788,1729.767,1022.057,1025.406,692.427,642.599,562.104,421.730,463.091,311.110,239.221,233.832,186.333,123.008
 35.9,0.000,4.480,0.000,0.000,0.000,8.960,0.000,4.480,0.000,0.000,0.000,0.000,0.000,0.000,0.000,0.000,0.000,0.000,0.000,0.000,3.566,0.000,0.000,0.000,0.000,0.000,0.000,619823.217,172589.918,99997.632,62991.242,39638.699,25685.918,17222.308,11543.400,8702.912,5880.834,4439.315,3203.206,2363.272,2027.573,1428.670,1172.398,841.329,789.471,512.988,569.373,417.386,323.763,257.446,256.556,285.759,187.224
 37.2,4.350,0.000,0.000,4.207,0.000,0.000,4.350,0.000,0.000,0.000,0.000,0.000,4.371,0.000,0.000,0.000,0.000,0.000,0.000,0.000,0.879,0.000,0.000,0.000,0.000,0.000,3.971,493681.541,172455.553,102904.653,65058.583,42703.565,27873.364,19121.048,13567.837,9461.944,6683.952,5317.430,3933.455,3054.010,2363.185,1861.201,1424.358,989.431,695.181,863.004,625.234,554.042,373.883,379.728,322.517,304.137,239.443
 38.5,4.145,0.000,4.200,0.000,0.000,0.000,4.145,0.000,0.000,0.000,0.000,0.000,0.000,4.193,0.000,0.000,0.000,0.000,3.991,0.000,0.000,0.000,0.000,0.000,4.193,0.000,0.000,420454.683,170833.269,105387.851,67060.255,44927.385,29260.193,20881.517,15011.488,10716.620,7882.175,5811.311,4440.477,3568.990,2541.590,2212.769,1648.644,1269.909,1072.734,1069.781,803.912,701.847,528.095,596.371,356.012,296.894,326.594
 40.0,0.000,0.000,4.060,0.000,0.000,0.000,0.000,0.000,0.000,0.000,4.062,0.000,3.703,0.000,0.000,0.000,0.000,0.000,0.000,0.000,0.000,0.000,0.000,0.000,4.054,0.000,0.000,506724.310,169411.663,108161.384,70091.706,48087.549,32763.163,22812.302,16348.315,12016.186,8780.334,6788.314,5173.591,4066.926,3218.873,2400.549,2025.193,1707.244,1240.968,1166.185,1033.384,711.361,718.432,742.591,498.202,402.264,401.088
 41.4,0.000,0.000,3.953,3.954,0.000,7.754,0.000,0.000,0.000,0.000,0.000,0.000,0.000,3.761,0.000,0.000,0.000,0.000,0.000,0.000,0.000,0.000,0.000,0.000,0.000,0.000,0.000,832959.898,171578.556,109917.010,71982.288,49185.743,35289.098,24871.174,17534.276,13369.532,10321.978,7437.583,5981.007,4880.447,4048.874,3174.472,2162.102,1977.966,1535.515,1268.030,1162.972,1133.279,840.249,694.136,573.996,484.971,474.170
 42.9,0.000,3.829,0.000,3.645,0.000,0.000,0.000,0.000,0.000,0.000,0.000,0.000,0.000,0.000,0.000,3.822,0.000,0.000,0.000,0.000,3.822,0.000,0.000,0.000,0.000,0.000,3.644,1032849.677,171409.219,112168.599,75940.488,52498.791,37892.110,26961.438,19143.602,14754.188,11768.444,8761.896,6602.578,5261.551,4431.837,3574.672,2817.477,2406.623,1993.782,1510.183,1450.066,1291.626,1094.845,925.474,680.362,702.984,596.650
 44.5,10.855,0.000,0.000,0.000,0.000,3.404,3.412,0.000,0.000,0.000,0.000,0.000,7.262,3.705,0.000,3.705,0.000,0.000,0.000,0.000,3.622,7.243,0.000,0.000,0.000,0.000,0.000,973492.213,173166.092,114448.308,79124.306,55786.586,40560.321,29417.274,21339.152,16034.692,12890.146,9970.371,7935.329,6108.651,5087.743,4212.559,3022.159,2759.302,2364.893,1954.623,1756.247,1484.571,1291.178,1233.711,886.792,811.089,759.888
 46.1,0.000,0.000,0.000,0.000,0.000,0.000,0.000,0.000,3.232,7.245,0.000,3.503,0.000,0.000,3.530,0.000,0.000,0.000,3.296,0.000,0.000,0.000,0.000,0.000,0.000,0.000,0.000,823156.225,176872.346,117421.730,83648.492,60001.789,42849.840,31280.476,23801.658,18052.930,14639.984,11611.236,8942.356,7101.500,5917.757,4675.084,4101.891,3231.207,2589.045,2395.694,2144.466,1661.761,1538.772,1304.670,883.976,827.532,708.753
 47.8,0.000,0.000,0.000,3.516,6.743,0.000,3.516,0.000,0.000,0.000,3.251,0.000,2.082,0.000,0.000,0.000,0.000,0.000,0.000,0.000,0.000,0.000,0.000,0.000,0.000,0.000,0.000,647171.241,179646.946,124089.859,88099.766,62628.381,47929.061,34210.700,26523.644,20052.255,16482.603,12991.738,10281.489,8243.631,6930.000,5860.300,5075.497,4116.494,3515.912,2951.901,2507.323,2279.757,2067.336,1681.548,1379.257,1097.078,1155.821
 49.6,0.000,0.000,3.283,3.307,0.000,3.436,0.000,3.177,0.000,3.282,2.972,0.000,1.418,0.000,0.000,0.000,0.000,0.000,0.000,0.000,3.147,0.000,0.000,0.000,0.000,0.000,0.000,488961.718,187513.752,130925.244,95237.253,69671.119,53263.200,39534.707,30729.805,23655.360,19735.297,15518.338,13110.513,10118.326,8907.503,7623.569,5835.861,5080.836,4276.900,3825.444,3501.402,3273.774,2919.290,2332.713,1987.858,1804.864,1596.539
 51.4,0.000,0.000,0.000,0.000,0.000,0.000,0.000,0.000,0.000,0.000,0.000,0.000,0.000,0.000,0.000,0.000,0.000,0.000,0.000,0.000,0.000,0.000,3.180,0.000,0.000,0.000,0.000,368872.557,194856.522,138514.913,101974.837,74752.102,58267.006,44599.420,34646.799,28084.262,21904.897,17619.123,14760.292,12470.596,10931.373,9218.289,7392.780,6240.782,5678.242,5039.070,4501.818,4066.467,3619.917,3051.573,2712.015,2455.055,1992.210
 53.3,0.000,0.000,0.000,2.522,2.906,0.000,0.000,0.000,0.000,0.000,3.269,2.727,0.000,0.000,0.000,0.000,9.614,0.000,0.000,1.828,0.000,0.000,0.000,0.000,0.000,2.857,6.525,289878.232,201777.252,146588.950,111523.195,80697.721,62808.586,49716.287,38451.565,30445.470,25545.750,20510.740,16950.675,14413.235,12214.119,10713.973,8925.479,7640.865,6834.587,5750.555,5022.169,4862.801,4383.737,3828.973,3407.782,3113.399,2781.856
 55.2,0.000,0.000,0.000,0.000,3.040,0.000,0.000,0.000,0.000,0.000,0.000,0.000,0.000,0.000,0.000,6.229,0.000,0.000,2.613,1.261,0.000,0.000,3.193,0.000,0.000,3.128,0.000,253482.739,214046.706,155485.581,120461.528,89912.668,71805.518,54000.046,43235.145,34249.513,28161.291,23492.854,19339.705,17196.555,14509.644,12923.731,10368.890,8881.773,7936.653,7024.233,6395.592,6353.871,5294.828,4653.462,4256.963,3629.997,2975.766
 57.3,2.943,0.000,0.000,0.000,0.000,3.133,2.944,0.000,2.889,3.133,0.000,0.000,6.159,0.000,0.000,3.052,0.000,0.000,2.504,3.022,0.000,0.000,0.000,0.000,0.000,3.127,0.000,255635.784,222804.477,165269.686,128299.526,95817.064,77140.137,59910.458,47088.527,39510.806,32717.999,27076.976,22826.441,19707.865,17299.097,14741.738,13053.547,10550.875,10084.533,8844.674,7326.774,6862.024,6630.157,5263.129,4975.464,4625.667,4103.817
 59.4,0.000,0.000,0.000,0.000,0.000,0.000,2.954,2.778,0.000,2.835,0.000,0.000,0.000,2.925,0.000,3.018,1.948,0.000,2.941,0.000,0.000,0.000,2.757,0.000,0.000,0.000,5.338,275634.941,236941.513,175667.073,139382.437,106642.873,84848.665,65618.530,53871.795,44708.865,35780.740,30507.682,25858.379,22853.934,19258.730,17096.209,14959.915,12453.352,12038.558,10843.270,9231.050,8393.982,7897.847,7210.178,6015.806,5526.996,4943.400
 61.5,6.016,0.000,0.000,0.000,2.806,5.596,0.000,2.989,0.000,0.000,0.000,3.003,0.000,0.000,0.000,0.000,0.000,2.763,0.000,0.000,0.000,0.000,0.000,0.000,3.003,0.000,2.755,309479.346,250730.839,187943.787,148814.774,118447.800,93949.281,74358.245,61009.314,49922.254,40811.586,35392.713,29653.208,25953.886,22648.458,19824.090,17340.425,13859.847,13851.661,12661.160,11348.513,10030.282,9469.357,8375.564,8086.135,6726.290,6325.171
 63.8,2.790,0.000,2.468,5.732,0.000,2.060,2.950,0.000,2.491,0.000,0.000,0.000,2.963,0.000,0.000,0.000,2.858,0.000,0.000,0.000,0.000,2.511,2.347,0.000,0.000,2.650,0.000,359677.685,264535.681,202062.439,157756.721,126172.908,101778.281,82014.556,67799.041,55957.059,45959.969,39330.371,34823.886,30234.980,26932.277,22923.824,21392.633,18109.566,17271.765,15024.940,13594.989,12346.670,10966.142,10202.354,8968.208,7872.992,7369.383
 66.1,2.537,0.000,0.000,0.000,2.133,4.555,2.768,0.000,5.789,0.000,0.000,0.000,0.000,0.000,0.000,0.000,2.895,0.000,2.889,1.847,2.197,0.000,0.000,0.000,0.000,0.000,0.000,414456.928,280796.929,215871.741,173323.724,138040.402,112830.348,90578.307,76611.940,63972.541,51991.947,44564.835,39821.927,34792.122,31090.720,27795.481,23806.044,21370.837,19938.227,17947.098,16203.685,13658.678,13052.274,12231.244,10859.646,9901.823,9019.148
 68.5,2.767,0.000,5.531,0.000,2.477,2.372,0.000,2.755,0.000,0.000,0.000,2.568,0.000,0.000,2.129,2.772,5.682,0.000,2.835,1.945,0.000,0.000,0.000,0.000,0.000,0.000,2.520,471724.032,295949.979,229460.203,186840.192,147940.464,122022.945,100810.725,83708.438,70413.793,58101.082,48702.215,44371.040,40419.536,34618.694,31168.179,27758.507,24661.551,23132.356,20764.197,18845.197,16710.162,15739.123,13863.255,13111.246,12314.278,10880.009
 71.0,0.000,0.000,0.000,0.000,2.428,0.000,0.000,2.574,0.000,0.000,5.276,0.000,0.000,2.797,0.000,0.000,2.604,2.754,0.000,0.000,2.678,2.354,0.000,0.000,0.000,0.000,0.000,506329.194,292934.288,231955.591,187183.677,150387.838,122338.286,100153.470,83689.485,71054.789,58704.351,51435.688,44633.922,39981.055,35366.530,30556.758,27392.801,24337.447,22927.057,20698.059,18392.542,16442.269,15375.515,13753.990,12556.288,11926.693,10145.161
 73.7,2.521,0.000,2.619,2.212,0.000,0.000,2.231,1.411,0.000,2.657,1.766,0.000,0.000,0.000,0.000,7.827,1.264,0.000,0.000,0.000,1.692,0.000,0.000,0.000,0.000,2.703,5.192,533655.492,300270.997,232070.133,190076.861,151018.257,124449.806,101408.905,86531.686,72394.478,58301.426,51885.304,45043.256,40200.953,36379.842,31162.478,27585.019,24782.598,23389.371,21713.482,18444.959,16812.554,15209.740,14149.736,13229.398,12134.619,10674.503
 76.4,0.000,0.000,5.037,2.090,2.635,3.841,5.045,0.000,2.179,0.000,0.000,8.010,1.752,0.890,0.000,0.000,0.000,2.633,0.000,0.000,0.000,0.000,2.584,0.000,0.000,4.932,0.000,562332.642,314567.028,246351.724,199981.612,162708.474,131513.527,110217.768,94553.040,78213.472,66445.553,58665.544,49709.227,45172.837,39617.106,33504.290,30738.067,27334.354,25169.534,23202.149,21192.149,18874.845,18062.041,15881.615,14458.797,13905.641,12745.273
 79.1,2.431,7.597,0.976,7.971,2.458,0.000,0.000,0.000,0.000,2.269,0.000,0.000,0.000,1.820,0.000,2.417,2.553,0.000,0.000,0.000,0.000,0.000,0.000,0.000,0.000,1.004,0.000,594330.632,331732.033,265005.998,207683.021,177277.573,139452.851,120200.896,104147.828,86144.023,74201.316,63905.199,55186.874,49048.529,43380.315,37093.795,33060.119,30185.564,27094.211,26148.440,22791.270,20336.476,19241.861,17696.955,15834.822,15380.801,13513.181
 82.0,0.000,0.000,0.000,1.873,0.000,0.000,0.000,0.000,2.121,0.000,5.006,0.000,2.151,0.000,0.000,0.000,0.000,0.000,6.723,1.661,7.701,0.000,0.000,2.083,0.000,0.000,0.000,639207.017,349770.190,275349.981,223881.178,184952.363,149013.815,128057.789,110655.672,93843.911,78524.812,69139.830,59540.069,53339.990,48053.239,41663.842,36879.967,33704.152,31043.273,28866.602,25931.398,23392.855,20381.514,20388.274,18096.392,17671.367,15612.708
 85.1,1.937,0.000,2.479,1.278,4.141,0.000,1.927,4.246,1.138,0.000,0.000,0.000,0.000,2.314,0.000,0.764,4.877,7.501,2.052,0.000,0.000,2.436,5.138,0.000,4.004,0.000,4.989,652004.408,360522.085,285657.882,234487.279,197805.771,158873.632,137165.186,116522.885,98036.396,86939.732,77285.725,64674.211,58019.482,51206.711,45194.401,41975.959,36778.419,31900.066,31969.980,29330.712,25939.843,24077.308,22764.419,21327.796,20221.713,16550.633
 88.2,0.000,0.000,2.110,0.000,0.000,1.237,0.000,0.338,0.441,2.129,0.000,0.000,0.000,0.000,0.000,0.000,7.534,0.000,0.000,0.000,2.258,0.000,0.000,2.251,0.000,0.000,4.458,665030.855,379020.537,308664.891,252209.535,209462.121,169831.566,148528.357,128740.127,108274.885,95728.160,83449.930,71495.671,61506.225,57641.971,51453.824,46405.590,40550.015,35624.297,33626.949,32206.490,28146.995,25330.810,24128.476,22875.781,22456.109,19087.461
 91.4,0.000,0.000,4.531,0.944,1.645,2.040,0.000,0.000,9.113,0.000,2.194,0.000,0.000,0.000,2.065,0.000,1.831,1.942,1.808,1.353,4.449,2.012,0.000,2.335,0.000,0.000,0.000,706306.776,397231.416,321689.089,266522.439,220002.389,183513.132,162233.208,135245.397,119611.366,103991.845,90237.364,79442.865,68922.724,64486.444,57823.007,50103.967,45125.516,40947.086,39385.432,34613.543,32733.140,29931.892,27938.652,23921.157,23793.234,20934.573
 94.7,1.153,4.681,1.830,0.867,1.700,6.389,0.000,1.848,0.000,0.000,2.292,4.484,0.000,4.216,9.869,0.000,0.000,0.000,0.000,0.000,3.562,2.400,4.319,0.000,0.000,2.130,0.000,748318.180,417465.338,339519.265,286022.807,237986.243,200591.221,174542.964,147085.452,126064.353,109531.744,97742.091,85917.378,74599.241,69307.380,62429.718,55830.040,49391.960,46109.940,41681.693,38394.411,35544.866,33716.617,29887.909,27033.210,26370.769,22790.988
 98.2,1.986,3.099,1.606,1.902,4.447,6.160,0.813,2.307,0.000,9.901,0.000,0.000,0.000,0.000,0.000,1.029,0.000,0.000,0.000,6.753,3.464,0.000,0.000,0.000,0.000,0.000,0.000,798018.945,441821.621,361421.381,300328.767,256382.438,208994.021,189727.203,160683.163,137707.351,122016.200,107740.322,93973.829,82206.400,78262.719,69062.551,60914.407,54298.638,49889.540,46090.925,42813.773,39476.434,36712.193,32934.931,30930.347,28671.658,25687.426
101.8,0.000,1.006,0.525,0.000,1.164,1.409,2.004,0.000,0.000,2.372,0.000,1.554,1.408,0.000,4.149,0.147,0.000,0.000,0.000,3.738,2.070,1.362,0.000,0.000,1.028,0.000,1.834,870773.179,468723.144,389169.995,323373.761,276748.242,236388.878,204157.462,174814.447,149499.564,133735.021,116875.859,102941.000,91314.721,85254.012,76788.818,67555.890,60576.736,55541.391,49794.197,46714.481,45190.442,40515.795,37861.700,33169.460,31848.747,29310.660
105.5,1.886,0.748,2.836,1.063,1.547,6.725,1.146,1.090,0.835,0.000,1.526,0.000,1.734,0.000,1.539,1.165,0.828,0.000,0.000,1.825,0.000,1.854,2.427,2.144,0.497,1.338,4.801,916969.495,488189.207,403989.789,347810.680,296750.953,253903.177,221308.577,191977.537,166613.044,146095.438,125580.040,115109.382,102104.845,93972.524,83981.389,77693.231,67528.849,61847.057,56661.285,53685.329,50958.553,45051.093,42678.501,39962.309,36568.230,32905.206
109.4,0.000,0.000,0.000,1.263,0.000,2.038,1.448,5.733,4.028,0.341,4.421,1.405,0.000,0.000,0.000,1.276,6.648,4.029,2.085,0.000,4.468,3.771,0.000,0.000,1.818,0.000,0.624,956711.906,514601.426,429290.412,366507.007,314283.563,275257.645,242035.367,204997.778,178709.229,157039.170,139823.472,125681.123,108987.592,101089.975,91662.516,83092.162,74428.457,66655.849,61140.514,58602.623,55045.041,50181.238,46384.905,43457.445,41537.539,38766.210
113.4,1.982,2.755,1.378,2.109,0.000,6.743,0.000,0.000,1.702,0.000,2.201,0.000,3.663,7.049,1.866,4.039,3.514,0.000,2.027,0.000,0.000,1.277,0.000,0.000,0.000,1.613,1.594,1012936.560,539717.295,450403.851,390964.603,337570.063,292673.073,261367.162,220200.787,194301.980,171843.744,149759.058,137665.211,123590.224,111084.175,103146.352,92523.919,83311.790,76511.487,69732.992,63990.100,62027.663,54010.006,53574.592,48962.847,46155.526,41029.772
117.6,0.000,0.315,6.178,0.000,0.692,0.000,0.000,3.052,1.717,1.301,0.000,8.705,2.271,2.538,0.000,0.000,0.000,0.907,0.000,0.000,0.000,0.000,1.953,0.000,0.000,6.250,1.919,1024479.445,564983.035,464706.340,420429.916,359187.060,313368.044,272807.800,234952.689,211530.822,186258.053,160616.335,149124.917,135821.812,120926.009,112427.217,103072.825,91966.124,85935.564,77143.884,74384.685,68026.958,63611.287,59363.981,55893.820,49693.333,46695.170
121.9,8.312,0.000,0.595,2.252,0.000,0.000,0.000,8.007,0.000,4.470,1.025,4.240,1.793,1.631,4.712,6.634,0.000,7.233,4.206,2.915,0.000,3.682,1.517,2.154,0.000,6.342,0.000,1038106.951,590297.255,503036.099,431419.064,381907.624,337353.375,294534.492,251716.486,226178.320,199074.039,176111.598,160517.896,146347.334,132514.174,122220.406,112118.377,99849.454,91742.856,82673.550,79332.144,74155.371,69251.300,64725.724,61326.284,55211.163,51473.629
126.3,1.667,0.000,0.000,4.747,4.258,0.000,0.967,0.000,3.851,1.873,0.000,1.805,0.000,1.131,0.000,4.695,0.000,0.000,2.189,0.000,2.824,0.000,0.000,0.000,4.239,0.000,0.000,1078263.545,618032.241,528275.280,461880.536,404237.247,353845.014,317768.699,269780.491,249424.356,217021.494,188259.893,176256.365,157721.117,144360.047,135612.446,123275.931,111418.134,101914.210,94081.745,87042.027,82710.708,75837.726,71863.466,65672.271,60742.623,57134.697
131.0,4.445,0.000,0.000,1.050,0.000,6.355,2.319,0.000,8.177,0.000,0.601,0.000,0.000,0.000,0.000,8.908,0.000,2.142,0.000,0.000,0.000,1.670,0.000,1.415,0.000,1.625,1.475,1080470.197,642948.693,552258.550,484797.710,428607.967,373914.571,331321.368,289464.919,262009.861,231544.149,205174.246,189670.176,173217.301,157463.519,143606.692,134139.777,120206.396,110855.645,102418.230,96715.598,91159.046,83888.293,77607.091,73305.981,66564.038,62222.038
135.8,4.537,6.530,0.000,4.669,1.697,0.000,0.000,0.000,3.708,0.000,1.135,2.399,0.195,0.000,1.717,4.733,1.096,1.492,1.402,4.234,2.382,2.085,2.231,0.000,0.000,0.443,0.000,1071294.186,669064.345,574303.673,504687.344,454460.452,395068.290,354169.212,306210.130,277346.643,243088.424,219379.158,204156.846,187125.827,167864.204,159750.439,145238.415,129198.909,122576.114,113171.132,106790.821,98425.912,93703.893,87913.423,80480.708,77432.046,71206.923
140.7,4.302,0.000,1.956,5.710,1.274,3.743,5.736,2.862,1.573,0.000,0.000,0.000,5.414,1.079,0.000,1.203,1.296,0.000,4.111,0.000,2.163,0.000,2.157,1.867,0.000,0.000,1.584,1054353.395,682499.189,593936.484,520228.472,466320.714,413524.609,369722.887,324000.159,295989.428,263052.159,235699.023,216920.022,200031.641,183003.082,169633.691,156460.191,141737.682,131765.786,122444.346,114536.603,108227.801,99995.212,94144.238,88650.929,82979.854,75827.038
145.9,1.666,0.000,0.000,1.653,0.000,0.000,7.766,0.000,1.961,0.000,0.000,0.811,1.340,4.777,0.000,0.371,3.838,0.000,0.000,0.000,4.114,0.000,1.439,1.733,0.000,1.894,0.000,1018045.741,693514.546,606190.355,542666.859,483422.018,428696.219,382148.075,334593.872,308848.766,277511.668,249850.667,229996.367,213621.106,197326.875,179629.013,167066.935,153365.925,140618.481,131048.485,122464.343,115522.309,107511.581,102776.752,96533.679,90968.073,82445.150
151.2,0.000,7.674,4.752,0.022,0.688,4.470,0.153,0.000,0.000,0.000,0.884,0.000,6.020,4.128,1.934,2.337,1.077,2.534,2.125,1.731,1.503,1.320,0.000,0.000,1.731,1.068,2.397,971222.914,700014.626,616006.315,558063.018,496025.695,448824.015,403676.090,351265.183,319202.097,291396.418,263408.982,241420.676,221601.412,207018.076,192616.182,176983.357,162519.000,150923.867,141478.483,131616.291,125073.784,116194.167,109953.764,104182.862,97546.413,89027.634
156.8,3.303,0.000,0.000,0.000,3.024,1.082,1.435,0.000,6.388,0.000,0.000,0.000,0.000,9.149,2.205,1.887,3.720,1.802,2.155,4.593,0.000,3.960,0.000,0.000,2.757,0.000,0.000,915538.466,699971.425,620393.422,560965.608,505382.502,458543.518,414103.037,365567.961,330110.748,298779.637,271644.585,250884.274,233711.339,217017.461,199071.677,184353.146,170573.289,158775.928,148016.522,138449.426,132360.634,125166.030,116977.035,111271.282,103124.804,95594.255
162.5,0.692,6.860,0.000,2.638,0.715,0.679,5.090,6.048,2.089,0.615,3.114,9.243,1.782,0.000,2.106,4.697,4.228,2.291,1.170,0.000,0.000,0.000,0.000,0.000,4.170,2.550,0.000,868468.248,700880.675,621922.049,564607.790,510975.268,465812.453,415784.302,371322.304,339619.710,310798.095,281642.059,256936.479,244123.537,227099.113,209482.029,195446.561,179893.672,167265.429,156548.542,148427.425,138949.729,130167.046,122883.521,115917.105,110167.639,100973.547
168.5,0.209,4.624,3.987,1.220,4.993,0.000,0.991,2.089,1.291,4.514,0.000,0.000,9.685,0.000,2.702,2.286,0.000,2.345,0.000,0.000,1.676,4.141,4.495,0.000,0.000,1.696,7.022,817906.938,692498.680,615366.194,568036.375,513386.516,466478.863,424199.938,374708.377,347153.562,317542.038,288128.503,266259.997,254207.589,236212.225,217273.752,204062.649,185931.085,175263.640,164909.990,156189.926,145363.513,137221.720,130538.250,122859.915,114454.416,105569.763
174.7,0.382,4.558,0.000,0.000,7.114,0.000,1.943,5.021,2.094,7.254,0.000,2.413,0.000,0.000,0.000,0.000,3.615,6.015,0.632,4.364,0.000,2.228,4.304,0.000,0.000,1.195,0.000,771017.760,676854.212,610017.405,562987.834,509778.332,466188.343,425257.296,381456.366,349443.103,322125.084,293899.465,272250.247,257628.187,240476.612,221277.409,209725.024,191789.503,179696.869,170441.519,161640.919,149907.037,142015.033,133197.736,127432.892,120282.933,111721.036
181.1,6.410,0.000,1.265,0.000,2.206,2.264,6.445,0.000,1.783,0.000,3.486,9.462,0.000,0.000,4.237,0.000,4.975,0.245,0.000,3.232,2.021,0.000,0.000,0.000,0.000,2.420,1.233,723557.241,658284.698,593277.678,549310.932,505062.769,458619.605,426097.361,382512.632,349819.627,324585.424,295516.490,275662.332,260440.612,245524.544,225810.917,211895.514,195105.813,183767.628,172714.036,163063.179,154839.633,145746.282,136526.603,130535.802,124854.226,111918.810
187.7,2.133,6.384,2.003,4.886,8.697,7.328,3.136,0.000,0.000,0.000,1.432,0.000,6.592,0.000,0.000,1.365,3.464,0.000,1.495,4.876,7.008,2.438,2.438,5.846,0.000,0.000,0.000,686168.221,629751.916,571801.671,528126.006,490163.515,450883.889,416669.662,376722.474,346256.467,321816.589,294152.558,276997.913,261578.259,245464.619,228594.882,215095.347,196306.227,187886.466,175235.693,166806.895,158052.046,149755.453,139892.613,132641.209,127427.114,118420.673
194.6,0.000,6.221,0.000,3.792,0.000,6.060,2.871,0.000,1.984,0.000,3.957,0.000,0.000,1.711,0.000,0.000,7.353,0.000,0.000,4.339,4.892,0.000,0.000,3.957,0.000,0.000,2.446,640334.996,596844.395,544223.552,507406.165,471269.725,438067.300,403529.515,367137.821,338586.997,314499.757,288028.643,272228.062,258221.204,243512.052,227639.984,214469.187,196458.341,187822.389,177529.758,169917.777,157899.783,150966.549,143396.131,134007.260,128792.772,119477.933
201.7,0.000,0.000,13.340,8.118,7.331,0.000,0.000,0.056,2.470,0.000,4.126,11.511,0.906,4.890,1.650,1.729,4.939,0.000,1.653,0.000,0.000,2.150,0.000,1.729,7.394,0.790,2.465,599073.947,560537.307,514115.143,484090.568,452816.956,419183.832,388123.639,351584.482,330100.274,306340.602,282512.030,267873.865,255215.912,241134.424,223544.593,210902.356,192917.026,187876.837,176351.385,167826.846,156456.065,149470.074,143710.194,134851.820,129320.664,121771.275
209.1,0.000,0.000,16.324,5.775,1.549,3.356,0.000,0.409,2.478,4.955,1.253,0.000,2.488,1.546,1.679,0.000,1.549,1.573,0.000,0.000,4.945,0.000,0.000,1.804,4.945,4.019,0.000,548291.209,512788.282,474799.390,452198.717,424271.561,394705.615,368699.442,338153.340,316484.496,295564.638,274356.823,258445.050,245447.994,233202.363,218491.201,206029.679,190762.875,182050.722,172904.132,165352.543,154014.448,148672.611,140896.193,134827.836,127686.728,118755.222
216.7,0.000,1.980,15.367,4.477,0.000,1.980,0.504,2.497,2.497,7.492,0.000,0.000,5.015,0.843,0.000,0.000,1.981,0.000,1.461,3.850,0.000,0.843,0.000,0.000,0.000,0.981,0.000,506154.385,465552.607,435467.569,416337.610,393659.797,368516.036,345000.275,319213.815,297857.392,282215.836,257242.143,249050.325,235935.527,224773.655,209184.767,199777.523,185247.782,178141.350,169294.317,159295.451,152169.174,145108.090,137466.989,130462.831,125830.744,117452.911
224.7,0.000,2.517,4.402,1.163,5.034,2.517,4.328,7.550,0.000,2.517,0.000,2.512,2.528,0.000,2.517,6.185,2.517,2.416,1.160,0.000,0.000,0.000,1.160,0.000,7.536,2.021,2.512,450465.352,419864.518,392153.239,375934.189,357008.370,340131.250,320347.582,295741.464,277678.724,265118.747,244262.558,234800.176,223366.392,212543.674,199043.996,189438.730,177062.540,170718.265,162121.904,155714.746,147553.682,139458.497,131716.451,127373.379,121474.938,114087.578
232.9,6.706,5.074,3.151,0.791,5.075,0.000,2.537,7.612,0.000,5.075,2.523,2.532,0.000,0.000,0.000,0.000,0.000,10.130,0.000,0.965,2.346,5.065,2.356,0.000,0.000,0.000,0.000,400581.137,373902.577,348418.584,337119.592,324001.967,308790.641,291217.778,272391.511,257657.657,244368.612,227239.225,219601.223,210467.772,199428.186,189053.447,178611.109,168772.023,161404.795,155920.415,146688.615,139041.642,132538.615,128011.992,120992.919,117916.968,110099.486
241.4,2.894,2.349,5.116,5.116,2.558,0.000,5.116,0.000,0.000,4.887,2.558,0.000,2.569,2.553,0.000,0.000,0.000,0.000,0.000,0.000,0.956,0.000,0.000,2.553,2.553,2.553,0.000,353176.738,321050.911,304133.105,298425.586,286640.908,273220.023,260171.467,244660.517,233258.599,222311.498,207532.099,200909.540,195251.316,184819.059,176056.434,166942.429,159099.949,152112.766,145982.990,139015.581,131550.811,125765.883,120370.802,114052.128,112543.201,105306.493
250.3,0.000,8.874,7.738,5.159,4.322,2.161,0.000,0.000,2.580,0.000,2.580,2.575,5.182,0.000,0.000,0.000,0.000,0.000,0.000,0.000,2.575,2.575,0.000,2.575,5.149,7.306,2.575,307011.225,271455.814,262017.042,257948.038,250138.509,238994.583,230133.699,218989.752,207847.432,201206.236,187670.465,183077.834,176493.609,167332.415,159530.360,153305.134,145638.136,141300.151,135197.597,129075.517,121190.093,116083.435,111963.252,106256.772,104334.181,96718.339
259.5,0.095,2.614,7.841,2.614,0.000,1.330,2.614,2.614,0.000,4.073,1.973,0.000,0.000,3.936,0.000,0.000,0.000,0.000,0.000,2.609,0.000,0.000,2.609,2.609,0.000,1.327,2.609,258913.655,228519.098,222545.443,218496.264,214646.251,205945.643,201886.176,192264.971,182652.494,177601.825,167240.350,161624.761,156855.752,152036.880,145878.057,138014.611,132023.993,127365.171,122332.927,118065.199,110874.111,108402.795,103084.434,98836.827,95676.227,91280.570
269.0,0.000,0.000,0.000,1.763,5.274,2.636,0.000,0.000,2.637,0.000,1.529,0.000,0.000,0.000,4.993,0.000,0.000,0.000,1.526,5.263,0.000,0.000,0.000,0.000,2.632,0.000,0.000,213172.304,185408.226,182360.718,181687.130,177243.350,176151.212,171737.022,164642.074,155629.548,152533.004,145606.225,141623.382,139663.774,133284.135,128263.697,123626.578,117837.859,114212.147,109556.251,106567.251,101281.332,97982.385,92938.515,90094.368,88663.678,83514.457
278.8,0.000,0.000,4.206,0.000,0.000,7.979,0.000,4.399,0.000,0.000,4.207,0.000,5.342,7.964,0.283,0.000,2.660,1.788,2.655,0.000,5.309,0.000,0.000,0.000,0.000,2.655,0.000,167140.176,146501.675,148087.634,147493.609,147353.838,145334.778,142857.045,138342.908,132556.971,129604.076,123069.687,122190.747,121314.454,116375.787,112421.667,108783.086,102763.907,100011.542,97861.536,93379.801,89547.265,87276.085,84144.874,80516.280,78895.998,74719.489
289.0,0.000,10.786,0.608,0.000,0.000,0.000,1.240,0.000,0.000,0.000,0.680,0.000,0.000,5.383,0.000,0.000,0.000,4.517,0.000,2.691,0.000,2.691,0.000,2.692,2.691,0.000,2.692,129900.762,113702.483,115801.408,116614.285,118897.742,118906.661,115509.798,111976.308,109900.140,109938.505,104232.294,103450.259,103969.980,99227.553,95896.191,94246.433,89278.442,86680.597,84825.919,82221.504,77381.518,77761.780,74413.394,71020.513,69359.212,66653.993
299.6,0.000,0.000,0.000,0.000,2.721,0.000,0.000,0.000,2.721,0.000,7.586,2.716,0.000,0.000,0.000,2.716,2.722,0.000,0.000,0.000,0.000,0.000,0.000,2.716,0.000,0.000,0.000,97419.772,85639.871,88850.445,92023.680,92129.972,94707.884,92894.115,90887.042,89575.327,87810.281,85688.835,84476.402,85559.788,82363.279,81194.766,79318.171,75720.193,73812.427,72993.588,69755.911,67577.735,66942.207,64657.550,61748.428,59946.170,57699.363
310.6,10.422,2.760,2.760,0.000,0.000,0.000,2.760,2.760,0.000,0.000,2.744,0.000,5.544,0.000,0.000,0.000,0.000,0.000,2.755,0.000,0.000,0.000,0.000,2.755,0.000,0.000,0.000,70750.176,63448.303,65473.544,69112.543,71378.475,71956.432,73326.588,71095.654,70869.991,70400.570,70722.446,68787.535,69561.302,67078.862,66538.885,65705.104,63521.564,61727.008,61836.259,59549.814,56911.816,57023.889,53606.587,53083.134,52102.616,49334.457
322.0,8.253,0.000,0.000,5.600,0.000,2.800,0.000,2.800,0.000,2.801,0.000,0.000,0.000,0.000,2.801,0.000,0.000,0.767,0.000,2.795,0.000,0.000,0.000,0.000,0.000,5.590,0.000,50228.762,45109.494,47791.745,50444.204,53202.710,53339.337,55300.355,54500.453,56154.383,54167.226,55127.041,54972.759,56307.224,54254.542,54664.045,53432.279,52881.238,50642.952,50392.999,48875.005,48841.079,47409.189,44662.762,44756.355,43415.992,41573.710
333.8,0.886,2.827,5.654,0.000,0.000,2.827,0.000,5.654,0.000,0.000,0.000,0.000,0.000,0.000,0.000,2.822,0.000,2.822,0.000,0.000,0.000,0.000,0.000,2.822,0.000,0.000,0.000,34478.232,31172.846,33025.156,35616.707,37894.911,38385.147,40184.553,40370.090,41695.977,41701.460,41406.758,42305.880,42937.185,42141.638,42180.491,42284.991,41610.895,40699.607,41003.006,39673.742,38243.242,38125.031,37555.961,36086.858,35514.513,34753.366
346.0,2.869,2.869,5.738,2.869,2.870,2.869,5.739,0.000,0.000,0.000,2.870,0.000,0.000,2.864,1.125,0.000,2.870,0.000,5.728,0.000,0.000,2.864,2.864,0.000,0.000,2.864,0.000,22583.657,20574.071,22084.704,24788.100,26906.532,27384.951,28897.053,29867.424,30411.354,30379.991,30828.355,31529.940,33415.062,32246.359,33084.113,32448.948,32517.843,31795.694,31940.373,31644.524,31132.301,30181.098,29670.825,29138.394,28592.779,27902.793
358.7,2.913,0.000,0.000,0.000,0.000,0.000,5.827,0.000,0.000,0.000,0.000,0.000,0.000,2.908,0.000,0.000,0.000,0.000,0.000,2.908,2.908,2.908,0.000,0.000,0.000,2.908,0.000,14950.894,13159.368,14783.345,16005.100,17980.845,18498.638,20275.574,20815.208,21604.992,21934.062,22203.258,23107.642,24394.259,24005.950,24438.971,24988.684,24971.674,24063.794,24417.940,24647.175,23841.537,23244.455,23319.619,23139.011,22793.034,21753.968
371.8,5.917,0.000,5.917,2.959,0.000,0.000,0.000,0.000,0.000,0.000,0.000,0.000,0.000,0.000,0.000,2.953,0.000,0.000,2.953,0.000,2.953,0.000,2.953,0.000,0.000,0.000,0.000,9023.311,8307.517,9483.506,10413.740,11486.349,12600.283,13664.469,14085.943,14556.092,15156.410,15775.441,16370.340,17639.019,17514.096,17993.895,19006.717,18302.455,17981.845,18441.117,18546.642,17955.845,17547.404,18083.092,17762.890,17744.305,17094.606
385.4,0.000,0.000,3.006,3.006,0.000,0.000,0.000,0.000,3.006,0.000,0.000,0.000,0.000,0.000,3.006,0.000,0.000,0.000,0.000,3.000,0.000,0.000,0.000,3.000,0.000,0.000,0.000,5786.363,5350.181,5683.231,6487.163,6882.886,8190.218,8755.171,9471.159,9817.437,10798.102,10755.656,11290.803,12317.626,12840.683,12671.130,13461.407,13387.794,13253.843,14005.425,13754.606,13328.483,13157.305,13102.993,13122.885,13180.102,13355.057
399.5,0.965,0.000,0.000,0.000,0.000,0.000,0.000,0.000,0.000,0.000,0.000,0.000,0.000,0.000,0.000,0.000,0.000,0.000,0.000,0.000,3.032,0.000,0.000,0.000,0.000,0.000,0.000,3346.377,3166.914,3537.235,3915.262,4346.593,4930.244,5692.215,5981.411,6342.209,7064.767,7147.345,7662.161,8357.751,8857.638,9047.449,9120.729,9519.096,9298.376,9957.565,9926.149,9718.842,9863.245,10140.062,9824.762,9845.289,9655.911
414.2,0.000,3.087,0.000,0.000,0.000,0.000,0.000,0.000,0.000,3.398,0.000,0.000,0.000,0.000,0.000,0.000,0.000,0.000,3.081,0.000,0.000,0.000,0.000,0.000,0.000,0.000,0.000,2106.977,1813.979,2091.655,2399.132,2704.343,3089.880,3544.582,3779.270,4132.978,4420.592,4870.961,5233.555,5526.100,6109.193,6095.720,6323.246,6680.768,6875.760,6949.974,7228.802,6971.001,7108.429,6983.358,6979.616,7303.129,7442.600
429.4,6.277,0.000,0.000,0.000,6.278,3.139,0.000,0.000,0.000,2.823,0.000,0.000,0.000,3.133,0.000,0.000,0.000,0.000,0.000,0.000,0.000,0.000,0.000,0.000,0.000,3.133,0.000,1306.378,1076.818,1337.580,1525.007,1637.095,1946.755,2179.421,2408.494,2570.790,3101.175,3185.140,3312.351,3668.803,3901.771,4111.086,4382.585,4475.553,4543.578,4801.806,4689.596,5070.449,4913.839,4934.969,5378.891,4999.074,5120.488
445.1,12.769,0.000,0.000,0.000,0.000,0.000,0.000,0.000,0.000,0.000,3.193,3.186,0.000,0.000,0.000,0.000,0.000,0.000,3.186,0.000,0.000,0.000,0.000,0.000,0.000,0.000,0.000,698.584,647.673,646.672,848.616,975.349,1129.791,1399.494,1486.215,1634.716,1715.096,1846.900,1919.391,2276.326,2559.198,2629.208,2930.415,2996.302,3221.557,3067.511,3422.349,3400.622,3544.198,3398.183,3539.307,3591.552,3804.233
461.4,6.495,0.000,0.000,3.248,0.000,0.000,0.000,3.248,0.000,0.000,0.000,0.000,0.000,0.000,0.000,0.000,0.000,0.000,0.000,0.000,0.000,0.000,0.000,0.000,0.000,0.000,0.000,430.591,407.413,367.842,541.264,570.885,692.129,760.669,918.054,1027.917,1124.402,1223.319,1329.824,1561.280,1623.953,1854.885,1828.555,1916.305,2069.724,2233.305,2235.524,2150.796,2281.089,2407.165,2483.820,2545.079,2387.779
478.3,6.611,0.000,3.305,0.000,0.000,0.000,6.611,0.000,0.000,0.000,3.306,0.000,0.000,0.000,0.000,3.299,0.000,2.574,0.000,0.000,0.000,0.000,0.000,0.000,0.000,0.000,0.000,251.132,283.211,287.279,305.768,352.055,393.765,452.810,461.656,514.148,764.161,743.831,863.275,971.508,1092.941,1180.640,1278.924,1307.810,1311.503,1462.665,1585.421,1493.613,1679.195,1519.860,1655.230,1571.255,1766.103
495.8,3.344,0.000,3.344,0.000,0.000,0.000,0.000,0.000,0.000,0.000,3.169,0.000,0.000,0.000,0.000,0.000,0.000,0.734,0.000,0.000,0.000,0.000,0.000,0.000,0.000,0.000,0.000,178.996,137.481,196.030,211.421,196.091,219.277,273.087,315.440,288.070,334.049,422.904,442.958,529.262,633.191,670.429,887.285,762.564,828.020,908.190,986.067,999.615,1061.970,1028.544,1123.830,1156.074,1109.405
514.0,6.811,0.000,0.000,0.000,0.000,0.000,0.000,0.000,0.000,0.000,0.179,0.000,0.000,0.000,0.000,0.000,0.000,0.000,0.000,0.000,0.000,0.000,0.000,0.000,0.000,0.000,0.000,131.169,122.303,106.693,135.069,96.923,150.190,168.568,124.884,188.723,208.745,222.804,290.092,322.653,361.901,445.717,456.863,486.986,508.992,499.889,585.518,558.780,661.231,775.751,709.566,711.422,702.318
532.8,0.000,0.000,0.000,0.000,0.000,0.000,0.000,0.000,0.000,0.000,0.000,0.000,0.000,0.000,0.000,0.000,0.000,0.000,0.000,0.000,0.000,0.000,0.000,0.000,0.000,0.000,0.000,94.607,74.278,77.134,59.976,66.754,73.022,71.978,105.076,116.016,97.759,139.465,146.746,233.663,230.425,263.113,253.886,257.729,295.882,387.503,280.259,409.974,414.414,413.230,366.015,456.369,489.470
552.3,0.000,0.000,0.000,0.000,0.000,0.000,0.000,0.000,0.000,0.000,0.000,0.000,0.000,0.000,0.000,0.000,0.000,3.529,0.000,0.000,0.000,3.529,0.000,0.000,0.000,0.000,0.000,77.640,67.875,60.743,57.847,46.838,56.699,66.368,85.486,54.049,83.746,121.893,75.467,254.680,102.526,153.060,148.757,157.401,177.614,183.805,175.990,265.584,264.394,266.710,324.144,267.990,280.973
572.5,3.605,0.000,0.000,0.000,0.000,0.000,0.000,0.000,0.000,0.000,0.000,0.000,0.000,0.000,0.000,0.000,0.000,0.000,0.000,0.000,0.000,0.000,0.000,0.000,0.000,0.000,0.000,70.379,41.933,64.527,53.643,25.257,39.741,39.174,38.473,55.105,22.320,33.587,83.634,96.262,74.181,82.526,102.386,163.760,98.323,106.075,132.907,133.867,94.484,167.527,144.854,147.627,189.578
593.5,0.000,0.000,0.000,0.000,0.000,0.000,0.000,0.000,0.000,0.000,0.000,0.000,0.000,0.000,3.652,0.000,0.000,0.000,0.000,0.000,0.000,0.000,0.000,0.000,0.000,0.000,0.000,55.719,56.133,52.724,67.871,36.981,18.300,32.470,35.281,38.379,35.929,27.221,54.224,52.781,40.991,73.240,76.455,55.566,61.768,90.505,74.054,57.420,88.199,77.380,101.489,120.210,117.578
615.3,0.000,0.000,0.000,0.000,0.000,0.000,0.000,0.000,0.000,0.000,0.000,0.000,0.000,0.000,0.000,0.000,0.000,0.000,0.000,0.000,0.000,0.000,0.000,0.000,0.000,0.000,0.000,59.382,18.710,41.416,26.520,33.956,18.670,47.849,25.196,17.798,24.593,6.943,30.486,34.851,13.940,20.872,41.620,41.476,47.566,32.599,41.211,54.420,58.902,59.428,68.434,55.601,68.378
637.8,0.000,0.000,0.000,0.000,0.000,0.000,0.000,0.000,0.000,0.000,0.000,0.000,0.000,0.000,0.000,0.000,0.000,0.000,0.000,0.000,0.000,0.000,0.000,0.000,0.000,0.000,0.000,34.093,15.278,30.744,34.803,30.808,22.868,18.785,3.674,14.533,10.758,19.369,18.292,19.479,10.672,21.304,31.861,3.455,31.211,25.910,31.548,42.892,45.975,17.665,23.441,39.327,31.898
661.2,0.000,0.000,0.000,0.000,0.000,0.000,0.000,0.000,0.000,0.000,0.000,0.000,0.000,0.000,0.000,0.000,0.000,0.000,0.000,0.000,0.000,0.000,0.000,0.000,0.000,0.000,0.000,61.450,34.851,46.755,31.365,31.235,11.592,15.236,22.350,22.103,21.815,34.250,14.313,12.710,14.426,14.400,17.946,17.516,31.644,21.179,31.986,14.258,25.099,25.075,16.233,17.804,17.481
685.4,0.000,0.000,0.000,0.000,0.000,0.000,0.000,0.000,0.000,0.000,0.000,0.000,0.000,0.000,0.000,0.000,0.000,0.000,0.000,0.000,0.000,0.000,0.000,0.000,0.000,0.000,0.000,49.689,19.778,35.820,8.010,7.976,23.684,14.909,37.380,7.526,18.570,3.670,3.655,11.052,3.684,11.032,3.667,7.157,7.184,7.211,14.521,18.206,25.639,3.659,18.258,18.186,24.999
710.5,11.986,0.000,0.000,0.000,0.000,0.000,0.000,0.000,0.000,0.000,0.000,0.000,0.000,0.000,0.000,0.000,0.000,0.000,0.000,0.000,0.000,0.000,0.000,0.000,0.000,0.000,0.000,25.211,36.114,20.187,40.628,16.183,12.013,32.241,12.260,13.448,15.070,7.446,7.416,14.949,18.686,14.922,3.719,3.630,0.000,10.973,22.098,3.693,7.431,3.712,7.409,40.588,7.246
Scan Time (s),155,155,155,155,155,155,155,155,155,155,155,155,155,155,155,155,155,155,155,155,155,155,155,155,155,155,155,155,155,155,155,155,155,155,155,155,155,155,155,155,155,155,155,155,155,155,155,155,155,155,155,155,155
Retrace Time (s),4,4,4,4,4,4,4,4,4,4,4,4,4,4,4,4,4,4,4,4,4,4,4,4,4,4,4,4,4,4,4,4,4,4,4,4,4,4,4,4,4,4,4,4,4,4,4,4,4,4,4,4,4
Scan Resolution (Hz),50,50,50,50,50,50,50,50,50,50,50,50,50,50,50,50,50,50,50,50,50,50,50,50,50,50,50,50,50,50,50,50,50,50,50,50,50,50,50,50,50,50,50,50,50,50,50,50,50,50,50,50,50
Scans Per Sample,1,1,1,1,1,1,1,1,1,1,1,1,1,1,1,1,1,1,1,1,1,1,1,1,1,1,1,1,1,1,1,1,1,1,1,1,1,1,1,1,1,1,1,1,1,1,1,1,1,1,1,1,1
Sheath Flow (L/min),3.000,3.000,3.000,3.000,3.000,3.000,3.000,3.000,3.000,3.000,3.000,3.000,3.000,3.000,3.000,3.000,3.000,3.000,3.000,3.000,3.000,3.000,3.000,3.000,3.000,3.000,3.000,3.000,3.000,3.000,3.000,3.000,3.000,3.000,3.000,3.000,3.000,3.000,3.000,3.000,3.000,3.000,3.000,3.000,3.000,3.000,3.000,3.000,3.000,3.000,3.000,3.000,3.000
Aerosol Flow (L/min),0.978,0.978,0.978,0.978,0.978,0.978,0.978,0.978,0.978,0.978,0.978,0.979,0.976,0.979,0.978,0.979,0.978,0.979,0.979,0.979,0.979,0.979,0.979,0.979,0.979,0.979,0.979,0.980,0.976,0.973,0.970,0.972,0.977,0.984,0.995,1.00,1.01,1.03,1.03,1.02,1.02,1.02,1.03,1.05,1.05,1.04,1.04,1.03,1.03,1.03,1.03,1.03,1.05
Bypass Flow (L/min),0.00,0.00,0.00,0.00,0.00,0.00,0.00,0.00,0.00,0.00,0.00,0.00,0.00,0.00,0.00,0.00,0.00,0.00,0.00,0.00,0.00,0.00,0.00,0.00,0.00,0.00,0.00,0.00,0.00,0.00,0.00,0.00,0.00,0.00,0.00,0.00,0.00,0.00,0.00,0.00,0.00,0.00,0.00,0.00,0.00,0.00,0.00,0.00,0.00,0.00,0.00,0.00,0.00
Low Voltage (V),11.02,11.01,11.02,11.01,11.00,11.01,11.01,11.01,11.00,11.00,11.00,11.00,11.00,11.00,11.00,11.00,11.00,11.00,11.00,11.00,11.00,11.00,11.00,11.00,11.00,11.00,11.00,11.00,11.00,11.00,11.00,11.00,11.00,11.00,10.99,10.99,11.00,11.00,11.01,11.01,11.01,10.99,10.99,10.98,11.01,11.01,11.00,11.00,11.00,11.00,11.00,11.00,10.99
High Voltage (V),9245.79,9246.42,9244.82,9246.42,9244.06,9246.42,9246.42,9246.42,9244.06,9244.06,9244.06,9245.65,9245.34,9246.28,9245.34,9245.65,9245.34,9245.65,9245.34,9245.34,9245.34,9245.34,9245.34,9246.93,9245.34,9246.93,9246.93,9246.93,9246.62,9246.28,9247.22,9248.17,9247.54,9245.97,9239.82,9236.39,9234.53,9230.52,9225.26,9224.04,9226.48,9224.11,9223.50,9220.21,9213.42,9214.63,9215.83,9217.95,9218.86,9220.69,9218.79,9218.19,9214.60
Lower Size (nm), 16.0, 16.0, 16.0, 16.0, 16.0, 16.0, 16.0, 16.0, 16.0, 16.0, 16.0, 16.0, 16.0, 16.0, 16.0, 16.0, 16.0, 16.0, 16.0, 16.0, 16.0, 16.0, 16.0, 16.0, 16.0, 16.0, 16.0, 16.0, 16.0, 16.0, 16.0, 16.0, 16.0, 16.0, 16.0, 16.0, 16.0, 16.0, 16.0, 16.0, 16.0, 16.0, 16.0, 16.0, 16.0, 16.0, 16.0, 16.0, 16.0, 16.0, 16.0, 16.0, 16.0
Upper Size (nm),723.4,723.4,723.4,723.4,723.4,723.4,723.4,723.4,723.4,723.4,723.4,723.4,723.4,723.4,723.4,723.4,723.4,723.4,723.4,723.4,723.4,723.4,723.4,723.4,723.4,723.4,723.4,723.4,723.4,723.4,723.4,723.4,723.4,723.4,723.4,723.4,723.4,723.4,723.4,723.4,723.4,723.4,723.4,723.4,723.4,723.4,723.4,723.4,723.4,723.4,723.4,723.4,723.4
Density (g/cm),1.0,1.0,1.0,1.0,1.0,1.0,1.0,1.0,1.0,1.0,1.0,1.0,1.0,1.0,1.0,1.0,1.0,1.0,1.0,1.0,1.0,1.0,1.0,1.0,1.0,1.0,1.0,1.0,1.0,1.0,1.0,1.0,1.0,1.0,1.0,1.0,1.0,1.0,1.0,1.0,1.0,1.0,1.0,1.0,1.0,1.0,1.0,1.0,1.0,1.0,1.0,1.0,1.0
td + 0.5 (s),1.53,1.53,1.53,1.53,1.53,1.53,1.53,1.53,1.53,1.53,1.53,1.53,1.53,1.53,1.53,1.53,1.53,1.53,1.53,1.53,1.53,1.53,1.53,1.53,1.53,1.53,1.53,1.53,1.53,1.53,1.53,1.53,1.53,1.53,1.53,1.53,1.53,1.53,1.53,1.53,1.53,1.53,1.53,1.53,1.53,1.53,1.53,1.53,1.53,1.53,1.53,1.53,1.53
tf (s),6.24,6.24,6.24,6.24,6.24,6.24,6.24,6.24,6.24,6.24,6.24,6.24,6.24,6.24,6.24,6.24,6.24,6.24,6.24,6.24,6.24,6.24,6.24,6.24,6.24,6.24,6.24,6.24,6.24,6.25,6.25,6.25,6.24,6.23,6.21,6.20,6.18,6.16,6.16,6.17,6.17,6.17,6.16,6.13,6.13,6.14,6.15,6.15,6.16,6.16,6.16,6.15,6.12
D50 (nm),732.8,732.8,732.7,732.8,732.7,732.8,732.8,732.8,732.7,732.7,732.7,732.3,733.6,732.3,732.8,732.3,732.8,732.3,732.3,732.3,732.3,732.3,732.3,732.4,732.3,732.4,732.4,732.0,733.7,734.9,736.2,735.3,733.2,730.3,725.5,723.1,717.9,713.1,711.5,714.6,714.6,713.7,712.6,702.8,704.4,705.9,708.6,709.8,712.1,711.7,710.9,709.3,702.0
Neutralizer Status,ON,ON,ON,ON,ON,ON,ON,ON,ON,ON,ON,ON,ON,ON,ON,ON,ON,ON,ON,ON,ON,ON,ON,ON,ON,ON,ON,ON,ON,ON,ON,ON,ON,ON,ON,ON,ON,ON,ON,ON,ON,ON,ON,ON,ON,ON,ON,ON,ON,ON,ON,ON,ON
Median (nm),19.010,18.557,19.530,19.134,18.964,19.028,18.831,18.861,19.041,19.007,18.622,19.576,19.284,19.402,20.784,19.684,18.796,18.358,19.278,20.644,19.462,19.005,18.398,19.244,19.152,18.622,19.603,100.881,117.170,131.025,139.453,145.600,150.695,154.496,157.963,160.924,164.245,166.534,169.108,171.735,173.451,175.124,177.013,178.783,180.508,182.036,183.112,183.714,185.361,186.241,187.271,188.743,190.161
Mean (nm),45.902,30.276,39.325,34.158,32.941,32.578,32.733,30.881,27.884,31.146,36.521,31.896,32.930,36.115,35.437,35.218,33.479,37.992,35.400,41.656,41.711,42.634,32.446,40.370,43.159,40.410,33.324,107.849,120.520,133.785,142.499,149.109,154.373,158.675,162.274,165.560,168.898,171.411,174.124,176.966,178.656,180.707,182.796,184.794,186.239,187.983,189.203,190.077,191.719,192.705,194.055,195.355,196.847
Geo. Mean (nm),24.520,22.044,24.660,23.560,23.084,23.280,22.735,22.273,21.844,22.543,23.513,23.357,23.449,24.068,24.292,24.531,23.744,23.769,23.450,26.698,26.419,26.009,23.209,25.063,26.842,24.681,24.642,88.779,96.478,113.398,124.404,132.514,138.704,143.717,147.622,151.293,154.846,157.475,160.330,163.199,164.971,167.053,169.210,171.181,172.605,174.238,175.497,176.374,177.983,178.970,180.363,181.599,183.006
Mode (nm),18.106,16.253,16.253,18.106,16.253,17.466,17.466,16.849,16.253,16.253,18.106,20.169,16.253,16.849,18.106,16.253,17.466,17.466,16.253,18.106,16.849,18.769,18.106,17.466,16.253,16.253,18.106,130.975,162.531,162.531,168.485,168.485,168.485,181.056,181.056,181.056,181.056,181.056,187.688,187.688,181.056,187.688,187.688,194.564,187.688,194.564,194.564,187.688,194.564,201.691,201.691,201.691,201.691
Geo. Std. Dev.,2.172,1.761,2.047,1.877,1.852,1.835,1.830,1.780,1.668,1.782,1.955,1.802,1.858,1.953,1.870,1.908,1.897,2.034,1.926,2.090,2.132,2.147,1.843,2.088,2.193,2.128,1.840,1.915,2.089,1.882,1.764,1.689,1.642,1.606,1.586,1.566,1.552,1.542,1.532,1.525,1.519,1.514,1.507,1.504,1.503,1.502,1.499,1.497,1.495,1.493,1.489,1.488,1.488
Total Conc. (#/cm),2.868495e+001,2.892153e+001,2.572900e+001,2.189114e+001,2.142952e+001,2.146176e+001,2.199408e+001,2.152271e+001,2.112126e+001,1.898008e+001,1.621824e+001,1.619621e+001,1.584064e+001,1.408046e+001,1.173804e+001,1.287791e+001,1.434845e+001,1.159444e+001,1.209904e+001,9.319720e+000,9.730869e+000,7.702003e+000,9.170950e+000,7.528349e+000,6.378005e+000,1.025491e+001,9.372980e+000,6.737275e+005,4.210343e+005,3.293360e+005,2.794150e+005,2.422390e+005,2.126976e+005,1.898234e+005,1.674586e+005,1.515887e+005,1.376854e+005,1.245166e+005,1.156968e+005,1.081638e+005,1.007913e+005,9.359631e+004,8.743240e+004,8.041605e+004,7.593579e+004,7.165077e+004,6.779307e+004,6.380750e+004,6.040883e+004,5.719283e+004,5.408171e+004,5.161351e+004,4.792031e+004
Title,,,,,,,,,,,,,,,,,,,,,,,,,,,,,,,,,,,,,,,,,,,,,,,,,,,,,
User Name,VANCELAB,VANCELAB,VANCELAB,VANCELAB,VANCELAB,VANCELAB,VANCELAB,VANCELAB,VANCELAB,VANCELAB,VANCELAB,VANCELAB,VANCELAB,VANCELAB,VANCELAB,VANCELAB,VANCELAB,VANCELAB,VANCELAB,VANCELAB,VANCELAB,VANCELAB,VANCELAB,VANCELAB,VANCELAB,VANCELAB,VANCELAB,VANCELAB,VANCELAB,VANCELAB,VANCELAB,VANCELAB,VANCELAB,VANCELAB,VANCELAB,VANCELAB,VANCELAB,VANCELAB,VANCELAB,VANCELAB,VANCELAB,VANCELAB,VANCELAB,VANCELAB,VANCELAB,VANCELAB,VANCELAB,VANCELAB,VANCELAB,VANCELAB,VANCELAB,VANCELAB,VANCELAB
Sample ID,,,,,,,,,,,,,,,,,,,,,,,,,,,,,,,,,,,,,,,,,,,,,,,,,,,,,
Instrument ID,,,,,,,,,,,,,,,,,,,,,,,,,,,,,,,,,,,,,,,,,,,,,,,,,,,,,
Lab ID,,,,,,,,,,,,,,,,,,,,,,,,,,,,,,,,,,,,,,,,,,,,,,,,,,,,,
Leak Test and Leakage Rate,,,,,,,,,,,,,,,,,,,,,,,,,,,,,,,,,,,,,,,,,,,,,,,,,,,,,
Instrument Errors,Normal Scan,Normal Scan,Normal Scan,Normal Scan,Normal Scan,Normal Scan,Normal Scan,Normal Scan,Normal Scan,Normal Scan,Normal Scan,Normal Scan,Normal Scan,Normal Scan,Normal Scan,Normal Scan,Normal Scan,Normal Scan,Normal Scan,Normal Scan,Normal Scan,Normal Scan,Normal Scan,Normal Scan,Normal Scan,Normal Scan,Normal Scan,Normal Scan,Normal Scan,Normal Scan,Normal Scan,Normal Scan,Normal Scan,Normal Scan,Normal Scan,Normal Scan,Normal Scan,Normal Scan,Normal Scan,Normal Scan,Normal Scan,Normal Scan,Normal Scan,Normal Scan,Normal Scan,Normal Scan,Normal Scan,Normal Scan,Normal Scan,Normal Scan,Normal Scan,Normal Scan,Normal Scan
Comment,,,,,,,,,,,,,,,,,,,,,,,,,,,,,,,,,,,,,,,,,,,,,,,,,,,,,
