Sample File,C:\Users\vancelab\Desktop\Chamber\Raw data\Chamber_Water_SMPS_AgedSmoke_MRH_20230522_dryerNodryer.S80
Classifier Model,3071
DMA Model,3081
DMA Inner Radius(cm),0.00937
DMA Outer Radius(cm),0.01961
DMA Characteristic Length(cm),0.44369
CPC Model,3788 High Flow
Reference Gas Viscosity (Pa*s),1.83245e-005
Reference Mean Free Path (m),6.73e-008
Reference Gas Temperature (K),296.15
Reference Gas Pressure (kPa),101.3
Channels/Decade,64
Multiple Charge Correction,TRUE
Nanoparticle Aggregate Mobility Analysis,FALSE
Diffusion Correction,TRUE
Gas Density,0.0012
Units,dw/dlogDp
Weight,Number
Sample #,1,2,3,4,5,6,7,8,9,10,11,12,13,14,15,16,17,18,19,20,21,22,23
Date,05/22/23,05/22/23,05/22/23,05/22/23,05/22/23,05/22/23,05/22/23,05/22/23,05/22/23,05/22/23,05/22/23,05/22/23,05/22/23,05/22/23,05/22/23,05/22/23,05/22/23,05/22/23,05/22/23,05/22/23,05/22/23,05/22/23,05/22/23
Start Time,17:30:00,17:33:00,17:36:00,17:39:00,17:42:00,17:45:00,17:48:00,17:51:00,17:54:00,17:57:00,18:00:00,18:03:00,18:06:00,18:09:00,18:12:00,18:15:00,18:18:00,18:21:00,18:24:00,18:27:00,18:30:00,18:33:00,18:36:00
Diameter Midpoint
 16.3,0,0,0,15979.6,3920.91,1420.86,921.047,279.952,368.013,124.423,146.031,62.2116,88.5683,31.1058,0,31.1058,0,0,0,31.1058,0,26.3567,0
 16.8,0,0,0,17611,5231.07,1757.46,907.872,681.356,355.471,262.901,29.2112,107.06,19.4264,19.4264,29.2112,29.2112,0,0,0,0,0,29.2112,0
 17.5,0,0,0,19770.8,5311.43,3212.26,1727.11,1146.12,242.032,148.515,274.99,119.207,9.21123,64.2092,0,0,27.499,0,11.0201,0,0,27.499,0
 18.1,0,0,0,23217.3,7045.25,3700.42,1676.23,1399.21,1005.66,514.203,310.956,187.719,310.956,80.9028,0,103.652,25.913,25.913,15.5285,3.16373,0,0,0
 18.8,0,0,0,24705.9,8340.79,4049.04,2165.48,1384,997.147,471.597,258.891,164.12,117.299,118.499,72.8792,48.5861,24.2931,97.1723,48.5861,21.3271,0,0,0
 19.5,0,0,22.9342,27463.9,9586.41,5799.37,2890.77,1698.68,1028.88,673.846,524.33,195.385,302.967,114.671,126.583,149.517,22.9342,114.671,0,22.9342,22.9342,22.9342,0
 20.2,0,0,0,32077,10856.8,6044.38,3498.95,2338.31,1630.86,1077.84,1019.88,556.386,345.888,272.667,231.327,170.523,108.353,69.2185,108.353,108.353,43.3411,25.8774,21.6705
 20.9,0,0,0,36608.6,12743.3,7592.06,4058.96,2908.32,1760.84,1317.73,811.781,421.189,378.241,350.867,255.445,264.544,172.016,52.6941,122.896,19.1014,45.8028,41.4224,48.385
 21.7,0,0,0,41243.8,15069,8221.64,5763.84,3569.54,2330.81,1475.88,1305.59,770.248,558.279,317.733,377.185,142.612,214.697,147.025,179.305,114.321,49.6531,91.95,48.3185
 22.5,18.4385,0,0,44260.9,16230.9,10038.3,6274.95,4090.13,2922.24,2101.29,1371.87,946.118,797.378,515.528,289.261,486.062,216.6,216.085,158.408,115.234,81.5692,161.697,114.984
 23.3,17.5185,0,0,50993.1,19634,11594.1,7846.92,4745.09,3597.73,2408.45,1928.88,1440.59,1429.68,726.367,641.91,532.027,392.119,303.444,363.992,225.84,161.1,212.687,171.284
 24.1,0,0,0,55052.5,23072.2,14536.2,9831.04,5848.1,4031.05,3139.76,2336.73,1754.12,1201.97,1189.71,651.07,550.017,630.036,530.286,471.275,144.315,278.954,193.713,91.3377
 25.0,0,0,0,59160.9,24762.4,16553.2,10928.8,7346.72,5816.52,3882.75,3195.17,1976.34,1709.14,1060.33,1091.74,672.026,681.422,768.113,362.888,269.562,417.874,323.276,259.346
 25.9,0,0,0,64069.5,29355.7,18719.9,12494.9,9411.86,6607.53,5430.51,3333.08,2680.72,2164.19,1709.45,1432.27,1004.25,1037.19,689.744,590.373,656.24,587.492,446.586,321.586
 26.9,0,0,0,72029.7,33106.1,21444,14723,10207.7,8363.33,6009.38,4264.1,3733.57,2773.01,2518.04,1986.76,1198.79,1161.55,940.268,707.838,880.831,755.171,418.906,551.933
 27.9,13.7633,0,0,78473.8,37253.4,24600.9,17390.2,12748.5,10173.2,7701.09,6017.47,4532.84,3559.05,2696.5,2522.99,2127.9,1460.55,1431.24,1129.27,857.355,1052.17,849.711,555.211
 28.9,0,0,0,85494.8,43086.5,28347.5,20579.1,14791.2,12360.8,9044.69,6493.88,5600.41,4336.57,3606.49,2894.58,2575.65,2260.87,1961.26,1624.87,1032.21,1250.76,842.574,917.137
 30.0,0,0,0,88659.7,46154.4,31957.7,24560.9,18822.9,13885.1,10692.8,8847.14,6772.89,5357.58,4462.85,3618.32,2809.9,2649.87,2036.31,1654.95,1761.26,1261.83,1294.16,1054.05
 31.1,0,0,0,98628.5,53840.9,36463.6,27233.7,21070.7,16424.5,12503.9,9554.91,8603.54,6695.24,5616.14,4280.75,4211.74,3244.61,2560.16,2361.17,2137.28,1930.99,1686.92,1338.4
 32.2,0,0,0,103634,59188.4,40309.4,31822.1,24699.4,19897.4,14851,12116.2,10341.5,8750.25,7129.48,5497.59,4866.82,4189.68,3233.55,2938.44,2902.23,2004.67,1618.37,1671.85
 33.4,0,0,0,109765,64244.5,45554.4,35392.7,28254.3,20875.1,17431.7,15893.6,12278.2,9899.57,8234.05,7205.42,5883.39,5681,4428.83,3744.88,3675.93,3092.19,2469.13,2546.04
 34.6,0,0,0,114213,69260.1,51829.9,40287.5,32184.8,26813.7,21805.4,17205.7,14000.8,11766.8,10409.5,8529.65,7460.09,5881.41,5257.27,5201.06,4291.34,3752.84,2844.32,2966.7
 35.9,0,0,0,121853,78024.6,58494.6,46488.2,35048.2,29488.9,24651.6,20690.3,16549.1,12894.8,11799.2,9935.32,9124.86,7787.18,6842.08,5662.45,4941.18,4519.43,3827,3760.15
 37.2,0,0,0,130258,83964.9,63002.8,51428.9,41461.7,34177.7,28140.6,23300.3,21480.5,16959.3,14862,11656.7,10500.5,9159.89,8593.03,7854.53,5975.49,5423.6,4791.08,4303.78
 38.5,9.6401,0,0,136839,90537.6,70987.8,57271.9,47814.8,39177.2,33383.1,27169.9,23520.5,19829.3,18247.1,14705,13319.2,11636.8,10054.4,9125.6,7725.92,6684.29,6042.36,5326.61
 40.0,0,9.34563,323712,146515,100093,77233.3,65075.1,53309.1,44294.4,37022.9,31255.6,28189.8,23176,20060.9,17074,15783.6,13657.3,12106.7,11557.4,9523.05,8595.42,7861.4,7105.62
 41.4,0,0,1.02512e+006,150469,108022,86963.3,69770.3,60177.3,50138.7,42031.2,37622,31796.6,27784.2,22123.6,20731.6,17867.4,16747.4,13723.3,12931,11181.8,10205.5,9194.3,8505.5
 42.9,0,0,1.9062e+006,161857,118614,93135.2,79204.6,66559.6,57776.3,48133.1,42147.8,35773.3,29642.4,27147.1,23597.6,21087.5,19195.6,17686.1,15035.5,13784.7,11749.5,11126.3,10778
 44.5,0,0,2.68925e+006,165830,125585,103991,85944.9,73122.7,62745.7,54266.4,47033.1,41419.2,33631.3,30625.9,28018.9,24706.1,21716.3,20008,18278.6,14911.8,14229.3,13594.3,12154.4
 46.1,0,8.21657,2.94675e+006,185354,137756,113205,96301.4,84918.3,73085.4,61668,53208.7,47222.9,40613.8,36685.8,31771.1,27910.9,26208.1,23715.7,20902.5,18388.5,18272.4,15416.3,14911.7
 47.8,0,0,3.14684e+006,205466,151708,125363,105499,94701.6,79762.9,69207.6,60686.7,53093.1,48032.5,42204.4,38875.4,33665.6,30677.6,28531.4,25216.1,23002.9,21174.3,18371.4,17774.7
 49.6,0,0,3.21021e+006,229765,166743,138753,121391,103881,90309.3,79529.2,70928.7,64143.8,55368.2,49659.2,42976.2,39370,36303.8,33753.6,29460.4,27002.1,24398.7,23125.9,22138.3
 51.4,0,0,3.03357e+006,249168,176752,152126,130672,117637,101849,90388.6,78824.3,70955.7,63734.2,56445.5,49861.6,45143.7,43459.5,37535.3,35726.3,31633.5,29304.7,27848.9,25247.7
 53.3,0,0,2.60632e+006,261018,194750,166077,145421,129431,116317,100939,89304.7,79552,70917.6,65526.1,57643,52873.8,50002.6,44809.3,39567.3,36371.8,34092,32456.6,29470.2
 55.2,0,0,2.17815e+006,285194,210339,181408,161031,145440,129576,111763,101636,87403.2,80365,72683.9,66814.3,61369.3,57012.1,50843,46559.4,42677,41844.1,36753.7,34242.7
 57.3,0,0,1.70641e+006,301137,224938,195910,174620,160854,141186,126944,113563,100734,90647.3,82446.6,75829.9,68788.6,62641.8,58269.9,54783.7,49989.3,47332.6,42946.3,40697.7
 59.4,6.84993,0,1.31288e+006,327387,244612,217578,193587,176104,156033,138384,129002,114580,103787,93978.6,85669.4,79404.4,74426.4,68860.7,62379.8,57785,54557.7,49862.4,46340
 61.5,0,0,1.07529e+006,348543,268165,238683,210509,190584,172952,152707,139938,127801,116721,104581,95986.8,89319.6,83237.4,77261.7,71393.2,64972.5,62684.9,57096.2,54974.6
 63.8,0,5.83578,987936,377290,285048,258322,230625,211398,187963,171180,155280,142885,129606,118644,109906,102541,94201.9,87941.5,81907.3,77502.4,72476.4,64685.3,61636.2
 66.1,0,0,1.03824e+006,394133,314203,275202,251097,228392,205861,184839,168524,159184,143567,131145,123414,114899,106979,95744.2,92197.3,84311,79545.4,73415.4,69302.3
 68.5,0,0,1.06369e+006,419203,336080,299431,276207,246286,225202,207363,189921,172782,157568,148191,135665,128949,120380,109973,103037,94439.3,89732.1,84961,79220.3
 71.0,0,0,998906,428862,346630,305991,281995,251320,234374,213699,196086,180565,166165,157156,142277,133482,125335,115780,109405,103255,94085.4,89697.8,84379.7
 73.7,0,0,964512,452994,366276,323460,299496,269379,246779,225769,210893,192690,178508,166867,154877,147139,133977,124852,117139,110728,102161,95382,90665.8
 76.4,5.17477,0,1.02688e+006,475509,385103,348054,316944,290104,267873,241062,223394,210414,193900,179352,168678,158061,147367,140597,128209,122551,113579,109230,104117
 79.1,0,0,1.15348e+006,494473,406000,368525,338220,306777,285671,265119,242031,228964,208481,190769,181498,173544,161861,156245,143891,133923,125337,119592,111070
 82.0,0,0,1.17701e+006,503361,427429,389140,362073,327698,307823,282778,260663,240846,228114,212358,197917,187597,174923,167886,157078,145788,137970,129914,120751
 85.1,0,0,934775,502618,447679,400892,373944,347372,322517,299545,278068,261573,240246,227724,210962,201177,186514,179389,165850,158575,150436,143544,133719
 88.2,0,0,631424,505780,470056,421865,394244,363716,344015,317690,295843,278167,254504,244313,228536,213817,199229,192336,181663,169712,162315,156055,143907
 91.4,4.94117,0,383576,519549,486294,436096,409900,384734,359705,335841,309102,295178,269477,258662,241268,226353,215418,203122,191291,186370,172227,165221,156181
 94.7,0,5.61637,227509,530959,505794,457877,425849,400093,378782,351257,330142,308125,289501,273426,250538,240727,232189,217626,205919,194631,183969,176245,166590
 98.2,4.80514,0,159009,543733,509228,469524,441295,414304,392360,368317,346579,326391,302335,286699,269660,253895,242302,233734,214971,208029,198223,189175,177082
101.8,0,0,227565,551657,523231,486124,462141,428528,406110,377873,358102,337613,315709,301499,280951,267156,256843,243774,228522,220968,211229,202072,191031
105.5,0,0,313844,569872,534466,500091,472224,443336,419115,397978,368702,353503,331865,312053,296683,278773,265824,256002,238661,229726,219927,212543,197896
109.4,0,0,251144,586625,538164,502821,478706,453455,433489,410286,383240,358926,344286,324412,305147,288233,277128,265634,249903,239216,227392,217337,206395
113.4,3.97924,0,133978,602291,547944,510473,486978,458989,438562,415286,387547,369945,348321,334837,316347,299422,286975,277278,263743,246351,239058,226818,218087
117.6,0,0,102494,596000,548094,510383,493387,465800,447017,418812,396024,376668,359568,342079,323300,305159,295259,277900,271621,253114,245474,231062,226888
121.9,0,5.34025,119709,600081,550224,511326,495097,473372,454665,422879,406292,384946,366900,348976,332147,317147,299529,288514,278781,259810,251864,241950,232689
126.3,0,3.7985,131759,604585,545534,513898,498345,471155,453644,430507,408242,383372,373268,353897,338091,321628,305592,296230,286408,269306,259194,246410,236886
131.0,5.2273,0,169562,597316,541219,513155,495278,467926,453669,428804,406929,391989,375148,359314,343563,329667,312731,301449,289185,273551,263317,251370,241922
135.8,0,0,284179,589545,530346,506795,490343,466153,448873,428712,404700,387702,376423,355930,341771,331108,313250,302170,292715,279210,270953,256069,246955
140.7,5.34796,0,411766,570874,526150,502464,482922,461126,445116,422906,407452,389497,372603,355929,345478,329708,318704,304293,297527,281510,274009,258759,252508
145.9,0,0,443298,553747,512203,488658,472377,451958,435145,418728,402856,382970,372508,353517,342308,329327,316285,303979,296689,285377,275058,261107,254952
151.2,0,4.74,418515,529946,494357,469134,459551,441752,424295,405781,393896,375872,363826,349453,339236,326264,313930,302258,290488,283694,271419,259624,252860
156.8,0,5.00012,393238,503738,480137,454105,443395,427968,413725,395311,380261,364447,355496,343499,332796,319241,309308,296651,290281,278641,267221,254486,251081
162.5,5.37699,0,379372,475346,457866,436524,426139,410841,396189,381111,370522,358782,341603,332800,325526,312416,300479,289164,282400,269314,260191,253535,246631
168.5,0,0,425200,443395,431143,410342,405804,390655,373698,366785,357153,341294,330460,318934,312648,301103,292288,281678,275855,264266,253570,244827,242669
174.7,5.43262,0,515444,416009,403227,390376,382065,370749,357819,346671,339176,322621,318116,305821,304837,289611,280042,271483,266246,255685,247485,238046,234133
181.1,0,0,570227,383789,373080,365347,356718,346766,335363,328666,319665,310040,302752,290605,287386,278694,268692,261123,253739,245105,236607,231232,224121
187.7,16.4737,0,561041,351019,347656,336146,331883,324096,312640,304894,298504,290949,279618,271902,270926,260784,253919,247014,241604,232056,226116,216589,211543
194.6,0,4.42891,501774,316880,312618,304835,304583,297150,287165,278261,273530,270318,263644,255936,249209,241180,235774,227378,224483,218560,212417,203618,198532
201.7,0,0,424908,281908,281040,274023,273146,268099,263606,259070,252616,245311,240432,236615,231671,224223,218940,211106,210088,203031,192160,189851,185710
209.1,0,0,359983,248986,251452,244138,245654,242511,238295,233128,228895,222454,218530,214600,207332,204787,199452,192981,191602,184756,180593,174685,171901
216.7,0,0,293925,219361,221142,217039,214261,215846,209209,208277,203472,201029,195579,193913,190053,185217,178713,173819,173686,169591,162294,160116,155132
224.7,0,0,231932,186447,192304,189547,189830,187250,187310,182549,181999,179177,175611,171522,170139,164328,160929,156314,155764,149491,145777,143235,143217
232.9,0,0,188617,159501,165061,165114,164745,162687,161810,159605,157026,157399,153519,150387,147623,144506,141861,137825,136860,133755,129220,125671,126279
241.4,0,0,167753,136413,140555,142312,140617,140687,141151,136929,136960,136198,132690,131166,128828,127321,124791,122150,118711,117972,113670,112330,110117
250.3,0,0,150248,114995,118149,119555,118937,118184,117073,116759,116746,115458,114015,111105,111679,107896,106586,105043,101721,103782,100201,96595.5,94579.4
259.5,0,0,131754,93398.3,97059.7,97927.4,98219,98997.3,99160.3,96000.4,98246.3,95968.3,95979.9,94831.9,94028.8,90515.1,89974.5,87843.1,87911.7,87821.8,85652.2,81261.3,82359.5
269.0,0,0,112328,75966.1,78521.4,79552.4,80913.9,81648.4,80361.3,80782,80926.4,81737.6,80762.9,78703.2,79444.1,74984,75519.7,74347.2,72355.8,72346.5,70796.1,67571.6,68147.2
278.8,0,0,92430.5,60218.5,64120.4,64334.7,63915.1,64382.2,65862.9,64878.8,67036,66582.1,65421.3,64197.1,64411.2,63222.1,61360.5,60267.5,61534,59764,57309.6,56436.5,55934.4
289.0,0,0,72292.4,47228,50395.2,51489.8,52044.1,52376.7,52759.4,53819.7,53257.4,53128.2,52697.8,50794,52313.1,51534.5,49887.9,49774.4,49209.6,48830.1,46666.2,46106,44930.2
299.6,0,0,54140.4,36595.8,39727.4,39870.1,41390.7,41311.7,41145.4,41072.7,41467.6,41753.4,42701.2,40634,42157.2,40482.7,39130.6,39596,38156.3,38871.2,36986.7,37400.1,36889.5
310.6,0,0,38434.5,28646.5,29285.2,30947.1,31048.8,31795.6,32027.5,32446.9,31438.4,31520.4,33097.2,32250.2,33080.6,31468.8,30911.1,30067,30724.6,31632.6,29474.8,29395.3,28868
322.0,6.44078,6.44078,26926.1,21941.7,22547.4,23774.5,23686.7,23788.7,24390.6,24878.7,24458.6,24968.7,25798.8,24473.1,25154.5,23995.2,24306.5,23802.2,23645.3,23962.3,23458.6,22838.6,21970
333.8,0,0,18540.3,15643.2,16644.9,18087.2,17863.7,17923.8,17981.6,18483.2,19123.7,18657.9,19059.4,18725.9,19175,18004.9,18137.5,18504.2,17438,17392.2,16746,17278.4,17276.6
346.0,0,0,12891.3,12016.3,12870,12822.2,13121.7,13765.6,13462.8,13914.3,13825.5,13409.3,14104.1,14043.7,13518.6,13609.5,13635.7,13162.5,13533.4,13444.9,12732.6,12402.8,12332.3
358.7,0,0,9022.99,8305.49,9162.38,9288.4,9274.85,9855.17,9917.76,9477.89,9717.02,9857.35,9816.7,9813.48,9780.82,9645.91,9616.99,9363.22,9709.35,9717.47,9310.84,9037.65,9751.2
371.8,0,0,6367.02,5963.79,6336.04,6583.75,6855.08,6712.48,6951.85,6809.65,7046.3,7231.7,6905.17,7071.23,7254.98,6949.08,6722.3,6989.4,6946.26,6946.94,6926.78,7010.59,6516.85
385.4,0,0,4347,4114.48,4420.33,4656.49,4771.46,4815.97,5008.79,4793.35,4895.57,4915.05,5034.57,5102.92,5195.41,4861.84,4933.02,5018.21,4807.69,4566.86,4459.35,4668.36,4644.66
399.5,0,0,3208.75,2808.43,3148.84,3172.11,3483.56,3410.58,3126.29,3199.88,3553.82,3291.72,3239.09,3339.81,3208.65,3367.99,3132.71,3117.35,3186.79,3165,3068.31,3305.24,3204.37
414.2,0,0,2132.95,1946.67,1924.75,2051.74,2225.76,2083.36,2332.62,2512.37,2315.77,2206.21,2256.38,2287.86,2464.73,2152.7,1969.09,2294.13,2292.8,2157.99,2107.44,1939.92,2164.89
429.4,0,0,1228,1288.88,1444.56,1578.94,1530.06,1504.11,1707.75,1633.81,1466.09,1462.72,1593.7,1532.09,1580.53,1472.02,1414.59,1467.26,1178.36,1541.9,1486.73,1400.7,1468.37
445.1,0,0,1063.24,1059.85,986.955,902.286,935.484,1101.78,870.883,903.59,1002.39,996.491,1030.04,947.933,1049.24,768.693,934.7,973.551,923.08,1003.58,783.821,850.378,809.686
461.4,0,0,760.871,586.279,587.217,703.767,634.205,729.014,556.698,669.216,697.276,679.443,491.93,662.213,650.989,639.116,688.569,636.605,549.041,656.47,617.31,593.229,560.376
478.3,0,0,532.385,347.498,498.106,548.131,309.218,455.563,475.609,440.561,540.883,478.594,410.531,522.623,434.603,437.563,404.3,438.306,490.598,340.76,459.578,401.785,263.182
495.8,0,0,322.022,315.41,213.731,270.552,330.946,217.832,299.69,312.904,266.262,347.926,301.468,281.987,228.055,358.106,204.085,349.177,268.424,241.08,255.549,262.878,212.131
514.0,0,0,249.078,175.635,250.818,202.982,197.859,221.255,251.166,251.166,237.665,164.692,185.057,221.603,236.153,214.74,218.696,186.573,235.805,199.727,167.952,245.699,203.682
532.8,0,0,239.54,124.082,160.147,176.086,147.461,98.8123,192.379,131.044,147.336,176.793,69.9594,167.94,110.69,136.768,94.9784,107.437,139.315,124.082,123.729,155.835,98.1063
552.3,0,0,73.9003,99.6597,144.717,86.862,132.077,107.767,119.922,91.2372,107.767,78.2755,94.6417,86.5406,152.176,53.4803,53.4803,24.6313,99.0169,99.3383,82.1654,57.8555,66.1206
572.5,0,0,54.8288,79.1982,79.8554,62.9519,104.995,79.8554,88.3072,88.3072,33.4784,105.539,117.996,84.5177,42.0434,37.9252,63.2805,62.9519,58.8337,41.6016,50.7106,50.7106,109.873
593.5,0,0,38.7205,47.3008,46.2408,38.7205,64.68,79.5018,47.3008,90.2021,42.9013,55.8811,51.4816,67.5821,68.8608,64.4613,47.3008,63.4013,59.0018,60.0619,17.1605,33.261,17.1605
615.3,0,0,0,0,0,0,0,0,0,0,0,0,0,0,0,0,0,0,0,0,0,0,0
637.8,0,0,0,0,0,0,0,0,0,0,0,0,0,0,0,0,0,0,0,0,0,0,0
661.2,0,0,0,0,0,0,0,0,0,0,0,0,0,0,0,0,0,0,0,0,0,0,0
685.4,0,0,0,0,0,0,0,0,0,0,0,0,0,0,0,0,0,0,0,0,0,0,0
710.5,0,0,0,0,0,0,0,0,0,0,0,0,0,0,0,0,0,0,0,0,0,0,0
Scan Up Time(s),155,155,155,155,155,155,155,155,155,155,155,155,155,155,155,155,155,155,155,155,155,155,155
Retrace Time(s),10,10,10,10,10,10,10,10,10,10,10,10,10,10,10,10,10,10,10,10,10,10,10
Down Scan First,FALSE,FALSE,FALSE,FALSE,FALSE,FALSE,FALSE,FALSE,FALSE,FALSE,FALSE,FALSE,FALSE,FALSE,FALSE,FALSE,FALSE,FALSE,FALSE,FALSE,FALSE,FALSE,FALSE
Scans Per Sample,1,1,1,1,1,1,1,1,1,1,1,1,1,1,1,1,1,1,1,1,1,1,1
Impactor Type(cm),0.071,0.071,0.071,0.071,0.071,0.071,0.071,0.071,0.071,0.071,0.071,0.071,0.071,0.071,0.071,0.071,0.071,0.071,0.071,0.071,0.071,0.071,0.071
Sheath Flow(lpm),3,3,3,3,3,3,3,3,3,3,3,3,3,3,3,3,3,3,3,3,3,3,3
Aerosol Flow(lpm),1.5,1.5,1.5,1.5,1.5,1.5,1.5,1.5,1.5,1.5,1.5,1.5,1.5,1.5,1.5,1.5,1.5,1.5,1.5,1.5,1.5,1.5,1.5
CPC Inlet Flow(lpm),1.5,1.5,1.5,1.5,1.5,1.5,1.5,1.5,1.5,1.5,1.5,1.5,1.5,1.5,1.5,1.5,1.5,1.5,1.5,1.5,1.5,1.5,1.5
CPC Sample Flow(lpm),0.3,0.3,0.3,0.3,0.3,0.3,0.3,0.3,0.3,0.3,0.3,0.3,0.3,0.3,0.3,0.3,0.3,0.3,0.3,0.3,0.3,0.3,0.3
Low Voltage,14.0228,14.0228,14.0228,14.0228,14.0228,14.0228,14.0228,14.0228,14.0228,14.0228,14.0228,14.0228,14.0228,14.0228,14.0228,14.0228,14.0228,14.0228,14.0228,14.0228,14.0228,14.0228,14.0228
High Voltage,9507.79,9507.79,9507.79,9507.79,9507.79,9507.79,9507.79,9507.79,9507.79,9507.79,9507.79,9507.79,9507.79,9507.79,9507.79,9507.79,9507.79,9507.79,9507.79,9507.79,9507.79,9507.79,9507.79
Lower Size(nm),15.9634,15.9634,15.9634,15.9634,15.9634,15.9634,15.9634,15.9634,15.9634,15.9634,15.9634,15.9634,15.9634,15.9634,15.9634,15.9634,15.9634,15.9634,15.9634,15.9634,15.9634,15.9634,15.9634
Upper Size(nm),723.394,723.394,723.394,723.394,723.394,723.394,723.394,723.394,723.394,723.394,723.394,723.394,723.394,723.394,723.394,723.394,723.394,723.394,723.394,723.394,723.394,723.394,723.394
Density(g/cc),1,1,1,1,1,1,1,1,1,1,1,1,1,1,1,1,1,1,1,1,1,1,1
Title,,,,,,,,,,,,,,,,,,,,,,,
Status Flag,Conditioner Temperature Error ,Conditioner Temperature Error ,Conditioner Temperature Error ,Conditioner Temperature Error ,Conditioner Temperature Error ,Conditioner Temperature Error ,Conditioner Temperature Error ,Conditioner Temperature Error ,Conditioner Temperature Error ,Conditioner Temperature Error ,Conditioner Temperature Error ,Conditioner Temperature Error ,Conditioner Temperature Error ,Conditioner Temperature Error ,Conditioner Temperature Error ,Conditioner Temperature Error ,Conditioner Temperature Error ,Conditioner Temperature Error ,Conditioner Temperature Error ,Conditioner Temperature Error ,Conditioner Temperature Error ,Conditioner Temperature Error ,Conditioner Temperature Error 
td(s),1.1,1.1,1.1,1.1,1.1,1.1,1.1,1.1,1.1,1.1,1.1,1.1,1.1,1.1,1.1,1.1,1.1,1.1,1.1,1.1,1.1,1.1,1.1
tf(s),5.51527,5.51527,5.51527,5.51527,5.51527,5.51527,5.51527,5.51527,5.51527,5.51527,5.51527,5.51527,5.51527,5.51527,5.51527,5.51527,5.51527,5.51527,5.51527,5.51527,5.51527,5.51527,5.51527
D50(nm),593.091,593.091,593.091,593.091,593.091,593.091,593.091,593.091,593.091,593.091,593.091,593.091,593.091,593.091,593.091,593.091,593.091,593.091,593.091,593.091,593.091,593.091,593.091
Median(nm),59.97,120.029,56.567,102.643,109.413,112.634,115.326,117.512,119.378,121.32,123.21,124.623,126.5,127.635,129.47,130.384,131.36,132.165,133.693,134.771,135.333,136.049,137.339
Mean(nm),94.1187,122.934,79.898,111.097,118.176,121.486,124.091,126.32,128.238,130.223,132.075,133.607,135.336,136.523,138.194,138.995,139.992,140.928,142.245,143.358,143.858,144.694,145.746
Geo. Mean(nm),63.8572,97.9394,69.1153,96.4152,104.531,108.206,111.122,113.496,115.594,117.692,119.584,121.178,122.989,124.242,125.927,126.799,127.815,128.801,130.144,131.233,131.809,132.652,133.693
Mode(nm),22.4679,39.9542,49.5807,126.346,121.881,126.346,126.346,121.881,121.881,126.346,126.346,130.975,135.773,130.975,140.746,135.773,140.746,140.746,140.746,145.902,145.902,145.902,145.902
Geo. Std. Dev.,2.46281,1.96867,1.6337,1.74812,1.67428,1.64611,1.62468,1.61104,1.59797,1.58747,1.58026,1.5732,1.56559,1.55989,1.55493,1.55053,1.54733,1.54289,1.53929,1.53672,1.53338,1.53072,1.52908
Total Concentration(#/cm³),2.02203,0.91817,729196,350429,302682,277264,261210,244949,231455,217515,205819,195117,185037,176050,168117,160181,153153,146630,140836,134402,128751,123152,118790
Comment,,,,,,,,,,,,,,,,,,,,,,,
