Sample File,C:\Users\vancelab\Desktop\Chamber\Raw data\Chamber_Water_SMPS_FreshSmoke_LRH_20230514_ozonecheck_nodryercomp.S80
Classifier Model,3071
DMA Model,3081
DMA Inner Radius(cm),0.00937
DMA Outer Radius(cm),0.01961
DMA Characteristic Length(cm),0.44369
CPC Model,3788 High Flow
Reference Gas Viscosity (Pa*s),1.83245e-005
Reference Mean Free Path (m),6.73e-008
Reference Gas Temperature (K),296.15
Reference Gas Pressure (kPa),101.3
Channels/Decade,64
Multiple Charge Correction,TRUE
Nanoparticle Aggregate Mobility Analysis,FALSE
Diffusion Correction,TRUE
Gas Density,0.0012
Units,dw/dlogDp
Weight,Number
Sample #,1,2,3,4,5,6,7,8
Date,05/14/23,05/14/23,05/14/23,05/14/23,05/14/23,05/14/23,05/14/23,05/14/23
Start Time,13:51:00,13:54:00,13:57:00,14:00:00,14:03:00,14:06:00,14:09:00,14:12:00
Diameter Midpoint
 16.3,0,0,0,0,0,0,0,0
 16.8,0,0,0,0,0,0,0,0
 17.5,0,27.499,0,0,0,0,0,0
 18.1,25.913,29.0767,0,0,25.913,0,0,0
 18.8,0,21.3271,0,0,0,0,0,0
 19.5,45.8683,22.9342,45.8683,0,0,0,0,0
 20.2,21.6705,65.0116,21.6705,0,21.6705,25.8774,0,65.0116
 20.9,0,28.0333,12.9498,13.433,35.1523,30.6522,14.5415,36.2505
 21.7,104.646,89.319,34.4271,10.8189,0,11.9365,72.0661,91.3539
 22.5,15.1295,78.3153,66.1767,78.1832,0,2.45251,45.6202,6.84131
 23.3,55.6052,59.2729,43.4849,0,98.2298,122.615,54.606,55.5804
 24.1,116.569,53.6057,20.8581,106.215,93.2998,73.6774,11.2552,94.2654
 25.0,156.264,112.391,126.801,174.223,56.2245,42.0072,88.8487,95.3158
 25.9,119.908,157.229,313.716,242.925,93.0356,109.902,65.4813,74.7087
 26.9,391.503,481.409,253.679,242.761,263.178,114.097,108.466,163.136
 27.9,437.553,326.096,366.279,190.863,282.719,226.663,223.193,159.085
 28.9,633.17,641.979,499.577,409.017,238.437,241.616,221.302,201.74
 30.0,919.979,798.624,607.111,568.231,469.698,511.657,479.038,381.334
 31.1,805.959,723.931,963.926,586.684,478.962,509.907,379.702,392.276
 32.2,1318.56,967.223,1019.64,847.987,551.2,970.955,587.41,703.924
 33.4,1712.93,1409.71,1424.55,1117.83,1044.85,936.645,828.771,775.165
 34.6,1781.97,1619.51,1850.21,1252.33,1303.11,1224.53,1034.41,1037.69
 35.9,2552.26,2413.22,2083.01,1730.25,1624.1,1570.49,1488.75,1222.15
 37.2,3146.8,2626.76,2471.43,2124.49,2218.86,1786.09,2199.03,1726.76
 38.5,3414.14,3171.24,3160.71,2861.95,2255.21,2268.77,2125.4,1916.82
 40.0,4156.77,3763.87,3725.42,3284.3,3189.21,2729.53,2681.79,2293.71
 41.4,5176.64,4231.35,4631.75,4124.74,3961.74,3822.96,3156.21,2737.02
 42.9,6594.05,5727.46,5495.97,4635.54,4324.57,3968.03,3628.01,3313.67
 44.5,7547.9,6464.2,5916,5621.58,5856,4588.39,4455.4,4429.15
 46.1,8740.33,8052.21,7240.58,6148.67,6687.32,5881.39,5775.45,5545.35
 47.8,10725.1,9979.17,8448.23,8607.86,7484.48,6836.43,6704.15,5846.1
 49.6,11920.5,10593.9,10363.6,9894.27,8943.36,7815.16,7936.41,7257.56
 51.4,13838.2,13561.4,11809.4,10884.5,10153.6,9581.94,8700.81,8341.32
 53.3,15919.7,14530.2,13438.1,12235.2,11381.7,10750,10709.1,9603
 55.2,18576.5,17054.4,15805.6,14729.6,13672,13068.4,11692.4,10912.4
 57.3,20868.4,19507.3,18137,16956.7,15394.8,15545.1,13776.3,12755.5
 59.4,24017.6,22545.3,20956,18611.4,18732.4,16605.1,15945,15095.2
 61.5,28575.8,25861.1,23251.7,21477.7,20730.6,19035.8,17871.7,16296.7
 63.8,29866.4,29921.9,26181.8,25871.7,22138.8,22424.2,20521.4,18499.4
 66.1,34503.6,32527.6,30665.9,29470.1,25561.6,24900.8,23882.9,21729.1
 68.5,38512.6,35517.9,32539.2,32066.3,30076.9,27595.5,26703.1,25647.8
 71.0,41218,37293.2,34291.2,34061.8,30950.4,29393.2,27957.5,25939.8
 73.7,44456.2,40242,37142.8,35830.9,33015.7,31782.9,29030.1,27169.1
 76.4,47614.9,43124.4,41334.5,38132.1,35949.9,34836.9,32997.3,30441
 79.1,52338.3,47818.2,45296.5,43403.2,39162.5,37423.1,35902.8,33423.7
 82.0,56506.1,52310.4,50303.2,47032.2,42658.3,41288,39150.3,36281.1
 85.1,61060.8,56569.3,52717.3,50457.5,47105.8,43925,42401.6,38286.6
 88.2,66080.5,62849.4,58698.5,53247.9,50562.4,48470,44855.3,42414.2
 91.4,69040.4,63752,60277.1,57159,53876.8,51049.1,49603.6,44824.6
 94.7,74443.2,69113.3,66204.3,61364.4,58884.6,55418,52618.4,49746.8
 98.2,77798.4,72950.5,69855,65242.9,61916.1,57961.6,54889.2,51689.9
101.8,81940.3,78087.8,72856,70275.2,63043.4,62975.4,57455,54690.3
105.5,85883.9,81671.5,76432.7,71337.4,67591,64383,61203.7,57486.8
109.4,88364.1,81544.7,80053.1,74145.7,71461.1,66941.4,61504,60322.2
113.4,93261.5,87449.2,81339.7,79430.3,74959.3,72026.8,65915.2,61277.9
117.6,92388.5,87815.8,83681.3,78955.9,76050,72940.2,68640.7,64220.2
121.9,96118.4,91675.1,84852.8,82170.6,79527.9,75430.1,69917.3,65459.1
126.3,98730,93867.3,87926.4,83837,79346.3,77555.5,72428.7,67596.4
131.0,100051,97650.2,89519.9,84730.6,82847.6,79124.9,73711.6,70130.5
135.8,101395,96909.3,90082.4,86013.8,83852.2,78889.7,74595.4,70432
140.7,102287,97479.9,92837.7,89103.2,84349.7,80685.4,75343.5,72060.6
145.9,102534,97812.9,92922.1,89391.6,85356.4,79376.2,75315.4,70935.2
151.2,101412,96381.9,92778.5,87309,83203.2,79226,75476.9,72325.3
156.8,99966.1,96261,90459,85745.5,85023.4,78072.9,76057.7,72157.4
162.5,97644.2,94180.3,90045.5,84895.6,82453,78274.4,74509.1,70181.6
168.5,95409.3,93777.3,88951.5,83036.6,82331.5,75838.2,74646.9,69639.2
174.7,95430.2,88747,85220.1,81069.7,78183,74056.8,71423.7,67683.9
181.1,90697.6,86208.5,83220,77749.5,74567,72295.1,66887.1,66886.2
187.7,86460.7,84262,78318.7,75614.1,72590.3,69810.4,66055.9,63323.3
194.6,81798.4,77237,74824.7,70662.7,67643.4,65387.7,62537.8,59677.5
201.7,76324.6,72366.7,69332.9,66798.8,63323.6,62260.8,58732.8,56698.1
209.1,70022.9,67216.1,65446.6,61693.2,59278.3,56778.5,55443.4,52580.8
216.7,65128.1,63619.4,60006.6,57584.8,55235,52348.7,49764.3,48394.5
224.7,58788.7,56380.9,54037.9,51971.1,49846.5,47904.4,46140.9,44911
232.9,52136.3,51063,48801.7,46474.3,44523.1,43645.7,42011.4,39830.2
241.4,45514.7,44769.6,42624.1,41056.3,40874.9,39306.2,36772.2,35087
250.3,40781.6,38385.5,38390.1,36693.9,35181.2,34924.8,33194.8,31930.6
259.5,35115.3,34167.8,32173.3,31622.6,31265.4,29778.4,28349,27401.6
269.0,28994.2,28945,27838.9,27117.4,26555.7,25127.3,23916,23637.7
278.8,25099.2,24629.5,23672.8,22785.5,22268.4,21393.5,20280.6,19649.4
289.0,20375.1,20226.5,19653.4,18633.2,18877,18306.3,17389.2,17128.7
299.6,16753.8,16307.5,16182,15298.5,15175.7,14524.3,14420.7,13545.6
310.6,13086.5,12764.3,12966.8,12358.8,12420.3,12268.5,11632.9,10490.1
322.0,10342.5,9980.34,10129.1,9747.76,9867.82,9696.48,8888.67,8541.01
333.8,8436.75,8573.89,7663.16,7402.74,7655.38,7253.6,6695.4,6691.86
346.0,5816.79,5954.21,5875.99,5794.27,5843.83,5522.45,5386.99,5023.51
358.7,4401.19,4445.51,4024.27,3964.35,4262.49,4108.18,3889.71,3924.83
371.8,3061.62,3400.03,3093.01,3285.37,3230.92,3096.21,2705.12,2929.72
385.4,2267.62,2269.33,2175.98,2194.04,2359.53,2015.05,2037.78,2185.01
399.5,1644.07,1554.91,1559.8,1621.26,1530.05,1463.19,1536.37,1516.25
414.2,1076.62,933.483,1061.58,980.605,1013.19,997.027,849.712,885.752
429.4,618.037,802.326,574.055,752.19,808.508,616.894,776.422,688.191
445.1,518.418,487.188,496.725,444.528,500.955,428.327,443.629,443.34
461.4,275.314,262.391,249.705,256.137,264.902,220.831,329.494,285.423
478.3,145.85,183.883,184.379,173.117,204.646,228.42,180.377,238.17
495.8,122.949,87.2094,160.289,183.343,116.153,98.6446,105.251,102.934
514.0,67.1569,61.6858,86.9453,69.3685,63.8973,64.2454,127.795,53.3071
532.8,53.1888,48.8766,25.8504,57.3758,57.3758,65.1688,25.1444,37.2497
552.3,12.1549,0,33.3817,25.1166,41.3254,33.0603,41.3254,20.42
572.5,12.5699,21.0217,16.5749,29.1448,0,8.45177,8.45177,8.45177
593.5,12.9797,4.39948,8.58027,12.9797,0,0,0,0
615.3,0,0,0,0,0,0,0,0
637.8,0,0,0,0,0,0,0,0
661.2,0,0,0,0,0,0,0,0
685.4,0,0,0,0,0,0,0,0
710.5,0,0,0,0,0,0,0,0
Scan Up Time(s),155,155,155,155,155,155,155,155
Retrace Time(s),10,10,10,10,10,10,10,10
Down Scan First,FALSE,FALSE,FALSE,FALSE,FALSE,FALSE,FALSE,FALSE
Scans Per Sample,1,1,1,1,1,1,1,1
Impactor Type(cm),0.071,0.071,0.071,0.071,0.071,0.071,0.071,0.071
Sheath Flow(lpm),3,3,3,3,3,3,3,3
Aerosol Flow(lpm),1.5,1.5,1.5,1.5,1.5,1.5,1.5,1.5
CPC Inlet Flow(lpm),1.5,1.5,1.5,1.5,1.5,1.5,1.5,1.5
CPC Sample Flow(lpm),0.3,0.3,0.3,0.3,0.3,0.3,0.3,0.3
Low Voltage,14.0228,14.0228,14.0228,14.0228,14.0228,14.0228,14.0228,14.0228
High Voltage,9507.79,9507.79,9507.79,9507.79,9507.79,9507.79,9507.79,9507.79
Lower Size(nm),15.9634,15.9634,15.9634,15.9634,15.9634,15.9634,15.9634,15.9634
Upper Size(nm),723.394,723.394,723.394,723.394,723.394,723.394,723.394,723.394
Density(g/cc),1,1,1,1,1,1,1,1
Title,,,,,,,,
Status Flag,Conditioner Temperature Error ,Conditioner Temperature Error ,Conditioner Temperature Error ,Conditioner Temperature Error ,Conditioner Temperature Error ,Conditioner Temperature Error ,Conditioner Temperature Error ,Conditioner Temperature Error 
td(s),1.1,1.1,1.1,1.1,1.1,1.1,1.1,1.1
tf(s),5.51527,5.51527,5.51527,5.51527,5.51527,5.51527,5.51527,5.51527
D50(nm),593.091,593.091,593.091,593.091,593.091,593.091,593.091,593.091
Median(nm),133.794,134.826,135.582,135.921,136.982,137.014,137.65,138.555
Mean(nm),143.247,144.3,144.957,145.437,146.534,146.813,147.179,148.01
Geo. Mean(nm),130.291,131.312,131.923,132.407,133.456,133.735,134.058,134.861
Mode(nm),145.902,145.902,145.902,145.902,145.902,140.746,156.788,151.247
Geo. Std. Dev.,1.56097,1.55927,1.5591,1.55695,1.55578,1.55494,1.5554,1.5545
Total Concentration(#/cm³),51041.4,48448.7,45859.1,43526,41571.1,39613.3,37488.7,35485.4
Comment,,,,,,,,
