Sample File,C:\Users\VanceLab\Desktop\CASA_InLab_Sp23\Chamber\Chamber_Butanol_SMPS_FreshSmoke_MRH_20230605_comparison_nodryer.S82,
AIM Version,10.3.1.0
Classifier Model,3082       ,Classifier S/N,3082021905001   ,Classifier Firmware Version,2.60
Neutralizer Model,3088,Neutralizer S/N,3088011906004
Impactor (cm),0.071,Impactor S/N,7100764
DMA Model,3081,DMA S/N,3081A1903007
DMA Inner Radius (cm),0.937
DMA Outer Radius (cm),1.961
DMA Characteristic Length (cm),44.369
HV Polarity,NEG,
Detector Model,3750,Detector S/N,3750190603,Nano Enhancer , None
Detector Sample Flow (L/min),1.00,Detector Inlet Flow (L/min),1.00
Reference Gas Viscosity (Pa*s),1.832450e-005
Reference Mean Free Path (m),6.730000e-008
Reference Gas Temperature (K),296.15
Reference Gas Pressure (kPa),101.30
Sutherland Constant (K),110.40
Tube Length (cm),25.40
Tube Diameter (cm),0.48
Channels/Decade,64
Multiple Charge Correction,TRUE
Nanoparticle Agglomerate Mobility Analysis,FALSE
Diffusion Correction,TRUE
Units,dw/dlogDp
Weight,Number
Sample #,1,2,3
Date,6/5/2023,6/5/2023,6/5/2023
Start Time,15:35:00,15:38:00,15:41:00
Sample Temp (C),22.4,22.4,22.4
Sample Pressure (kPa),79.8,79.8,79.8
Relative Humidity (%),16.1,21.4,25.7
Mean Free Path (m),8.52121e-008,8.52121e-008,8.52121e-008
Gas Viscosity (Pa*s),1.82958e-005,1.82958e-005,1.82958e-005
Diameter Midpoint (nm)
 16.3,0.000,135.406,72.447
 16.8,0.000,89.118,81.413
 17.5,0.000,22.871,7.660
 18.1,0.000,21.404,21.510
 18.8,0.000,0.000,13.534
 19.5,0.000,6.372,12.804
 20.2,6.004,6.026,0.000
 20.9,0.000,4.617,0.000
 21.7,9.260,0.000,2.940
 22.5,18.026,3.377,18.370
 23.3,6.684,11.493,6.944
 24.1,14.299,4.456,28.858
 25.0,10.981,12.109,25.182
 25.9,11.636,12.922,27.288
 26.9,26.998,43.438,28.658
 27.9,60.546,57.031,43.365
 28.9,48.491,54.533,58.538
 30.0,99.412,82.547,61.112
 31.1,94.041,86.368,159.268
 32.2,143.666,96.500,128.431
 33.4,148.597,158.796,140.383
 34.6,192.948,214.396,183.697
 35.9,287.928,228.608,254.624
 37.2,326.846,332.743,253.444
 38.5,315.537,295.709,273.538
 40.0,408.853,401.759,345.366
 41.4,499.263,547.663,521.688
 42.9,644.877,647.618,598.652
 44.5,721.569,622.436,632.775
 46.1,802.440,828.503,750.584
 47.8,917.159,884.579,972.786
 49.6,1357.490,1197.279,1115.830
 51.4,1634.375,1425.652,1519.854
 53.3,1794.302,1585.508,1857.155
 55.2,2100.308,2091.156,1973.876
 57.3,2886.802,2670.800,2382.438
 59.4,3221.475,3072.758,2863.164
 61.5,3827.803,3581.738,3289.544
 63.8,4260.767,4337.441,4043.456
 66.1,4768.896,4897.750,4732.713
 68.5,5717.885,5400.261,5147.721
 71.0,5778.154,5915.102,5146.539
 73.7,6146.478,5808.312,5343.160
 76.4,6774.466,6190.741,5570.293
 79.1,7711.869,7126.831,6325.347
 82.0,8780.482,7797.806,7198.459
 85.1,8943.165,8288.624,8206.130
 88.2,9739.140,9399.947,9018.511
 91.4,10640.109,10991.133,10200.465
 94.7,12189.436,12015.506,10899.267
 98.2,13560.711,13393.508,12657.380
101.8,14709.975,14689.141,13842.748
105.5,16982.504,16388.089,15440.651
109.4,18104.073,17921.302,16831.418
113.4,21341.445,20424.841,19595.452
117.6,23123.282,21942.964,20884.316
121.9,24624.729,23952.853,22413.668
126.3,26813.864,25703.768,24377.274
131.0,29204.802,27679.215,26989.399
135.8,30612.181,29084.527,28097.569
140.7,32641.730,31202.930,29598.130
145.9,33370.372,32603.650,31396.121
151.2,34804.875,33477.963,32053.357
156.8,36087.701,33853.806,32963.671
162.5,35434.602,34417.128,33487.712
168.5,36265.890,34558.094,33480.758
174.7,35756.349,34095.699,32759.061
181.1,34684.604,33429.121,32279.657
187.7,33552.499,32482.713,31015.902
194.6,31639.899,30598.373,29388.886
201.7,29658.583,28920.679,27401.165
209.1,27767.682,26067.985,25440.835
216.7,24422.368,23959.133,23034.205
224.7,22044.357,20652.312,20054.485
232.9,19038.315,18216.792,17545.170
241.4,16236.258,15333.249,14943.963
250.3,13410.705,12949.580,12230.841
259.5,11018.645,10721.421,10201.756
269.0,8542.337,8402.299,8084.064
278.8,6589.175,6357.869,6181.691
289.0,5045.057,4752.254,4758.270
299.6,3613.237,3414.089,3338.882
310.6,2546.296,2377.653,2301.386
322.0,1822.264,1721.035,1521.996
333.8,1122.574,1033.603,951.915
346.0,746.286,676.107,658.137
358.7,427.772,382.526,363.659
371.8,268.671,220.428,247.717
385.4,112.224,94.698,136.588
399.5,67.149,61.171,93.259
414.2,56.790,20.651,39.312
429.4,31.092,20.049,20.403
445.1,15.812,18.126,9.097
461.4,6.895,4.610,6.942
478.3,2.339,9.385,4.711
495.8,0.000,7.123,2.383
514.0,2.410,2.418,0.000
532.8,2.456,14.780,2.473
552.3,0.000,1.490,0.000
572.5,5.104,1.040,0.000
593.5,2.585,5.187,2.603
615.3,0.000,0.000,5.312
637.8,0.000,0.000,0.000
661.2,0.000,0.000,0.000
685.4,0.000,0.000,0.000
710.5,0.000,0.000,0.000
Scan Time (s),155,155,155
Retrace Time (s),4,4,4
Scan Resolution (Hz),50,50,50
Scans Per Sample,1,1,1
Sheath Flow (L/min),3.000,3.000,3.000
Aerosol Flow (L/min),1.35,1.34,1.34
Bypass Flow (L/min),0.00,0.00,0.00
Low Voltage (V),11.11,11.06,11.06
High Voltage (V),9083.36,9122.20,9123.24
Lower Size (nm), 16.0, 16.0, 16.0
Upper Size (nm),723.4,723.4,723.4
Density (g/cm³),1.0,1.0,1.0
td + 0.5 (s),1.51,1.51,1.51
tf (s),5.71,5.72,5.72
D50 (nm),610.8,611.8,613.2
Neutralizer Status,ON,ON,ON
Median (nm),154.335,154.158,154.721
Mean (nm),157.845,157.686,158.139
Geo. Mean (nm),147.797,147.613,148.097
Mode (nm),168.485,168.485,162.531
Geo. Std. Dev.,1.458,1.460,1.458
Total Conc. (#/cm³),1.362548e+004,1.309417e+004,1.252650e+004
Title,,,
User Name,VanceLab,VanceLab,VanceLab
Sample ID,,,
Instrument ID,,,
Lab ID,,,
Leak Test and Leakage Rate,,,
Instrument Errors,Normal Scan,Normal Scan,Normal Scan
Comment,,,
