Sample File,C:\Users\VanceLab\Desktop\CASA_InLab_Sp23\Chamber\Chamber_Butanol_SMPS_FreshSmoke_LRH_20230531_comparison_nodryer.S82,
AIM Version,10.3.1.0
Classifier Model,3082       ,Classifier S/N,3082021905001   ,Classifier Firmware Version,2.60
Neutralizer Model,3088,Neutralizer S/N,3088011906004
Impactor (cm),0.071,Impactor S/N,7100764
DMA Model,3081,DMA S/N,3081A1903007
DMA Inner Radius (cm),0.937
DMA Outer Radius (cm),1.961
DMA Characteristic Length (cm),44.369
HV Polarity,NEG,
Detector Model,3750,Detector S/N,3750190603,Nano Enhancer , None
Detector Sample Flow (L/min),1.00,Detector Inlet Flow (L/min),1.00
Reference Gas Viscosity (Pa*s),1.832450e-005
Reference Mean Free Path (m),6.730000e-008
Reference Gas Temperature (K),296.15
Reference Gas Pressure (kPa),101.30
Sutherland Constant (K),110.40
Tube Length (cm),25.40
Tube Diameter (cm),0.48
Channels/Decade,64
Multiple Charge Correction,TRUE
Nanoparticle Agglomerate Mobility Analysis,FALSE
Diffusion Correction,TRUE
Units,dw/dlogDp
Weight,Number
Sample #,1,2,3
Date,5/31/2023,5/31/2023,5/31/2023
Start Time,14:47:00,14:50:00,14:53:00
Sample Temp (C),22.2,22.2,22.2
Sample Pressure (kPa),79.3,79.4,79.4
Relative Humidity (%),6.5,6.8,7.0
Mean Free Path (m),8.56756e-008,8.55677e-008,8.55677e-008
Gas Viscosity (Pa*s),1.82863e-005,1.82863e-005,1.82863e-005
Diameter Midpoint (nm)
 16.3,0.000,805.347,643.128
 16.8,8.763,357.059,336.680
 17.5,0.000,203.442,227.109
 18.1,0.000,109.410,115.577
 18.8,0.000,29.287,44.112
 19.5,6.875,34.602,20.846
 20.2,6.497,6.540,6.566
 20.9,0.000,5.179,30.370
 21.7,10.125,0.000,4.644
 22.5,14.425,8.235,3.298
 23.3,5.264,22.878,13.483
 24.1,14.354,6.269,25.479
 25.0,28.297,23.006,19.356
 25.9,25.424,19.465,24.394
 26.9,31.292,57.030,30.269
 27.9,39.016,48.061,43.209
 28.9,65.508,80.186,55.881
 30.0,100.420,76.141,58.458
 31.1,93.938,162.780,77.303
 32.2,124.125,157.366,126.835
 33.4,260.051,177.200,119.634
 34.6,249.384,165.596,225.699
 35.9,214.854,242.426,195.111
 37.2,402.369,291.950,287.743
 38.5,407.523,452.613,454.847
 40.0,453.269,450.750,406.216
 41.4,606.241,554.481,511.495
 42.9,842.487,890.138,758.663
 44.5,1199.144,1012.877,850.992
 46.1,1381.280,1238.115,1064.705
 47.8,1780.302,1756.710,1452.408
 49.6,2413.799,2354.242,2152.851
 51.4,3036.394,3250.463,2822.786
 53.3,3724.237,4100.435,3782.483
 55.2,5146.903,4627.154,4611.030
 57.3,5881.473,5780.797,5470.800
 59.4,7091.849,7048.376,6118.929
 61.5,8494.275,8443.879,7552.547
 63.8,10372.560,9608.394,9305.995
 66.1,12053.335,11653.380,11036.927
 68.5,14786.544,13543.870,13251.273
 71.0,14486.026,13344.069,12810.986
 73.7,15049.212,14636.448,12596.462
 76.4,15870.862,15101.875,14226.824
 79.1,18456.189,17625.568,16036.377
 82.0,19907.135,19730.222,18614.986
 85.1,22906.013,22776.923,20933.938
 88.2,26664.728,25745.930,25373.634
 91.4,29742.336,27172.728,26854.143
 94.7,34445.162,32054.738,29794.033
 98.2,38181.922,34775.876,33493.898
101.8,40880.856,37790.330,37105.043
105.5,46014.582,43421.358,41527.254
109.4,49355.950,45151.156,46818.142
113.4,55990.544,51793.029,50854.099
117.6,61609.445,57948.303,53065.767
121.9,65972.633,62992.401,58943.372
126.3,72311.363,66498.234,64269.267
131.0,76238.330,71666.683,66668.272
135.8,82715.570,77523.258,74132.178
140.7,87129.742,81141.381,77877.131
145.9,88087.981,86081.268,80608.023
151.2,94354.994,90193.840,84969.167
156.8,97997.298,91845.247,87353.389
162.5,98550.975,92165.767,89197.259
168.5,101799.611,96435.282,89872.503
174.7,100896.644,95926.115,89917.397
181.1,100041.258,94991.678,91771.593
187.7,99411.707,93865.941,89180.446
194.6,97164.476,92005.167,87054.006
201.7,93354.733,88984.807,84796.252
209.1,87776.402,83688.124,80878.619
216.7,84031.372,80115.487,76260.656
224.7,78503.239,74340.727,71618.359
232.9,72365.625,68185.961,65871.555
241.4,65098.269,62204.730,59900.816
250.3,59032.582,56254.156,54339.789
259.5,51686.388,50034.275,48355.406
269.0,45028.255,42996.835,42045.285
278.8,38314.981,36855.608,35743.868
289.0,32237.187,31054.382,30198.794
299.6,26438.113,25619.366,24830.883
310.6,21158.775,20773.576,20293.801
322.0,17033.405,16269.307,15922.229
333.8,13538.644,12667.732,12750.321
346.0,9979.263,9650.094,9750.863
358.7,7896.640,7082.702,7204.883
371.8,5587.830,5195.983,5267.821
385.4,3881.380,3605.682,3892.444
399.5,2680.911,2692.579,2701.315
414.2,1840.247,1811.586,1722.612
429.4,1195.860,1274.366,1201.352
445.1,678.985,808.799,785.481
461.4,568.906,516.698,515.282
478.3,337.617,310.632,335.809
495.8,207.763,187.696,231.527
514.0,137.777,118.108,178.912
532.8,52.313,89.424,83.282
552.3,56.166,56.611,37.792
572.5,34.876,29.734,38.386
593.5,8.534,34.368,8.333
615.3,1.436,7.308,1.547
637.8,10.005,5.767,12.885
661.2,0.000,0.000,0.000
685.4,0.000,0.000,0.000
710.5,0.000,0.000,0.000
Scan Time (s),155,155,155
Retrace Time (s),4,4,4
Scan Resolution (Hz),50,50,50
Scans Per Sample,1,1,1
Sheath Flow (L/min),3.000,3.000,3.000
Aerosol Flow (L/min),1.26,1.26,1.25
Bypass Flow (L/min),0.00,0.00,0.00
Low Voltage (V),10.97,10.98,10.98
High Voltage (V),9124.45,9130.61,9132.49
Lower Size (nm), 16.0, 16.0, 16.0
Upper Size (nm),723.4,723.4,723.4
Density (g/cm³),1.0,1.0,1.0
td + 0.5 (s),1.52,1.52,1.52
tf (s),5.82,5.83,5.83
D50 (nm),632.0,634.1,635.2
Neutralizer Status,ON,ON,ON
Median (nm),165.086,165.436,165.748
Mean (nm),172.003,172.228,172.829
Geo. Mean (nm),160.019,160.029,160.574
Mode (nm),168.485,168.485,181.056
Geo. Std. Dev.,1.478,1.486,1.485
Total Conc. (#/cm³),4.147438e+004,3.930906e+004,3.756308e+004
Title,,,
User Name,VanceLab,VanceLab,VanceLab
Sample ID,,,
Instrument ID,,,
Lab ID,,,
Leak Test and Leakage Rate,,,
Instrument Errors,Normal Scan,Normal Scan,Normal Scan
Comment,,,
