Sample File,C:\Users\VanceLab\Desktop\CASA_InLab_Sp23\Chamber\Chamber_Butanol_SMPS_AgedSmoke_LRH_20230518_dryerNodryer.S82,
AIM Version,10.3.1.0
Classifier Model,3082       ,Classifier S/N,3082021905001   ,Classifier Firmware Version,2.60
Neutralizer Model,3088,Neutralizer S/N,3088011906004
Impactor (cm),0.071,Impactor S/N,7100764
DMA Model,3081,DMA S/N,3081A1903007
DMA Inner Radius (cm),0.937
DMA Outer Radius (cm),1.961
DMA Characteristic Length (cm),44.369
HV Polarity,NEG,
Detector Model,3750,Detector S/N,3750190603,Nano Enhancer , None
Detector Sample Flow (L/min),1.00,Detector Inlet Flow (L/min),1.00
Reference Gas Viscosity (Pa*s),1.832450e-005
Reference Mean Free Path (m),6.730000e-008
Reference Gas Temperature (K),296.15
Reference Gas Pressure (kPa),101.30
Sutherland Constant (K),110.40
Tube Length (cm),25.40
Tube Diameter (cm),0.48
Channels/Decade,64
Multiple Charge Correction,TRUE
Nanoparticle Agglomerate Mobility Analysis,FALSE
Diffusion Correction,TRUE
Units,dw/dlogDp
Weight,Number
Sample #,1,2,3,4,5,6,7,8,9,10,11,12,13,14,15,16,17,18,19,20,21,22,23,24,25,26
Date,5/18/2023,5/18/2023,5/18/2023,5/18/2023,5/18/2023,5/18/2023,5/18/2023,5/18/2023,5/18/2023,5/18/2023,5/18/2023,5/18/2023,5/18/2023,5/18/2023,5/18/2023,5/18/2023,5/18/2023,5/18/2023,5/18/2023,5/18/2023,5/18/2023,5/18/2023,5/18/2023,5/18/2023,5/18/2023,5/18/2023
Start Time,14:00:00,14:03:00,14:06:00,14:09:00,14:12:00,14:15:00,14:18:00,14:21:00,14:24:00,14:27:00,14:30:00,14:33:00,14:36:00,14:39:00,14:42:00,14:45:00,14:48:00,14:51:00,14:54:00,14:57:00,15:00:00,15:03:00,15:06:00,15:09:00,15:12:00,15:15:00
Sample Temp (C),22.4,22.4,22.4,22.4,22.3,22.3,22.3,22.3,22.3,22.3,22.3,22.3,22.3,22.3,22.3,22.2,22.2,22.2,22.2,22.2,22.2,22.2,22.1,22.2,22.2,22.2
Sample Pressure (kPa),80.1,80.1,80.1,80.1,80.1,80.1,80.2,80.2,80.2,80.2,80.2,80.1,80.1,80.1,80.1,80.1,80.1,80.1,80.1,80.1,80.1,80.0,80.0,80.0,80.0,80.0
Relative Humidity (%),25.6,23.2,21.2,19.6,18.2,17.0,16.0,15.1,14.3,13.6,13.1,12.6,12.1,11.7,11.4,11.0,10.7,10.5,10.2,10.0,9.8,9.7,9.5,9.6,9.4,9.2
Mean Free Path (m),8.48930e-008,8.48930e-008,8.48930e-008,8.48930e-008,8.48565e-008,8.48565e-008,8.47507e-008,8.47507e-008,8.47507e-008,8.47507e-008,8.47507e-008,8.48565e-008,8.48565e-008,8.48565e-008,8.48565e-008,8.48199e-008,8.48199e-008,8.48199e-008,8.48199e-008,8.48199e-008,8.48199e-008,8.49260e-008,8.48894e-008,8.49260e-008,8.49260e-008,8.49260e-008
Gas Viscosity (Pa*s),1.82958e-005,1.82958e-005,1.82958e-005,1.82958e-005,1.82911e-005,1.82911e-005,1.82911e-005,1.82911e-005,1.82911e-005,1.82911e-005,1.82911e-005,1.82911e-005,1.82911e-005,1.82911e-005,1.82911e-005,1.82863e-005,1.82863e-005,1.82863e-005,1.82863e-005,1.82863e-005,1.82863e-005,1.82863e-005,1.82815e-005,1.82863e-005,1.82863e-005,1.82863e-005
Diameter Midpoint (nm)
 16.3,0.000,0.000,0.000,25175.084,12363.533,7555.863,4844.087,3277.253,2079.078,1702.489,1324.670,984.950,1084.044,757.366,707.928,651.573,440.891,541.707,581.109,422.559,444.919,494.394,458.329,390.409,505.385,377.342
 16.8,0.000,0.000,0.000,26690.929,13319.972,7126.906,4669.669,3310.709,2221.282,1473.939,1052.821,895.197,743.202,486.969,460.903,489.000,251.879,405.496,326.774,263.785,219.069,170.008,289.186,318.641,240.469,324.644
 17.5,0.000,0.000,0.000,27630.550,13600.701,8372.958,5228.810,3271.842,2334.951,1654.696,1062.984,740.352,532.498,474.619,432.830,400.152,109.158,235.715,153.433,241.496,138.144,60.904,157.742,140.856,198.955,119.422
 18.1,0.000,0.000,0.000,28630.317,14295.242,9257.308,5413.557,3570.759,2561.670,1724.818,1316.767,825.675,509.845,472.978,444.832,221.405,239.761,162.154,195.427,143.495,97.340,159.839,82.530,82.902,95.343,37.710
 18.8,0.000,0.000,0.000,30777.446,15437.852,9997.343,5901.995,4277.286,2742.807,1978.318,1487.358,1078.412,707.000,576.200,363.876,385.648,266.588,169.088,175.682,158.202,152.938,93.933,61.868,108.759,70.068,96.375
 19.5,0.000,0.000,0.000,31969.114,16344.610,11105.999,7217.649,4722.808,2964.723,2406.240,1624.088,1308.943,908.537,613.598,504.667,331.606,297.542,264.353,211.203,164.359,123.917,141.735,175.340,102.739,87.073,122.002
 20.2,0.000,0.000,0.000,32922.657,18304.939,12119.244,8297.076,5165.638,3687.417,2662.266,1814.769,1559.988,1080.121,744.248,649.311,458.806,414.037,305.725,288.331,246.947,190.633,145.472,117.322,103.977,127.259,62.451
 20.9,0.000,0.000,0.000,35144.375,20326.909,12915.097,8279.166,5866.409,4183.545,3195.777,2341.176,1544.062,1162.956,884.495,794.917,447.159,459.169,355.796,284.143,220.909,221.995,141.252,156.640,161.123,128.811,143.243
 21.7,0.000,0.000,0.000,36604.140,20968.050,13495.386,9117.632,6669.917,4750.390,3405.970,2411.438,1771.762,1416.542,1117.900,973.514,676.763,642.989,389.387,286.736,344.910,238.025,201.773,190.935,191.563,161.371,167.382
 22.5,0.000,0.000,0.000,40070.169,22755.395,14955.318,10510.028,7759.146,5568.773,3994.710,2938.841,2130.454,1656.909,1345.894,1009.689,895.311,615.213,506.464,465.439,383.824,327.844,238.010,312.526,286.876,154.156,162.456
 23.3,0.000,0.000,0.000,41280.484,24636.397,16438.514,11233.220,8228.807,6263.673,4513.103,3344.796,2708.236,2075.337,1405.271,1102.194,1002.777,764.591,597.079,552.941,389.197,360.809,294.140,377.183,283.279,292.790,223.619
 24.1,0.000,0.000,0.000,43613.245,26097.802,17634.814,12300.097,9334.111,6661.448,5413.160,3573.517,3149.042,2322.203,1939.614,1240.216,1318.357,1073.333,711.541,600.092,440.044,342.780,349.716,454.507,462.677,349.605,305.317
 25.0,0.000,0.000,0.000,46274.135,27735.128,19403.988,13885.250,10196.815,8067.876,6038.062,4623.990,3592.968,2884.855,2189.279,1798.620,1416.807,1227.242,964.129,722.134,664.992,577.297,407.157,607.505,460.779,412.882,314.718
 25.9,0.000,0.000,0.000,48986.029,29263.233,20924.378,15366.239,11126.848,8747.875,6848.655,5349.972,4018.059,3177.936,2348.993,2037.316,1702.927,1418.073,1154.864,922.965,932.458,763.858,614.896,655.606,523.187,505.490,519.603
 26.9,0.000,0.000,0.000,48414.560,30353.093,22755.914,16571.711,12696.450,9789.842,7803.108,5967.688,4813.324,3661.445,3224.743,2374.362,1944.503,1860.850,1479.494,1062.399,887.185,792.832,806.102,796.290,739.015,660.139,625.840
 27.9,0.000,0.000,0.000,51580.356,33015.081,24668.283,18199.127,13845.005,10292.082,8493.189,6714.364,5147.056,4308.243,3253.591,2632.960,2265.889,1784.969,1589.818,1421.135,1135.550,1016.468,882.057,1022.401,828.771,686.101,740.205
 28.9,0.000,0.000,0.000,51796.591,34972.638,25779.207,19669.204,15178.161,11993.867,9444.376,7358.679,6103.377,4756.210,4022.643,3325.653,2630.793,2302.813,1883.479,1675.577,1439.216,1189.091,1129.592,1110.711,1119.273,1045.605,806.036
 30.0,0.000,0.000,0.000,54701.345,36068.700,27197.428,21105.954,16520.364,13223.134,10485.243,8465.273,6170.749,5343.086,4356.155,3645.315,3113.836,2755.679,2424.286,2088.158,1701.805,1318.150,1179.412,1485.802,1211.361,1114.279,1086.936
 31.1,0.000,0.000,0.000,56592.003,37693.435,28974.596,22920.433,17990.228,14042.045,11147.911,9431.705,7272.001,5938.420,4955.932,4363.813,3650.036,2997.750,2681.128,2357.734,1991.655,1699.774,1557.372,1584.032,1629.438,1192.545,1198.230
 32.2,0.000,0.000,0.000,58296.245,39751.128,30568.608,24314.889,18474.666,15353.495,12187.390,10348.406,8336.653,7025.151,5762.635,4849.367,3861.545,3461.012,3283.629,2541.020,2338.008,2142.710,1693.458,1950.624,1800.473,1631.150,1486.652
 33.4,0.000,0.000,0.000,61259.648,42406.193,32274.380,26595.967,20536.195,16744.025,13207.925,11068.474,9122.952,8014.707,6162.417,5395.439,4648.683,3887.248,3300.444,2941.751,2502.950,2307.852,1899.758,2446.042,2137.817,1836.309,1891.159
 34.6,0.000,0.000,0.000,63107.408,42470.952,34780.279,27674.902,21186.445,18203.420,14612.648,12265.238,9828.891,8484.845,7116.406,6261.914,5511.375,4384.156,3705.286,3547.344,3149.823,2700.847,2231.021,2557.078,2515.471,2113.433,1977.062
 35.9,0.000,0.000,0.000,64522.706,45479.749,36198.037,28406.784,23642.761,19037.311,15784.651,13977.799,10855.390,9180.220,8248.800,6803.301,5594.481,5396.295,4415.382,3882.754,3446.833,2780.104,2480.335,2962.075,2776.328,2517.808,2224.775
 37.2,0.000,0.000,0.000,66328.969,47331.685,37102.317,29902.453,24668.966,20503.751,17398.180,14530.638,11959.046,10286.200,8452.530,7589.842,6436.589,5870.179,5199.715,4329.065,3765.321,3575.409,3151.192,3484.092,3011.098,2985.923,2488.257
 38.5,0.000,0.000,0.000,66945.540,48946.992,39414.607,31828.103,26539.007,22093.372,18456.413,15335.663,12825.186,11245.373,9341.327,8497.922,7256.844,6568.335,5788.915,4952.361,4332.497,3878.042,3406.227,3836.681,3518.835,3192.876,2751.718
 40.0,0.000,0.000,0.000,68141.955,49613.919,39960.458,34040.352,28215.492,23212.864,19214.257,16374.417,14243.167,12480.652,10443.146,9245.040,8163.331,7187.093,6029.668,5263.318,4721.514,4346.876,4014.383,4551.003,4122.601,3733.524,3228.064
 41.4,0.000,0.000,0.000,69244.725,52765.080,41848.461,35091.758,29110.390,24198.762,20550.991,17793.226,15709.924,13672.128,11471.439,10060.257,8182.871,7961.300,7064.487,5936.680,5300.806,4785.106,4382.550,5053.073,4413.079,4135.107,3867.073
 42.9,0.000,0.000,0.000,69968.432,54421.880,43714.151,37019.629,31114.838,26179.736,22163.893,19506.423,16642.496,14668.082,12064.774,11038.936,9383.315,8317.427,7856.589,6581.577,6116.205,5626.555,4760.465,5854.428,4796.273,4480.712,4234.980
 44.5,0.000,0.000,0.000,71854.521,54925.335,45379.536,38676.291,31901.438,28170.115,23975.647,20725.392,17680.965,15047.978,13688.891,11805.188,10436.721,9393.318,8563.967,7345.605,6321.941,5843.943,5225.221,6442.301,5572.006,4975.990,4863.118
 46.1,0.000,0.000,0.000,73500.527,57385.753,47149.859,40205.895,34326.608,29839.881,25695.807,22065.091,19344.182,16137.753,14619.326,12957.012,11376.148,10283.102,9218.153,7993.006,7517.641,6471.610,5438.034,6583.546,6206.888,5690.719,5276.278
 47.8,0.000,0.000,0.000,75843.615,59137.880,49371.415,43499.895,36237.004,30872.793,27275.367,23998.128,20859.548,18088.389,16170.565,13743.663,12662.765,11342.395,10159.073,9389.804,8432.682,7831.970,6484.430,7483.535,7156.354,6685.340,5953.851
 49.6,0.000,0.000,0.000,80269.843,62252.755,52360.597,44475.722,38701.778,34364.442,29675.010,25551.571,22774.506,20086.878,18042.197,15776.120,14004.862,12835.253,11224.216,10250.937,9323.512,8741.447,7602.026,8624.544,8423.660,7279.873,7127.099
 51.4,2.723,0.000,0.000,82035.257,65457.239,55797.090,47364.835,41938.926,36856.613,32021.828,28260.667,24435.451,22145.724,19352.051,17466.383,15972.344,14633.041,12737.475,11463.873,10827.913,9440.429,8552.246,9802.852,9046.355,8268.105,8226.597
 53.3,0.000,0.000,0.000,85313.589,68139.332,57589.034,51026.735,44557.046,38629.870,34313.692,29561.102,26149.936,23657.931,20614.223,19049.122,16794.416,15727.350,14213.914,13030.483,11382.469,10676.973,9391.191,10941.780,9960.068,9014.600,8928.908
 55.2,0.000,0.000,0.000,90089.073,70442.403,60862.873,53710.537,48176.560,41081.435,36789.708,32095.851,28639.243,25458.727,22392.684,20433.535,19131.616,17095.340,15409.552,14202.700,13117.405,11992.015,10399.312,12187.826,11430.128,10390.898,10155.071
 57.3,0.000,0.000,0.000,93787.205,75208.239,63806.509,57568.023,51688.282,43839.494,39413.072,34571.002,31074.528,28386.834,25429.548,22910.123,20030.937,19223.816,16704.744,15798.904,14223.529,13507.855,12147.652,13838.455,12777.408,12139.617,11115.141
 59.4,0.000,0.000,0.000,98961.689,78417.847,69439.282,61601.847,55036.848,48202.530,41992.888,37474.920,33488.662,30087.485,27313.695,25218.063,22331.473,20875.544,18167.945,17012.522,16239.268,14757.142,12997.549,14948.334,14372.529,13122.999,12392.452
 61.5,0.000,0.000,0.000,104901.751,84840.722,73781.093,65533.159,57680.962,50904.787,46147.388,41259.167,37276.282,32486.061,30274.133,27107.254,24531.053,23083.464,20819.561,19657.223,17793.010,15888.881,14950.864,17206.783,16057.637,14430.646,13772.770
 63.8,1.769,0.000,0.000,112061.856,89397.498,77180.754,68657.047,62102.133,54839.728,49673.369,43688.082,40190.342,35815.841,32061.708,29351.014,27034.175,25499.228,22793.363,22127.908,19686.245,18336.670,15934.064,18508.421,17201.581,16322.944,15114.678
 66.1,0.618,0.000,0.000,115062.992,95342.205,81803.488,75561.163,66833.476,58740.732,53584.872,47011.271,42789.476,39371.941,34624.135,32581.802,29601.697,27766.113,24594.069,23799.865,21244.684,19790.947,18261.762,21412.696,19099.874,17985.659,16845.347
 68.5,0.000,0.000,0.000,122019.693,99421.969,88347.443,79666.341,70984.814,63286.574,57041.011,50431.625,46752.556,42721.452,38083.130,33786.378,32549.766,30049.922,27068.168,25475.789,22945.747,21047.036,20822.565,23285.681,20705.254,19444.430,18868.872
 71.0,0.000,0.000,309260.377,121495.237,98609.963,87414.676,79702.049,71384.186,62679.599,57196.064,51137.607,46616.663,42564.797,37899.319,35456.486,32226.971,29901.060,28171.636,25995.337,22825.133,21913.728,19934.975,23062.372,20875.534,19723.972,19146.583
 73.7,0.000,0.000,913994.215,121906.487,99883.557,89464.387,81049.203,70540.301,63325.702,57360.592,51496.366,46667.956,43053.027,37994.292,35340.256,32928.142,29655.355,27999.248,26631.943,23497.781,22067.548,19989.285,23909.722,21431.394,20103.659,19607.766
 76.4,0.000,0.000,1730502.004,131160.166,104897.655,95174.544,83906.961,74708.272,67573.437,60560.290,56799.534,49828.899,45868.540,41805.024,37152.236,35589.308,32053.615,30177.577,28275.095,25918.473,23827.909,22307.203,24571.167,24539.802,22366.014,21049.049
 79.1,0.000,0.000,2277839.444,138098.386,112213.407,98956.173,88080.127,80798.002,73035.809,64935.849,59803.713,53596.656,49289.598,45277.164,39795.224,39092.040,35901.494,32245.594,30687.118,27848.860,25792.003,24253.416,28013.942,25632.133,24462.923,22723.106
 82.0,0.000,0.000,2322255.789,142958.186,117319.938,105548.618,95050.548,85095.922,76973.752,69829.524,64069.333,58202.489,52286.450,48568.315,42930.488,41797.827,37342.958,35713.454,32761.794,29523.467,28454.204,26432.843,29784.518,28723.336,26209.318,24017.129
 85.1,0.000,0.000,2126782.952,149737.724,124661.672,111304.968,102186.453,90235.329,82823.575,74924.764,70063.878,62085.583,56147.994,51284.466,45715.549,44687.917,41314.387,38983.592,36376.742,32979.468,30530.247,27907.267,32909.855,31341.489,28776.809,26693.776
 88.2,0.000,0.000,1874810.290,157776.322,132723.225,118113.972,108899.316,98018.649,89368.182,80772.189,74383.929,66604.965,61755.978,56415.466,51028.129,48166.515,45595.638,41331.978,39603.341,35962.216,32896.733,31260.246,35909.239,33794.107,31830.767,29191.868
 91.4,0.000,1.783,1622785.096,166741.200,142062.136,128848.940,116958.525,105900.223,95312.852,85940.074,79441.724,72282.897,66600.385,60778.195,55779.997,52522.997,48605.749,45714.366,41194.893,37698.563,37010.890,33095.555,39126.518,37271.675,34768.964,32871.998
 94.7,0.000,1.703,1402267.184,175283.040,152224.437,136107.772,123302.579,112833.553,101415.021,92208.862,84933.015,78188.134,71464.391,65110.732,61041.777,56260.873,53285.123,50018.354,45269.919,41964.676,39846.155,37225.721,42551.198,40409.162,37131.612,35262.416
 98.2,0.000,0.121,1155424.957,187946.030,162358.060,143504.104,133651.938,121315.096,109242.377,97501.792,91151.578,84973.057,76564.678,71956.630,64718.708,61044.694,56228.415,55184.884,49007.853,46773.710,43700.981,40110.870,45929.481,44311.128,41450.829,39052.762
101.8,0.000,1.305,907831.884,197456.012,172321.816,153927.694,142423.228,130428.294,117055.571,107083.126,99284.982,90915.504,83944.326,76764.135,71295.955,66980.699,62062.417,59208.453,53485.842,50461.835,46909.453,42787.782,50136.920,48420.167,45193.174,42242.430
105.5,0.000,0.000,668508.895,205648.234,183853.753,163069.593,150876.092,136816.502,126597.201,114313.982,106451.302,97244.311,90605.903,83482.246,76394.209,72329.171,68614.698,63367.709,58498.766,54636.835,51493.819,48346.504,54376.784,52372.390,49745.286,45114.561
109.4,0.000,0.000,479312.864,213637.187,191419.838,171345.514,159606.955,145061.011,135658.421,124989.904,114150.294,103928.853,96751.983,90832.683,83027.019,77186.230,72935.828,67580.513,63681.408,59200.724,55268.266,50863.133,57720.348,56878.309,52952.335,49562.967
113.4,1.994,0.000,325565.790,224564.714,199762.838,179021.361,168398.821,153263.824,142827.536,132398.135,120482.143,109256.103,103011.686,95171.315,89211.040,83565.258,77952.790,72623.271,67531.255,63449.740,59513.281,55095.753,64491.901,59527.781,56188.321,53160.307
117.6,0.000,0.000,214839.259,235478.240,208629.224,188766.737,176747.758,164392.619,149611.620,139076.221,124032.382,118625.797,109533.461,101112.189,94553.309,88276.852,82800.658,77516.552,72507.205,69228.013,64413.875,59719.669,68609.522,64174.352,61078.564,55846.156
121.9,0.000,0.000,140550.463,241811.285,214865.033,197063.279,184516.849,168458.549,158555.443,146559.356,133168.500,122647.021,115273.161,106292.778,98632.721,94324.550,87274.749,82759.274,76954.750,73004.145,68351.473,63794.502,74034.370,69269.992,64853.390,61343.487
126.3,0.000,0.000,93892.198,252291.267,224021.166,206230.243,191235.181,177570.323,164076.663,152092.020,139602.686,129186.945,122800.120,111459.131,105032.559,98361.267,92702.035,86391.145,81277.287,75544.568,71797.132,66382.210,77406.887,71989.875,69454.917,65453.491
131.0,0.000,0.000,65067.004,260130.131,230506.379,212331.443,197325.854,181440.985,171544.259,157436.785,145780.958,134085.496,127069.850,116311.316,109221.974,103225.552,97874.624,90784.877,85871.107,79478.787,76061.607,69853.678,81793.569,77067.420,73025.973,68124.894
135.8,0.000,0.000,52263.284,260231.665,235145.318,217729.247,202867.064,184419.181,174629.606,162732.817,150276.538,139943.409,130030.580,120707.380,112188.649,106979.780,101849.250,94466.771,89568.560,84070.351,79920.268,74263.005,86871.636,80966.535,76653.442,73025.617
140.7,0.000,1.964,52583.796,260789.228,237368.376,218233.866,204350.012,189041.381,177161.296,165057.500,151817.017,144023.540,133008.555,122498.639,115846.627,109568.913,103701.183,98970.741,91960.996,87342.923,81196.619,76100.302,89114.752,83105.543,79307.314,75730.366
145.9,5.882,0.000,64648.435,260249.917,234155.043,219188.827,203622.992,190550.792,178843.119,167040.729,154684.963,144069.765,134765.188,124123.380,117931.690,112967.915,106167.379,98776.986,94528.148,88493.894,82908.618,78268.681,92161.294,85812.107,80559.766,77671.496
151.2,0.000,1.966,83796.716,255044.519,234098.686,217866.412,204159.595,189689.988,176851.027,165701.662,155244.278,144294.903,135811.666,126140.845,118424.136,113632.588,107639.636,101775.641,96779.854,90274.540,85335.949,78742.938,93871.576,87978.817,83178.777,79499.244
156.8,0.000,0.000,107663.992,248871.351,226976.049,212593.258,200804.734,185815.986,176178.460,164376.863,153068.616,143953.360,134885.969,126508.583,117415.131,113720.002,107029.074,101316.340,95715.979,90546.287,86271.182,80316.825,94821.383,88312.312,84320.800,80436.489
162.5,1.969,0.000,135198.393,239181.881,222848.147,207776.870,194808.187,182595.113,171287.197,160396.753,150810.743,142473.138,132568.052,123645.908,116681.510,112286.116,107053.251,100632.478,95677.537,89269.388,85880.461,80573.972,96124.024,89529.732,84763.724,81266.231
168.5,0.000,0.000,160761.785,229492.353,210460.405,199701.621,188893.474,175041.779,167215.953,156470.076,146941.906,138074.644,128182.471,119460.750,114362.704,111072.867,104189.532,99877.705,94866.770,89006.739,85029.139,79224.063,93675.113,88777.571,84998.053,80013.124
174.7,0.000,1.981,174238.621,215882.362,200014.913,189884.959,178553.875,167391.477,158723.407,148067.251,141197.473,134138.589,124571.961,116559.650,111151.694,106528.251,101423.015,96410.270,91934.286,86737.445,84064.789,77726.276,91261.556,87664.219,83759.949,78504.132
181.1,0.000,0.000,180851.826,200793.230,186490.101,177045.000,167762.234,158567.725,150605.354,140478.671,134956.503,126730.798,118666.922,110946.657,105299.196,102060.508,96943.197,93958.200,88275.702,83538.191,80165.356,74852.135,89607.812,84055.496,80519.881,76965.644
187.7,0.000,0.000,181975.381,184688.166,171610.722,163542.277,155227.445,148163.747,140394.526,132420.156,125736.753,119743.900,111649.113,105649.608,98932.629,96361.454,92436.611,87904.577,83905.450,79838.282,76787.651,71511.636,85231.784,81040.494,78218.645,73345.944
194.6,0.000,0.000,169931.427,166418.691,153669.957,147928.572,141549.369,133581.371,128471.363,121347.555,116365.235,109770.984,102896.680,98251.725,93400.217,90232.925,86122.597,83398.030,78436.662,74415.225,72342.233,67719.724,80766.156,76153.111,73024.996,70171.253
201.7,1.870,0.000,156784.438,148260.278,137713.819,132335.973,126876.935,122782.601,115254.326,110512.003,105279.715,101433.108,94103.497,90116.351,85001.330,82942.329,79613.551,75760.068,72519.027,69013.697,67219.660,63731.570,74477.311,70781.323,69024.467,65092.772
209.1,0.154,0.000,145937.800,128986.627,120774.906,116331.049,113425.946,108862.023,101848.277,98338.599,93781.176,90191.242,85964.891,80923.418,76806.577,75009.193,72326.016,70629.148,66196.407,63317.692,60966.837,57608.185,68679.874,65486.667,62788.588,59474.772
216.7,2.047,0.000,133721.328,111869.388,105715.655,100952.227,98205.496,95140.222,90772.510,86425.028,83743.941,79081.148,76451.828,72581.996,69204.474,67525.805,64869.266,61851.294,59204.198,56571.231,54917.091,52298.493,62234.876,58909.930,57307.981,54587.469
224.7,0.000,0.000,121062.208,95342.666,88184.167,86444.968,83539.280,81625.185,77112.258,75219.843,72986.937,69291.866,67087.761,63643.975,61135.103,59714.832,57825.062,55013.248,52760.881,51134.154,49481.206,47051.828,55928.438,54311.274,51750.234,48878.964
232.9,0.000,0.000,104480.373,78562.524,73990.291,72538.273,70201.038,68131.839,66033.967,64321.865,62237.798,60161.170,57144.258,55170.248,52486.729,51446.457,50087.405,48733.707,46053.362,44002.626,43361.612,40899.354,48913.009,47300.883,45243.889,43463.212
241.4,0.000,0.000,89505.768,63558.537,60243.549,59835.930,57569.102,56155.255,55187.733,53388.333,52823.422,50148.499,48499.066,46790.253,45115.950,44390.648,42189.282,41443.126,39380.770,38045.079,36551.558,35697.320,42554.456,40974.608,39358.690,37940.095
250.3,0.000,2.115,74355.295,51469.389,48585.148,47300.665,46836.016,46043.159,45262.473,44212.819,43641.904,41435.501,39904.232,39059.131,37318.697,37368.142,36154.898,34827.678,32948.772,32344.649,31606.283,29695.802,35973.401,34948.110,33399.253,32227.046
259.5,0.000,0.000,57561.622,39523.873,37774.321,37793.816,37443.568,36789.566,35934.917,35086.472,35131.500,33722.404,32219.244,31351.452,30521.407,30956.372,30229.578,28879.263,28101.791,27043.706,25759.527,25165.529,30533.359,29676.626,28259.143,26747.600
269.0,0.000,0.000,43667.269,30189.694,29159.068,28967.085,28931.691,28604.629,27687.382,27468.807,27143.280,26790.095,26440.059,25189.334,24278.673,24285.346,23854.776,23526.791,22508.232,21761.307,21141.485,20621.196,24781.466,23573.546,23060.338,22147.978
278.8,0.000,0.000,31741.683,21985.520,21865.379,21853.693,21376.667,21656.575,21448.628,20961.842,21250.583,20567.589,20349.419,19376.906,19060.571,19234.703,18826.393,18422.665,18113.900,17386.457,16846.854,16517.283,20145.342,19248.965,18929.526,18363.594
289.0,0.000,0.000,21471.557,15721.153,15087.588,15663.664,15426.385,15911.135,16115.988,15600.245,15583.136,15596.899,15388.601,14901.523,14894.991,14866.231,14221.371,14117.359,14075.966,13589.745,13400.926,12878.996,15663.227,15364.998,14803.788,14532.122
299.6,0.000,0.000,14160.903,10789.089,10655.719,11298.026,11008.884,11323.687,11320.509,11080.703,11438.655,11279.850,10995.071,11036.810,11232.848,10907.769,11084.871,10728.425,10702.492,10498.290,10256.301,9749.307,11885.570,11706.303,11303.491,11063.717
310.6,0.000,0.000,9268.361,6769.802,7061.901,7394.574,7689.267,8121.201,7933.143,7790.120,8046.702,8415.077,7886.431,8232.796,7824.715,8063.595,7816.790,7793.267,7939.909,7613.983,7777.878,7310.650,9071.125,8823.372,8435.563,8415.703
322.0,0.000,0.000,5751.823,4695.830,4787.519,5319.663,5116.980,5188.731,5392.121,5316.405,5631.858,5695.848,5395.603,5661.810,5534.608,5810.756,5727.427,5662.004,5815.915,5449.674,5501.328,5345.450,6487.830,6508.851,6064.298,6156.767
333.8,0.000,0.000,3388.327,2959.457,3020.862,3364.877,3293.255,3313.656,3507.638,3534.938,3770.688,3554.935,3633.237,4034.293,3889.672,3917.400,3995.923,4171.593,3971.547,3941.767,3859.833,3971.504,4693.352,4725.701,4439.729,4327.446
346.0,0.000,0.000,2053.461,1849.909,1897.261,2039.668,2104.114,2171.887,2164.362,2266.648,2220.200,2525.390,2458.316,2711.067,2625.727,2612.319,2659.206,2607.145,2550.256,2623.448,2659.906,2554.536,3088.580,3250.529,3144.761,3117.131
358.7,0.000,0.000,1110.557,1123.275,1168.742,1261.508,1267.114,1380.678,1362.362,1475.241,1567.105,1701.623,1552.241,1678.300,1666.812,1732.890,1861.795,1780.958,1834.475,1865.581,1730.439,1770.535,2278.078,2239.022,2240.481,2033.842
371.8,0.000,0.000,746.612,698.275,601.238,790.960,793.442,849.390,855.188,987.845,1003.933,1036.590,943.269,970.940,971.169,1169.321,1113.440,1185.144,1154.881,1139.581,1183.118,1150.900,1473.529,1425.642,1327.050,1454.806
385.4,0.000,0.000,391.401,396.894,446.950,462.949,426.343,475.395,516.263,586.257,534.724,634.351,637.079,672.421,644.327,576.721,756.922,716.742,687.991,737.795,743.351,801.037,872.745,918.207,939.879,897.090
399.5,0.000,0.000,265.332,249.381,249.156,311.614,263.035,290.812,354.366,348.315,408.831,289.103,351.755,386.829,373.535,390.542,501.261,378.242,366.759,412.973,495.304,458.053,632.916,599.674,595.496,611.829
414.2,0.000,0.000,143.243,134.723,122.439,169.995,186.248,195.237,137.107,195.925,177.683,230.349,201.640,205.206,271.993,237.655,236.663,330.895,284.954,280.527,265.834,298.846,378.172,339.598,341.342,316.840
429.4,0.000,0.000,97.975,90.391,93.161,113.362,82.597,98.761,143.479,142.751,87.905,118.829,149.406,141.297,137.323,127.473,179.068,158.299,139.815,190.216,166.159,173.516,174.933,240.308,189.885,232.227
445.1,0.000,0.000,79.685,60.378,60.534,54.379,63.832,58.460,73.029,39.718,81.866,79.099,90.482,114.398,88.793,80.382,104.420,76.630,109.094,95.282,121.857,123.061,164.427,138.027,140.766,160.054
461.4,0.000,0.000,38.905,26.708,25.531,25.578,21.647,29.739,33.531,43.817,55.386,47.068,41.531,37.032,50.215,44.849,66.241,78.266,52.673,57.640,54.925,60.001,70.107,73.576,54.325,73.669
478.3,0.000,0.000,27.135,21.746,33.974,21.957,25.634,24.764,24.764,23.952,20.198,34.001,29.874,37.692,25.676,24.165,27.352,29.587,40.485,15.999,39.929,28.328,49.140,43.397,36.702,51.294
495.8,0.000,0.000,8.237,16.503,27.576,4.129,7.501,22.273,2.784,19.420,13.834,11.050,13.739,16.344,18.969,10.867,14.348,14.658,40.400,18.887,10.774,24.079,15.903,35.129,18.809,29.280
514.0,0.000,0.000,13.980,33.612,8.425,7.108,17.027,14.176,8.505,2.825,8.453,19.693,2.799,11.097,14.396,13.834,18.338,18.332,13.810,8.243,13.715,8.174,16.195,26.520,16.278,21.686
532.8,0.000,0.000,17.091,14.267,8.583,8.644,5.782,5.777,5.777,8.635,2.870,19.464,17.105,8.478,13.449,14.093,2.831,2.824,16.883,2.799,0.000,0.000,0.000,8.278,8.292,5.523
552.3,0.000,0.000,26.128,5.816,8.747,11.745,23.571,11.635,2.944,2.933,8.777,9.372,11.622,14.402,8.596,2.873,11.541,8.633,2.868,8.559,14.240,2.829,5.605,11.249,2.817,5.629
572.5,0.000,0.000,11.839,8.895,11.891,2.994,0.000,0.143,0.000,5.982,5.965,14.890,2.963,5.873,5.843,8.786,13.532,5.868,0.000,2.909,5.807,8.653,2.857,5.734,2.872,2.869
593.5,0.000,0.000,8.996,3.004,3.012,12.132,9.130,9.122,3.041,3.030,0.000,3.086,9.003,5.950,2.959,8.901,13.111,8.917,0.000,5.893,0.000,8.766,8.684,0.000,5.819,14.535
615.3,0.000,0.000,12.238,24.518,6.145,3.095,9.315,15.824,9.306,0.000,6.166,9.164,0.000,9.106,6.039,0.000,9.121,9.098,0.000,3.006,3.001,11.925,5.907,8.891,5.937,0.000
637.8,0.000,0.000,15.614,21.898,6.273,6.317,3.169,6.014,9.500,12.621,9.441,6.284,3.126,3.098,0.000,0.000,0.000,0.000,12.339,0.000,6.127,0.000,6.029,6.050,0.000,3.028
661.2,0.000,0.000,12.665,12.687,6.360,9.607,6.427,6.421,0.000,6.398,12.763,6.371,3.169,12.565,0.000,0.000,0.000,9.415,3.128,3.111,6.691,0.000,6.113,0.000,0.000,0.000
685.4,0.000,0.000,0.000,0.000,0.000,0.000,0.000,0.000,0.000,0.000,0.000,0.000,0.000,0.000,0.000,0.000,0.000,0.000,0.000,0.000,0.000,0.000,0.000,0.000,0.000,0.000
710.5,0.000,0.000,0.000,0.000,0.000,0.000,0.000,0.000,0.000,0.000,0.000,0.000,0.000,0.000,0.000,0.000,0.000,0.000,0.000,0.000,0.000,0.000,0.000,0.000,0.000,0.000
Scan Time (s),155,155,155,155,155,155,155,155,155,155,155,155,155,155,155,155,155,155,155,155,155,155,155,155,155,155
Retrace Time (s),4,4,4,4,4,4,4,4,4,4,4,4,4,4,4,4,4,4,4,4,4,4,4,4,4,4
Scan Resolution (Hz),50,50,50,50,50,50,50,50,50,50,50,50,50,50,50,50,50,50,50,50,50,50,50,50,50,50
Scans Per Sample,1,1,1,1,1,1,1,1,1,1,1,1,1,1,1,1,1,1,1,1,1,1,1,1,1,1
Sheath Flow (L/min),3.000,3.000,3.000,3.000,3.000,3.000,3.000,3.000,3.000,3.000,3.000,3.000,3.000,3.000,3.000,3.000,3.000,3.000,3.000,3.000,3.000,3.000,3.000,3.000,3.000,3.000
Aerosol Flow (L/min),1.16,1.16,1.16,1.16,1.16,1.15,1.15,1.15,1.15,1.15,1.15,1.16,1.16,1.17,1.18,1.17,1.17,1.17,1.18,1.18,1.18,1.19,1.20,1.20,1.20,1.20
Bypass Flow (L/min),0.00,0.00,0.00,0.00,0.00,0.00,0.00,0.00,0.00,0.00,0.00,0.00,0.00,0.00,0.00,0.00,0.00,0.00,0.00,0.00,0.00,0.00,0.00,0.00,0.00,0.00
Low Voltage (V),11.04,11.04,11.04,11.04,11.04,11.04,11.05,11.05,11.05,11.05,11.05,11.03,11.04,11.04,11.04,11.05,11.04,11.04,11.04,11.04,11.05,11.03,11.04,11.04,11.04,11.04
High Voltage (V),9179.48,9178.91,9178.91,9178.91,9177.89,9178.75,9183.39,9184.54,9184.25,9184.25,9183.11,9179.89,9179.32,9177.61,9174.78,9171.50,9172.35,9173.76,9172.91,9171.79,9170.10,9167.17,9163.35,9161.87,9162.98,9163.53
Lower Size (nm), 16.0, 16.0, 16.0, 16.0, 16.0, 16.0, 16.0, 16.0, 16.0, 16.0, 16.0, 16.0, 16.0, 16.0, 16.0, 16.0, 16.0, 16.0, 16.0, 16.0, 16.0, 16.0, 16.0, 16.0, 16.0, 16.0
Upper Size (nm),723.4,723.4,723.4,723.4,723.4,723.4,723.4,723.4,723.4,723.4,723.4,723.4,723.4,723.4,723.4,723.4,723.4,723.4,723.4,723.4,723.4,723.4,723.4,723.4,723.4,723.4
Density (g/cm³),1.0,1.0,1.0,1.0,1.0,1.0,1.0,1.0,1.0,1.0,1.0,1.0,1.0,1.0,1.0,1.0,1.0,1.0,1.0,1.0,1.0,1.0,1.0,1.0,1.0,1.0
td + 0.5 (s),1.52,1.52,1.52,1.52,1.52,1.52,1.52,1.52,1.52,1.52,1.52,1.52,1.52,1.52,1.52,1.52,1.52,1.52,1.52,1.52,1.52,1.52,1.52,1.52,1.52,1.52
tf (s),5.96,5.96,5.96,5.97,5.97,5.98,5.99,5.99,5.99,5.98,5.98,5.97,5.96,5.95,5.94,5.95,5.95,5.95,5.94,5.93,5.93,5.92,5.90,5.91,5.91,5.91
D50 (nm),664.3,664.3,664.3,665.0,665.9,668.5,670.0,669.6,669.6,668.3,667.3,666.6,664.6,661.4,659.4,660.3,661.9,661.0,659.7,657.8,657.2,654.5,651.1,652.4,653.0,652.7
Neutralizer Status,ON,ON,ON,ON,ON,ON,ON,ON,ON,ON,ON,ON,ON,ON,ON,ON,ON,ON,ON,ON,ON,ON,ON,ON,ON,ON
Median (nm),145.475,142.276,88.008,110.394,116.864,120.839,123.459,125.948,128.314,130.212,132.137,133.891,134.907,136.292,137.636,139.112,140.077,141.244,142.187,143.121,144.189,145.000,146.014,146.466,147.264,147.748
Mean (nm),134.083,148.265,100.781,113.312,119.265,123.153,126.033,128.756,131.132,133.200,135.315,137.131,138.466,140.073,141.417,142.954,144.058,145.300,146.224,147.342,148.399,149.376,150.238,150.879,151.642,152.146
Geo. Mean (nm),120.670,139.415,96.018,95.018,102.254,106.866,110.483,113.663,116.501,118.888,121.238,123.330,124.897,126.656,128.135,129.843,131.011,132.375,133.370,134.567,135.687,136.707,137.525,138.148,138.997,139.448
Mode (nm),145.902,250.287,82.047,140.746,140.746,145.902,140.746,145.902,145.902,145.902,151.247,151.247,151.247,156.788,151.247,156.788,151.247,151.247,151.247,156.788,156.788,162.531,162.531,162.531,168.485,162.531
Geo. Std. Dev.,1.632,1.414,1.328,1.908,1.828,1.782,1.741,1.713,1.687,1.667,1.651,1.635,1.622,1.611,1.602,1.591,1.585,1.578,1.573,1.567,1.562,1.558,1.557,1.555,1.551,1.551
Total Conc. (#/cm³),2.972775e-001,2.021462e-001,3.283335e+005,1.439627e+005,1.216514e+005,1.090595e+005,9.971761e+004,9.086093e+004,8.346701e+004,7.672284e+004,7.087735e+004,6.551733e+004,6.075665e+004,5.617221e+004,5.234351e+004,4.979647e+004,4.693487e+004,4.417781e+004,4.151190e+004,3.890030e+004,3.691574e+004,3.437469e+004,4.036213e+004,3.811538e+004,3.612921e+004,3.421513e+004
Title,,,,,,,,,,,,,,,,,,,,,,,,,,
User Name,VanceLab,VanceLab,VanceLab,VanceLab,VanceLab,VanceLab,VanceLab,VanceLab,VanceLab,VanceLab,VanceLab,VanceLab,VanceLab,VanceLab,VanceLab,VanceLab,VanceLab,VanceLab,VanceLab,VanceLab,VanceLab,VanceLab,VanceLab,VanceLab,VanceLab,VanceLab
Sample ID,,,,,,,,,,,,,,,,,,,,,,,,,,
Instrument ID,,,,,,,,,,,,,,,,,,,,,,,,,,
Lab ID,,,,,,,,,,,,,,,,,,,,,,,,,,
Leak Test and Leakage Rate,,,,,,,,,,,,,,,,,,,,,,,,,,
Instrument Errors,Normal Scan,Normal Scan,Normal Scan,Normal Scan,Normal Scan,Normal Scan,Normal Scan,Normal Scan,Normal Scan,Normal Scan,Normal Scan,Normal Scan,Normal Scan,Normal Scan,Normal Scan,Normal Scan,Normal Scan,Normal Scan,Normal Scan,Normal Scan,Normal Scan,Normal Scan,Normal Scan,Normal Scan,Normal Scan,Normal Scan
Comment,,,,,,,,,,,,,,,,,,,,,,,,,,
