Sample File,C:\Users\vancelab\Desktop\Chamber\Raw data\Chamber_Water_SMPS_AgedSmoke_LRH_20230517_dryerNodryer.S80
Classifier Model,3071
DMA Model,3081
DMA Inner Radius(cm),0.00937
DMA Outer Radius(cm),0.01961
DMA Characteristic Length(cm),0.44369
CPC Model,3788 High Flow
Reference Gas Viscosity (Pa*s),1.83245e-005
Reference Mean Free Path (m),6.73e-008
Reference Gas Temperature (K),296.15
Reference Gas Pressure (kPa),101.3
Channels/Decade,64
Multiple Charge Correction,TRUE
Nanoparticle Aggregate Mobility Analysis,FALSE
Diffusion Correction,TRUE
Gas Density,0.0012
Units,dw/dlogDp
Weight,Number
Sample #,1,2,3,4,5,6,7,8,9,10,11,12,13,14,15,16,17,18,19,20,21,22,23,24,25,26,27,28,29
Date,05/17/23,05/17/23,05/17/23,05/17/23,05/17/23,05/17/23,05/17/23,05/17/23,05/17/23,05/17/23,05/17/23,05/17/23,05/17/23,05/17/23,05/17/23,05/17/23,05/17/23,05/17/23,05/17/23,05/17/23,05/17/23,05/17/23,05/17/23,05/17/23,05/17/23,05/17/23,05/17/23,05/17/23,05/17/23
Start Time,13:50:00,13:53:00,13:56:00,13:59:00,14:02:00,14:05:00,14:08:00,14:11:00,14:14:00,14:17:00,14:20:00,14:23:00,14:26:00,14:29:00,14:32:00,14:35:00,14:38:00,14:41:00,14:44:00,14:47:00,14:50:00,14:53:00,14:56:00,14:59:00,15:02:00,15:05:00,15:08:00,15:11:00,15:14:00
Diameter Midpoint
 16.3,0,0,0,21284.4,8543.62,4145.01,2239.09,829.851,671.693,404.375,373.27,93.3174,31.1058,152.901,62.2116,31.1058,31.1058,0,0,62.2116,0,31.1058,31.1058,31.1058,737.041,31.1058,0,0,0
 16.8,0,0,0,27678.1,10106.7,4897.3,2947.66,1416.57,688.904,662.072,175.267,204.478,58.4224,119.313,107.06,87.6335,29.2112,58.4224,58.4224,58.4224,38.8529,0,0,0,408.957,0,29.2112,0,58.4224
 17.5,0,0,0,30973.9,11961.7,5891.43,3133.55,2130.62,1409.95,592.251,478.503,308.05,324.529,274.99,119.207,176.014,109.996,109.996,0,82.4969,45.9214,0,0,82.4969,192.493,0,0,0,0
 18.1,0,0,0,34632.7,13465.7,7401.12,3840.95,2806.82,1493.66,923.861,925.647,487.107,290.187,184.555,77.739,145.094,80.9028,103.652,25.913,103.652,25.913,51.826,51.826,29.0767,51.826,25.913,29.0767,0,25.913
 18.8,0,0,0,38936.7,16284.2,8795.37,4825.21,2701.19,1912.52,1298.69,644.614,364.396,400.483,381.557,121.465,194.345,118.499,72.8792,93.006,117.299,97.1723,0,44.4199,45.6202,72.8792,0,21.3271,24.2931,0
 19.5,0,0,0,41330.9,19286.1,10693.2,6202.56,3473.1,2216.92,1554.1,1214.13,1170.53,666.757,359.857,252.276,229.342,91.7367,103.648,187.407,141.538,137.605,22.9342,72.7357,45.8683,138.494,34.8458,22.9342,45.8683,22.9342
 20.2,0,0,0,48407.4,21213.2,13498.1,7311.49,4592.78,2736.47,2220.7,1199.34,1129.6,641.591,751.42,615.189,359.349,203.449,192.193,134.23,108.353,112.56,47.548,86.6822,134.23,111.719,53.7563,21.6705,43.3411,43.3411
 20.9,0,0,0,51284.6,24760.5,14223.6,8693.84,5286.86,3883.11,2135.24,1485.18,1260.82,1116.82,544.534,624.707,488.406,276.563,227.052,138.414,227.207,209.189,188.401,141.122,175.477,117.213,4.96656,47.0132,4.48162,111.468
 21.7,0,0,0,55611.3,27384.6,16399.1,11011.6,6255.49,5250.73,3649.92,2025.95,1573.74,1294.28,1136.94,884.54,701.183,557.573,421.724,272.379,264.904,192.579,135.077,258.589,70.0742,58.9821,72.8196,70.5214,56.8254,74.6428
 22.5,0,0,0,63201.8,33259.1,19927.3,13200.7,8512.18,5916.82,4148.66,3357.88,2195.08,1914.46,1459.72,835.742,921.548,684.422,630.879,283.211,158.213,426.177,356.207,232.011,99.6557,171.698,185.962,160.184,99.612,157.167
 23.3,0,0,0,72263.2,37430.3,22244.4,15629.8,8896.56,6820.17,4847.87,4072.73,2896.98,2170.36,1811.07,1241.15,1033.3,1004.27,585.785,737.751,423.366,502.317,398.251,265.868,231.648,175.22,177.803,88.5655,35.626,68.9976
 24.1,0,0,0,78713.1,42045.7,26631.4,17197.3,11102.7,8302.72,5800.16,4475.99,3267.99,2840.76,2458.31,1446.26,1295.21,1188.34,674.792,814.724,612.446,684.468,394.488,431.33,266.217,230.693,184.325,352.656,183.758,162.016
 25.0,0,0,0,85955.4,46744.4,29521.6,19640.3,14087.1,10113,7893.42,5382.98,4415.74,3242.17,2623.83,2270.15,1515,1557.61,938.987,1012.41,906.733,367.842,486.259,278.716,283.851,393.761,298.473,305.239,276.427,335.84
 25.9,0,0,0,94732.9,53223.1,34249.3,24388.3,16599.5,12650.4,9318.07,6972.57,5104.34,4244.41,3712.33,2444.46,1728.39,1747.28,1603.81,1346.29,1223.52,1063.8,865.945,739.882,364.743,617.977,506.859,510.489,352.031,523.07
 26.9,0,0,0,103170,59820.6,38116.1,29107.6,19200.4,15707.2,11281.7,8276.84,6091.52,5335.06,4348.14,3672.15,2642.88,2563.99,2307.65,1943.28,1533.4,1293.31,1215.57,844.642,796.655,802.553,676.782,478.366,575.723,391.883
 27.9,0,0,0,117255,65330.3,45214.5,32400.4,23146.5,17640,13501.2,9698.83,8212.81,6385.96,5373.83,4467.74,3144.33,3111.29,2917.43,2070.74,1970.37,1611.38,1349.36,885.055,1040.83,766.046,877.682,754.323,566.729,647.321
 28.9,0,0,0,126763,73923.7,51584.6,37118,26500.6,21281.1,15959.8,12789.2,10381.7,8470.52,6894.11,4987.64,4041.17,3496.28,3133.74,2355.6,2290.03,1907.86,1756.72,1696.1,1324.59,1105.13,1129.92,887.183,587.09,532.741
 30.0,0,0,0,140991,82535.7,57077.4,42554.3,30330.6,22832.2,20163.6,14843.2,12250.6,9727.77,8147.77,6323.8,4939.53,4897.15,4177.61,3384.45,2912.33,2392.94,2416.54,1593.62,1563.39,1548.17,1249.5,1164.43,1288.52,925.397
 31.1,0,0,0,148837,90497.6,65810.5,47084,36106.8,27008.8,23220.5,17513.6,13700,11668.2,9576.28,7611.21,6623.69,6557.78,5026,3954.86,4004.94,2971.69,2897.2,2452.79,2255.01,2140.51,1667.91,1139.12,1425.55,1550.2
 32.2,0,0,0,168592,102250,73421.5,55690.6,39843.9,31883.8,26695.1,20564.9,17029.1,13869.8,12208.6,9084.15,8661.98,7373.13,6277.5,5301.39,5013.46,4338.37,3252.54,2815.63,3021.5,2441.07,2132.79,2036.72,1779.08,1638.98
 33.4,0,0,0,181872,111574,80434.6,61180.7,47534.1,37806.3,30941.9,25131.6,18898.4,16641.5,13982.4,12054.2,9194.83,7909.56,6907.65,6496.51,6013.47,5139.41,3930.99,4156.64,3166.04,3222.88,2673.52,2497.18,2520.23,1932.52
 34.6,0,0,0,194082,123443,89511,69676.1,53237.2,41472.9,34944.4,28609.6,23688.9,18669,17321.4,13988.3,12138.3,10134.8,9526.51,8073.71,6469.13,5894.42,5497.31,4877.2,4113.01,3831.6,3289.04,3418.04,2511.06,2544.01
 35.9,0,0,0,203342,131806,98717.1,75682.2,60216,47145.9,39845.1,32084,25817.6,21797.1,19459.4,17179.4,14112.3,12338.6,10401.7,9273.92,8125.26,7231.55,6146.33,5565.88,5221.22,4531.29,4383.29,3515.34,3519.5,3098.29
 37.2,0,0,0,219127,149783,112428,85128,66207.8,54693.5,46128.8,36675.2,31192,26228.7,21799.9,18896.2,16859.8,14156.7,12512.1,10876.1,9614.74,9142.28,8064.28,6978.57,5981.96,5430.72,5473.83,4551.23,4249.35,3960.91
 38.5,0,0,0,232293,158985,122672,94868.3,74324.3,59992.6,50537.2,42154.5,34868.5,31787.2,26726.8,22294.8,19907.6,17525.8,14570.9,13853.6,11159.7,10323.3,9595.9,8386.83,7970.84,6910.85,6461.71,5973.06,5116.48,5058.22
 40.0,0,0,0,249469,174416,134727,106150,85065.4,70430.4,56006.8,48841,40865.2,35759.9,31469.8,25743.2,23128,19899,17466,16528.8,14159.5,12666.9,11591.6,10269.8,8655.28,8135.35,7928.61,7027.33,6470.57,5905.13
 41.4,0,0,0,266159,189577,145566,118738,92449.5,76509.1,62569.1,54558.6,46248.5,39337.5,35498.8,29306.3,25883.4,21348.9,19829,18822.1,16311.8,15741.7,12898.2,11427.9,10874.9,10117.2,9077.36,8134.52,7884.32,7157.87
 42.9,0,8.74759,0,292884,204040,159948,127261,103852,85464.8,71954.4,60500.9,51544.2,45566.6,39886,34764.7,30475.3,27607,23643.1,21270.4,18960.9,16819.7,15402.1,14151.2,12108.7,11869.8,10105,9817.61,8879.85,8124.23
 44.5,0,8.44771,0,309924,220557,175116,141360,114184,94747.2,80002.9,69322.8,59874.8,49022.3,44991.5,39883,34833.2,30138.4,26858.1,23981.9,21073.3,20317,18265,17018.4,15194.2,13968.8,13272.6,11415.3,10321.1,9583.98
 46.1,0,0,0,331755,240238,191194,155658,125940,103712,89825.6,77363.6,65782.1,57831.3,51283.6,43382.4,38674,34238.5,30551,28416.8,25618.1,22416.5,21483.5,18977.6,17287.5,15873.3,15295.2,13821.7,12168.3,11110.5
 47.8,0,0,0,363137,258286,206982,168710,135581,116433,101632,84640.9,72543.5,64476.7,58482.6,50167.8,44880,39442.7,35982.9,31716.5,27424.5,26001.2,24167.3,22567.3,19648.2,18590.4,17260.8,15874.7,14329.3,13082.7
 49.6,0,0,0,386121,275038,221782,176763,151121,129204,112977,94736.3,83447.1,72909.3,66485.3,57070.6,50128.5,46629.5,40511.5,36450.7,32585.1,29995.7,27515.8,25767.2,23722.6,21989.2,19714.8,18405.9,17867.7,15828.7
 51.4,0,0,0,406106,295790,240986,197465,164657,141976,124149,103716,90191.9,79704.5,71201.4,64484.3,56976.9,50967.6,47338.6,43203,38492.8,34246.4,32331.8,29406,26183.7,24407.4,22755.9,20590.5,19161.6,18164.6
 53.3,0,0,0,431301,318597,256806,213992,177951,155036,133863,116689,101018,88430.9,81097.7,70680.5,64332.9,56711.7,51388.5,48141.8,42157.6,39865.1,36172.2,33322,30343.4,27342.2,27016.7,24370.6,22844.8,21094.4
 55.2,0,0,376037,455914,339429,274698,224952,194620,168698,147745,127573,110234,100379,90022.8,78736.2,71114.4,65162.7,57284.8,51111.3,48060.8,45422.4,40564.6,38060.3,33949.2,32451.5,30298.9,27192.7,25259.4,23785.8
 57.3,0,0,1.27586e+006,487089,355997,293359,246306,209796,179648,158554,140479,119960,106766,98988.5,87802.4,77209.2,72039.4,65041.5,59626.8,53051.2,51372.6,46201.6,41133.9,39009.4,37099.2,33913.9,31302.8,29042.9,26513.7
 59.4,0,0,2.3721e+006,509322,380351,318011,263004,225336,195692,173000,152607,133922,118722,107144,96282,86350.4,80086.8,72190.3,65126.5,60808.7,55375.3,50064.6,47218.1,44148,40786.9,38942.3,34878.2,32151.7,29836.3
 61.5,0,0,3.39784e+006,535179,400631,332573,286923,243947,211163,186117,162718,145221,129598,116320,105270,94658,85831.5,82575.2,74242.6,66525.1,61448,56255.3,53067.5,49801.7,45413.3,43486.6,39923.4,37290.5,34198
 63.8,0,0,4.59259e+006,558474,420345,352107,298337,253920,227156,200878,177941,155541,139551,127437,116287,103371,96963.6,86306.8,81587.7,73374.8,69689.2,63170.2,57280.1,53920.3,50948.8,49355.5,45326.3,40966.7,39581.6
 66.1,0,0,4.93977e+006,587679,444049,368151,316832,269823,237753,213937,188707,167012,152703,138863,124637,113886,105490,93941.1,90006.3,81711.6,74980.5,68319.2,63705,57439.4,55359.5,50738,48651.8,46091.5,42681.1
 68.5,0,0,4.61354e+006,612619,461829,389121,337334,289511,252229,224940,204126,179422,160649,147038,134657,122534,113457,103510,96463.8,86866.6,82530,75757.2,69624.6,64258.9,60868.3,57464.2,53675.6,50182.3,46478.2
 71.0,0,0,4.47085e+006,614995,469467,398311,347914,297021,262250,233922,210772,187595,168635,150967,140257,127586,118900,109256,99965.5,93078,82868.1,78263.4,72835.9,68868,65515.3,59909.2,57028.3,52976.4,49644.5
 73.7,0,0,3.71875e+006,626364,483968,411396,352495,308632,273544,241647,216855,194646,175605,162610,147983,134303,125808,111365,104818,97730.6,90864,83544.6,78934.9,71841.6,67637.1,64765.9,61591.1,56172.5,53142.2
 76.4,0,0,2.51077e+006,637070,498697,423996,369012,321251,282600,260357,229467,203453,187134,168992,153782,141033,132155,122511,111098,106496,95863.8,89995.3,84023.5,79658.3,73096.8,69635,66016,60635.7,57482.5
 79.1,0,0,1.48896e+006,647654,509452,441331,385210,330355,291797,265849,241276,213938,194958,179750,162164,150020,143051,131016,119411,113529,103097,96987.3,90182.8,80750.6,78205.1,73976.4,70806.4,65874.3,61645.8
 82.0,0,0,898287,664746,526820,453929,393198,345559,313969,281000,251060,226290,201611,190137,172321,156860,149966,137059,126961,118711,108851,101586,96392.8,87757.3,84614.8,78807.6,74608.5,70551.7,65664.2
 85.1,0,0,505606,667400,534801,459664,400881,358042,317724,285413,258910,235331,215527,198846,181362,166718,154401,145491,132837,124719,115217,107402,101250,94529.1,86989.7,84637.2,79274.6,75363.1,69334.5
 88.2,0,0,264345,680946,546785,470426,415293,364194,325471,297681,269329,241179,222016,203658,187538,175428,163351,150218,140769,130725,119696,113944,106501,99881,95002,87840.2,84736.1,79162.8,74090.4
 91.4,0,0,105100,683426,550994,478485,422652,373642,337491,301082,276696,250603,231156,213850,194028,178389,170738,153814,144223,136559,126073,119845,110984,106508,98821.9,91274.7,86688,82423.7,77081.3
 94.7,0,0,16559.2,689796,557260,484419,429109,378325,338143,309183,286678,258230,233753,218521,197015,186393,175309,163817,152155,142157,129738,124274,118264,107877,103255,95753.1,91187.8,85013.4,79426.5
 98.2,0,5.57193,0,687233,553984,491368,433724,385555,343669,312812,282586,263102,240899,224192,204655,189385,180800,166186,154725,144204,135330,128784,120283,114677,105218,101145,95450.8,89177.7,84082.3
101.8,0,0,0,693718,554040,487793,436547,389643,348821,315834,293756,264510,243286,231042,209347,191648,188292,170410,160188,150413,140532,131916,122613,117421,109228,103170,98010.5,92985.7,88109.2
105.5,0,0,0,675475,549218,488124,430912,387143,344887,317976,293308,267807,246379,233363,212378,194843,189340,171967,164626,152258,142197,136405,124723,119550,113019,105430,99492.6,95236.8,89242.4
109.4,10.8898,0,18083.5,667918,542259,479963,425671,389323,345337,319120,291655,265322,249074,232996,215398,198934,190450,177294,165059,154138,145920,138101,128201,124333,114192,110241,103990,96866.9,92502.6
113.4,0,5.42952,120929,646819,531371,473976,422909,379777,346616,318394,294613,269036,248773,235724,214816,198784,191370,178982,169988,155031,146130,137638,132818,123171,116533,110046,106223,98537.1,92785.1
117.6,0,0,262785,614769,523089,459940,412063,376916,340036,315380,289058,267637,243044,234000,215608,198704,191793,177268,169335,157999,148231,138800,129282,124274,118153,114148,106225,99726.9,93975.4
121.9,0,0,379803,600398,498187,443952,401415,370668,333821,306093,285666,261182,243394,230226,213858,198291,192413,176342,168168,156395,150595,140903,132378,124086,120126,113261,106254,99425.4,96266.7
126.3,0,0,441444,572844,482739,434270,392498,355064,327529,303893,276656,258567,238890,229347,205933,193517,189884,174724,167019,155483,147825,141204,131705,126453,118339,113776,106947,100899,94432.4
131.0,0,0,451323,537881,461681,416097,374572,345555,315552,295699,271309,248360,231514,223801,206373,190861,187189,171545,163702,154000,146660,140201,130567,125004,116871,113143,105262,99942.3,94930.7
135.8,0,0,453412,506553,438662,391403,360220,333227,303412,281385,256032,244543,225731,214312,202378,185623,180922,169045,161759,152483,143195,135972,128452,122251,114848,110906,104615,97390.7,94462.3
140.7,0,0,469865,475337,412311,373719,344438,313895,288916,269084,249797,233260,217123,208678,194603,178730,175560,164154,158469,149074,141773,134435,123624,120626,112403,108235,103177,96394.6,93118.2
145.9,5.36077,0,449361,440420,385809,353601,326978,297568,276484,258191,242523,224665,210283,201727,185345,177398,169956,159013,150401,144779,137792,129728,122916,118586,110535,104938,100381,96180.4,90811
151.2,3.98828,0,409678,407088,356448,329655,303217,277295,258679,243281,226345,211338,198685,189801,176430,166282,162097,151400,144644,139146,132504,124185,117375,114232,106310,102939,97487.4,93752.6,88391.4
156.8,3.65194,5.3628,390519,371227,327117,303622,281745,258418,239362,225841,209230,199123,186842,179648,166760,157975,152986,145527,138327,133536,124403,118630,112794,108278,102476,99699.5,93143.6,89648.8,85728.8
162.5,0,0,381119,335441,300500,277377,256725,238641,222444,211444,200615,184938,174548,167061,156086,146202,145036,137833,131119,126319,120890,113100,107533,104278,97515.5,95309,90170.6,85424.3,82117.4
168.5,0,0,389550,301053,270075,250617,233991,218215,202117,193106,181857,171445,162303,154730,145225,137723,134620,128150,122429,117585,112412,107424,101257,98813,90785.8,88833.8,84789.5,80777.4,78037.7
174.7,0,0,391976,270540,240295,222366,210008,197208,181814,176014,167854,158325,148523,142680,133940,127610,125795,119785,114731,109238,105146,100928,93822.6,92867.3,87774,82894.3,79017.5,76981.1,73586.2
181.1,5.44849,0,369964,239782,213456,201204,186906,175565,164463,159799,150734,142332,134555,129520,122924,117031,114511,110331,104464,101241,97011,91211.7,88147.3,86921.7,80827.2,77321.4,75026.6,70472.9,68674.7
187.7,0,0,340481,206728,184991,177288,166091,156142,148416,143990,133429,129242,123983,116838,111783,106300,102745,100910,95872.9,94157.3,90470.2,85235.1,81485.1,79613.1,74528.8,72144.7,69836.8,65695.7,62879.7
194.6,0,0,302521,178183,161207,152067,141819,138502,128005,124576,118628,113662,108962,104103,99121.7,94523,93715.2,90690.9,86760.8,83359.3,81783.1,76684.8,73694.6,72337.3,68591.8,65264.8,63823.3,59340,58732
201.7,0,0,264108,153207,137573,132447,124694,119100,112881,107082,102640,99657.9,95845.3,91862.9,87299.9,83494.4,82399,81336.8,78166.2,74418.9,73418.9,70376.1,66301.4,65436.8,62058.1,59941.6,57935,54676.3,52000.9
209.1,0,0.97832,221005,129287,117345,110080,106090,100757,95904.3,92980.6,90421,87007.6,83472.2,80489.7,76925.9,73428,71821.8,70831.4,69096.6,66026.7,65594.3,62072.9,59508.8,58696.5,55089.5,53839.3,51106.9,50328.9,47038
216.7,0,4.65917,187358,106001,96257.8,92739.2,89207.3,86947,81865.1,80312.8,76963.6,73965.1,70523.1,70279.6,65368.3,64229.2,61897.6,62088.9,59745.1,57856.7,56340,54768,51967.7,52154.2,48344.2,46580.1,44792.7,44157.3,41844.3
224.7,0,0,148358,86976.2,79131.9,76908.1,73164.2,71255.2,69715.4,67300.7,64800.2,63883.7,60320.2,58260.6,55868,54054.8,53912.2,52476.1,51899.8,49875.6,48346.1,47173.5,44965.9,45325.4,41968.2,40861.3,40302.9,38604.3,36827.9
232.9,0,0,112522,70174.4,64906,63128.3,58969.8,57996.1,55382.1,54006.2,51828.7,52912.9,51217.9,49304,46984.9,46484.9,45871.7,45240.5,44425.7,42856.3,41481.3,39990.4,38476.4,39294.1,36494.8,35045.2,34635.7,32702.9,31707.9
241.4,5.82431,0,88805.8,56909.4,51268.3,50657.6,48171,48136.3,44561.2,45251.3,44422,42623.3,42924.6,41003.9,39740.1,37710.2,38113,37830.1,37764.7,36781.3,34640.1,33144.6,33504.9,33315.9,31104.1,30532.8,29298.7,28061.1,28376.6
250.3,0,0,70278.9,44062.7,41168,38946.4,37604.3,38187.8,35847.9,36079.5,34995,34840.8,34538.3,33893,31735.6,30645.7,31602.4,31220.6,31455.7,29939.4,29280.5,27994.4,27715.2,27030.7,26398.4,25417.5,24957.1,23786.9,23326.6
259.5,0,0,54760.5,34556.4,31970.3,30800.9,30190.7,29669.7,28931.4,28104.4,27633.9,27963.7,28118.8,27050.8,25726.9,25314.9,24737.6,25208.9,24247.1,24700.2,23800.6,22528.5,21752.8,22831.2,21623.6,21238.2,20400.6,19805.8,19668.6
269.0,0,0,40070.2,25379,24482,22973.6,22068.1,22901.5,21894.2,21949.9,21798.3,21605.6,21147.2,20749,20239.7,20125.9,20300.8,20226,20035,19856.4,19086.1,19093.5,18347.2,18885,17612.6,17882.7,17710.9,16127.4,16466.8
278.8,0,0,28178.7,18181.7,18523.1,17880,17832.3,17239.3,16557.7,16811.3,16556.8,16652.5,16620.8,16230.9,16311.2,15577.9,15591.5,16049.6,15186.4,15778.9,15754.3,14955.7,14980,15034.1,14517.7,13818.1,13934.4,12411.9,13253.2
289.0,0,0,20341.5,13696.4,13008.5,13194.4,12764.8,13082.5,12445.3,12292.2,12729.9,12884.2,12509.5,12586.6,11480.8,12426.1,12419.4,12260.8,11635.6,12332.9,11432.2,11888.5,11479.5,11846.9,11199.4,10680.5,10512.7,10469.4,10543.4
299.6,0,0,14643.4,10198,9398.19,9879.75,9332.39,9662.8,9405.15,9711.08,9512.26,9440.5,9598.17,9552.47,9354.17,8712.72,8868.27,8916.49,9377.9,9276.03,8744.21,9262.25,8846.89,9083.51,9016.78,8823.67,8248.48,7994.63,7907.22
310.6,0,0,10574.1,7385.94,6517.54,7339.02,6231.05,6889.98,6746.08,6166.93,6875.31,6650.51,6813.48,7213.64,6701.37,6548.25,6760.21,6968.77,6924.54,6962.67,6825.9,6820.77,6566.38,6962.29,6484.46,6408.51,6317.75,6156.12,6056.48
322.0,0,0,7199.02,4733.39,4624.82,4788.97,4485.82,4648.19,4785.69,4772.68,4612.87,4754.14,4860.55,4881.05,4919.23,4823.26,5027.51,5186.31,5185.23,5173.97,5159.36,5409.21,4897.69,5089.89,5073.84,4940.64,4976.73,4792.71,4719.07
333.8,6.55114,0,5051.38,3623.58,3320.53,2939.78,3291.36,3432.49,3095.08,3327.02,3259.64,3392.73,3578.21,3411.2,3459.72,3473.76,3609.57,3547.04,3764.83,3922.45,3625.44,3830.55,3838.51,3697.01,3596.7,3430.12,3794.88,3637.59,3537.48
346.0,0,0,3541.15,2738.77,2122.76,2097.8,2018.4,2050.58,2235.62,2358.71,2210.69,2166.12,2248.33,2377.27,2338.69,2521.37,2352.49,2197.13,2825.88,2569.7,2803.01,2438.78,2539.92,2686.87,2553.95,2540.21,2565.25,2718.49,2546.08
358.7,0,0,2303.57,1654.74,1433.53,1464.68,1457.91,1504.34,1719.67,1328.88,1484.13,1454.49,1567.73,1741.77,1727.32,1769.25,1664.83,1796.58,1712.06,1926.53,1644.33,1669.01,1939.29,1860.5,2057.57,2001.24,1866.64,1814.54,1778.21
371.8,0,0,1458.74,1222.56,1030.97,1021.79,1023.15,969.455,1084.38,920.66,937.353,1095.43,964.332,1003.4,1149.42,1114.69,1086.24,1264.99,1240.35,1145.13,1167.34,1380.32,1392.11,1221.7,1104.59,1289.14,1227.77,1387.64,1093.35
385.4,0,0,1138.17,677.122,642.391,694.845,682.248,728.759,629.215,678.77,711.786,689.419,814.59,740.806,612.958,693.197,699.602,827.389,872.471,980.063,872.467,897.139,820.234,846.558,784.329,894.553,819.005,832.682,919.527
399.5,0,0,739.668,606.507,480.317,471.53,558.612,458.241,519.769,380.563,435.587,460.603,380.379,522.014,451.868,442.602,497.053,442.55,613.053,526.457,535.682,574.07,569.995,644.983,600.483,616.315,678.907,602.317,547.699
414.2,0,0,484.232,420.414,374.134,283.161,406.547,363.852,404.938,246.815,311.662,383.827,295.671,310.885,275.096,312.819,339.481,339.482,390.492,448.748,231.854,282.036,311.179,429.256,378.266,362.18,385.478,353.128,442.072
429.4,0,0,423.023,265.112,221.581,254.498,248.261,247.174,175.877,199.496,250.964,219.965,176.992,255.084,249.933,255.084,184.317,232.942,219.993,241.493,307.695,249.32,236.816,314.908,262.408,256.728,225.645,294.021,262.994
445.1,0,0,311.166,228.161,221.076,177.689,200.034,96.2352,103.626,146.171,146.113,88.2504,133.362,118.523,125.55,126.029,147.78,191.34,185.558,207.788,186.037,154.155,176.022,153.735,162.734,147.78,162.734,206.889,178.225
461.4,0,0,239.537,143.207,129.412,98.782,83.5848,171.149,59.6808,121.696,97.7329,91.2423,73.711,105.273,89.9574,59.6219,97.6739,38.1699,106.499,97.7918,120.529,135.667,82.4177,74.7602,172.375,134.441,149.579,82.4177,89.9574
478.3,0,0,167.134,94.3138,82.3095,62.0417,62.0417,47.2871,109.824,54.2865,68.0503,74.5542,56.789,65.0524,21.519,55.5378,40.0273,105.575,54.2865,62.0544,47.7825,63.293,32.2721,114.582,64.5442,46.0359,33.5234,29.2742,68.0503
495.8,0,0,185.321,75.7741,29.1327,49.6807,70.7622,52.7201,36.4618,23.5874,18.7643,26.6268,55.0373,37.5286,65.9391,15.7249,33.9558,26.6268,18.2309,50.9364,38.9677,26.0933,31.4499,50.2142,28.5993,26.6268,39.3123,44.8577,34.4892
514.0,0,0,82.5222,35.0342,53.3071,21.5325,16.0613,45.6245,27.0036,71.928,8.03067,47.836,24.092,56.2147,32.1227,32.1227,21.5325,8.03067,5.47112,37.2458,40.5054,53.6551,55.8667,24.092,59.1263,8.03067,32.1227,21.1844,31.7747
532.8,0,0,98.4593,8.1461,41.5619,48.8766,48.8766,20.6044,8.1461,24.7913,24.4383,24.7913,28.7505,24.4383,16.2922,0,8.1461,24.4383,0,8.49913,8.1461,0,20.9575,16.2922,24.4383,32.5844,16.2922,0.353025,24.7913
552.3,0,0,41.6467,33.0603,24.3099,25.1166,24.7952,28.6851,8.26507,0,24.7952,33.0603,29.0065,8.26507,8.26507,8.26507,0,8.26507,16.5301,8.26507,16.5301,16.5301,3.88987,0,8.26507,8.58645,8.26507,0.321373,25.1166
572.5,0,0,50.382,0,25.3553,33.4784,16.9035,16.9035,16.9035,8.45177,16.9035,0,16.5749,16.9035,33.8071,8.45177,0,0,8.45177,8.45177,8.45177,8.45177,8.45177,0,25.3553,25.0267,0,8.12313,16.5749
593.5,0,0,25.7408,0,16.1005,8.58027,8.58027,0,0,0,8.58027,0,17.1605,0,8.58027,0,0,17.1605,8.58027,8.58027,8.58027,0,0,7.52022,0,8.58027,17.1605,0,0
615.3,0,0,0,0,0,0,0,0,0,0,0,0,0,0,0,0,0,0,0,0,0,0,0,0,0,0,0,0,0
637.8,0,0,0,0,0,0,0,0,0,0,0,0,0,0,0,0,0,0,0,0,0,0,0,0,0,0,0,0,0
661.2,0,0,0,0,0,0,0,0,0,0,0,0,0,0,0,0,0,0,0,0,0,0,0,0,0,0,0,0,0
685.4,0,0,0,0,0,0,0,0,0,0,0,0,0,0,0,0,0,0,0,0,0,0,0,0,0,0,0,0,0
710.5,0,0,0,0,0,0,0,0,0,0,0,0,0,0,0,0,0,0,0,0,0,0,0,0,0,0,0,0,0
Scan Up Time(s),155,155,155,155,155,155,155,155,155,155,155,155,155,155,155,155,155,155,155,155,155,155,155,155,155,155,155,155,155
Retrace Time(s),10,10,10,10,10,10,10,10,10,10,10,10,10,10,10,10,10,10,10,10,10,10,10,10,10,10,10,10,10
Down Scan First,FALSE,FALSE,FALSE,FALSE,FALSE,FALSE,FALSE,FALSE,FALSE,FALSE,FALSE,FALSE,FALSE,FALSE,FALSE,FALSE,FALSE,FALSE,FALSE,FALSE,FALSE,FALSE,FALSE,FALSE,FALSE,FALSE,FALSE,FALSE,FALSE
Scans Per Sample,1,1,1,1,1,1,1,1,1,1,1,1,1,1,1,1,1,1,1,1,1,1,1,1,1,1,1,1,1
Impactor Type(cm),0.071,0.071,0.071,0.071,0.071,0.071,0.071,0.071,0.071,0.071,0.071,0.071,0.071,0.071,0.071,0.071,0.071,0.071,0.071,0.071,0.071,0.071,0.071,0.071,0.071,0.071,0.071,0.071,0.071
Sheath Flow(lpm),3,3,3,3,3,3,3,3,3,3,3,3,3,3,3,3,3,3,3,3,3,3,3,3,3,3,3,3,3
Aerosol Flow(lpm),1.5,1.5,1.5,1.5,1.5,1.5,1.5,1.5,1.5,1.5,1.5,1.5,1.5,1.5,1.5,1.5,1.5,1.5,1.5,1.5,1.5,1.5,1.5,1.5,1.5,1.5,1.5,1.5,1.5
CPC Inlet Flow(lpm),1.5,1.5,1.5,1.5,1.5,1.5,1.5,1.5,1.5,1.5,1.5,1.5,1.5,1.5,1.5,1.5,1.5,1.5,1.5,1.5,1.5,1.5,1.5,1.5,1.5,1.5,1.5,1.5,1.5
CPC Sample Flow(lpm),0.3,0.3,0.3,0.3,0.3,0.3,0.3,0.3,0.3,0.3,0.3,0.3,0.3,0.3,0.3,0.3,0.3,0.3,0.3,0.3,0.3,0.3,0.3,0.3,0.3,0.3,0.3,0.3,0.3
Low Voltage,14.0228,14.0228,14.0228,14.0228,14.0228,14.0228,14.0228,14.0228,14.0228,14.0228,14.0228,14.0228,14.0228,14.0228,14.0228,14.0228,14.0228,14.0228,14.0228,14.0228,14.0228,14.0228,14.0228,14.0228,14.0228,14.0228,14.0228,14.0228,14.0228
High Voltage,9507.79,9507.79,9507.79,9507.79,9507.79,9507.79,9507.79,9507.79,9507.79,9507.79,9507.79,9507.79,9507.79,9507.79,9507.79,9507.79,9507.79,9507.79,9507.79,9507.79,9507.79,9507.79,9507.79,9507.79,9507.79,9507.79,9507.79,9507.79,9507.79
Lower Size(nm),15.9634,15.9634,15.9634,15.9634,15.9634,15.9634,15.9634,15.9634,15.9634,15.9634,15.9634,15.9634,15.9634,15.9634,15.9634,15.9634,15.9634,15.9634,15.9634,15.9634,15.9634,15.9634,15.9634,15.9634,15.9634,15.9634,15.9634,15.9634,15.9634
Upper Size(nm),723.394,723.394,723.394,723.394,723.394,723.394,723.394,723.394,723.394,723.394,723.394,723.394,723.394,723.394,723.394,723.394,723.394,723.394,723.394,723.394,723.394,723.394,723.394,723.394,723.394,723.394,723.394,723.394,723.394
Density(g/cc),1,1,1,1,1,1,1,1,1,1,1,1,1,1,1,1,1,1,1,1,1,1,1,1,1,1,1,1,1
Title,,,,,,,,,,,,,,,,,,,,,,,,,,,,,
Status Flag,Conditioner Temperature Error ,Conditioner Temperature Error ,Conditioner Temperature Error ,Conditioner Temperature Error ,Conditioner Temperature Error ,Conditioner Temperature Error ,Conditioner Temperature Error ,Conditioner Temperature Error ,Conditioner Temperature Error ,Conditioner Temperature Error ,Conditioner Temperature Error ,Conditioner Temperature Error ,Conditioner Temperature Error ,Conditioner Temperature Error ,Conditioner Temperature Error ,Conditioner Temperature Error ,Conditioner Temperature Error ,Conditioner Temperature Error ,Conditioner Temperature Error ,Conditioner Temperature Error ,Conditioner Temperature Error ,Conditioner Temperature Error ,Conditioner Temperature Error ,Conditioner Temperature Error ,Conditioner Temperature Error ,Conditioner Temperature Error ,Conditioner Temperature Error ,Conditioner Temperature Error ,Conditioner Temperature Error 
td(s),1.1,1.1,1.1,1.1,1.1,1.1,1.1,1.1,1.1,1.1,1.1,1.1,1.1,1.1,1.1,1.1,1.1,1.1,1.1,1.1,1.1,1.1,1.1,1.1,1.1,1.1,1.1,1.1,1.1
tf(s),5.51527,5.51527,5.51527,5.51527,5.51527,5.51527,5.51527,5.51527,5.51527,5.51527,5.51527,5.51527,5.51527,5.51527,5.51527,5.51527,5.51527,5.51527,5.51527,5.51527,5.51527,5.51527,5.51527,5.51527,5.51527,5.51527,5.51527,5.51527,5.51527
D50(nm),593.091,593.091,593.091,593.091,593.091,593.091,593.091,593.091,593.091,593.091,593.091,593.091,593.091,593.091,593.091,593.091,593.091,593.091,593.091,593.091,593.091,593.091,593.091,593.091,593.091,593.091,593.091,593.091,593.091
Median(nm),154.973,98.0062,69.7192,84.3942,89.0211,92.1174,94.6033,97.1276,98.7297,100.515,102.134,103.876,105.189,106.546,107.682,108.732,110.117,111.352,112.474,113.501,114.587,115.17,115.702,117.2,117.219,118.014,118.479,119.04,119.917
Mean(nm),185.274,101.279,84.8227,92.3485,96.9354,100.057,102.579,105.14,106.866,108.712,110.428,112.265,113.658,114.884,116.102,117.305,118.625,120.076,121.131,122.32,123.244,124.021,124.728,126.253,126.285,126.988,127.745,128.299,129.15
Geo. Mean(nm),171.746,83.8299,78.8158,80.8574,85.7024,88.9827,91.6301,94.2623,96.0361,97.8761,99.6348,101.423,102.775,104.016,105.262,106.425,107.787,109.079,110.091,111.221,112.095,112.875,113.534,114.96,114.933,115.659,116.381,116.923,117.683
Mode(nm),109.411,42.9351,66.1169,101.815,94.7464,98.2172,101.815,101.815,101.815,109.411,113.419,113.419,109.411,113.419,117.574,109.411,121.881,113.419,113.419,117.574,121.881,126.346,113.419,126.346,121.881,117.574,126.346,126.346,121.881
Geo. Std. Dev.,1.46277,1.85872,1.41459,1.70436,1.66856,1.64615,1.62933,1.61483,1.60558,1.59834,1.58967,1.58473,1.58097,1.57638,1.57059,1.56777,1.5623,1.56297,1.56098,1.55922,1.5585,1.55547,1.55458,1.5536,1.55579,1.55219,1.55079,1.54959,1.55039
Total Concentration(#/cm³),0.651792,0.612454,669599,398107,310421,266039,232184,204705,182780,166525,151221,137565,126365,118333,108274,100174,95734.6,88920.5,83759.4,78584.5,73901.2,69591.4,65317.1,62241.1,58464.3,55711,52764,49708,47167.2
Comment,,,,,,,,,,,,,,,,,,,,,,,,,,,,,
