Sample File,C:\Users\VanceLab\Desktop\CASA_InLab_Sp23\Chamber\Chamber_Butanol_SMPS_AgedSmoke_LRH_20230517_dryerNodryer.S82,
AIM Version,10.3.1.0
Classifier Model,3082       ,Classifier S/N,3082021905001   ,Classifier Firmware Version,2.60
Neutralizer Model,3088,Neutralizer S/N,3088011906004
Impactor (cm),0.071,Impactor S/N,7100764
DMA Model,3081,DMA S/N,3081A1903007
DMA Inner Radius (cm),0.937
DMA Outer Radius (cm),1.961
DMA Characteristic Length (cm),44.369
HV Polarity,NEG,
Detector Model,3750,Detector S/N,3750190603,Nano Enhancer , None
Detector Sample Flow (L/min),1.00,Detector Inlet Flow (L/min),1.00
Reference Gas Viscosity (Pa*s),1.832450e-005
Reference Mean Free Path (m),6.730000e-008
Reference Gas Temperature (K),296.15
Reference Gas Pressure (kPa),101.30
Sutherland Constant (K),110.40
Tube Length (cm),25.40
Tube Diameter (cm),0.48
Channels/Decade,64
Multiple Charge Correction,TRUE
Nanoparticle Agglomerate Mobility Analysis,FALSE
Diffusion Correction,TRUE
Units,dw/dlogDp
Weight,Number
Sample #,1,2,3,4,5,6,7,8,9,10,11,12,13,14,15,16,17,18,19,20,21,22,23,24,25,26,27,28,29
Date,5/17/2023,5/17/2023,5/17/2023,5/17/2023,5/17/2023,5/17/2023,5/17/2023,5/17/2023,5/17/2023,5/17/2023,5/17/2023,5/17/2023,5/17/2023,5/17/2023,5/17/2023,5/17/2023,5/17/2023,5/17/2023,5/17/2023,5/17/2023,5/17/2023,5/17/2023,5/17/2023,5/17/2023,5/17/2023,5/17/2023,5/17/2023,5/17/2023,5/17/2023
Start Time,13:50:00,13:53:00,13:56:00,13:59:00,14:02:01,14:05:01,14:08:00,14:11:00,14:13:59,14:17:00,14:20:00,14:23:00,14:26:00,14:29:00,14:32:00,14:35:00,14:38:00,14:41:00,14:44:00,14:47:00,14:50:00,14:53:00,14:56:00,14:59:00,15:02:00,15:05:00,15:08:00,15:11:00,15:14:00
Sample Temp (C),22.6,22.6,22.6,22.6,22.7,22.6,22.7,22.7,22.7,22.7,22.7,22.6,22.6,22.6,22.6,22.6,22.6,22.6,22.5,22.5,22.5,22.5,22.5,22.5,22.5,22.5,22.5,22.5,22.5
Sample Pressure (kPa),80.1,80.1,80.1,80.1,80.1,80.1,80.2,80.1,80.1,80.0,80.0,79.9,79.9,79.8,79.8,79.7,79.6,79.5,79.5,79.4,79.4,79.4,79.3,79.3,79.3,79.2,79.2,79.2,79.2
Relative Humidity (%),18.3,16.9,15.7,14.7,13.9,13.2,12.5,12.0,11.5,11.1,10.7,10.4,10.1,9.8,9.6,9.4,9.2,9.0,8.9,8.7,8.6,8.5,8.4,8.3,8.2,8.1,8.0,7.9,7.7
Mean Free Path (m),8.49661e-008,8.49661e-008,8.49661e-008,8.49661e-008,8.50026e-008,8.49661e-008,8.48966e-008,8.50026e-008,8.50026e-008,8.51089e-008,8.51089e-008,8.51788e-008,8.51788e-008,8.52855e-008,8.52855e-008,8.53925e-008,8.54998e-008,8.56073e-008,8.55705e-008,8.56783e-008,8.56783e-008,8.56783e-008,8.57863e-008,8.57863e-008,8.57863e-008,8.58946e-008,8.58946e-008,8.58946e-008,8.58946e-008
Gas Viscosity (Pa*s),1.83054e-005,1.83054e-005,1.83054e-005,1.83054e-005,1.83102e-005,1.83054e-005,1.83102e-005,1.83102e-005,1.83102e-005,1.83102e-005,1.83102e-005,1.83054e-005,1.83054e-005,1.83054e-005,1.83054e-005,1.83054e-005,1.83054e-005,1.83054e-005,1.83006e-005,1.83006e-005,1.83006e-005,1.83006e-005,1.83006e-005,1.83006e-005,1.83006e-005,1.83006e-005,1.83006e-005,1.83006e-005,1.83006e-005
Diameter Midpoint (nm)
 16.3,0.000,0.000,0.000,9267.289,3795.881,2397.178,1417.888,1086.166,925.435,790.898,1065.192,913.890,875.993,860.059,722.723,745.932,881.261,553.276,612.826,651.980,545.252,569.767,581.936,518.896,469.944,473.713,649.725,576.914,512.090
 16.8,0.000,0.000,0.000,9954.997,3806.615,1734.769,1099.057,853.053,654.168,518.114,479.431,515.626,320.813,299.802,366.825,508.448,260.424,318.527,240.020,371.669,243.009,233.693,345.042,249.307,291.823,291.750,311.822,196.929,216.287
 17.5,0.000,0.000,0.000,10554.645,3762.645,1724.576,1168.640,667.985,415.579,390.988,349.736,346.130,161.491,184.801,159.130,270.921,135.852,186.177,193.450,119.163,102.459,219.814,77.626,152.460,275.936,97.630,158.009,96.305,127.442
 18.1,0.000,0.000,0.000,11594.015,4359.038,2201.605,1040.054,629.981,355.467,245.285,199.223,94.461,117.941,132.588,59.130,116.728,70.031,53.040,82.998,66.924,59.017,58.784,50.859,57.954,427.280,49.199,21.125,77.457,38.973
 18.8,0.000,0.000,0.000,12577.292,5418.259,2387.918,1087.513,755.794,407.003,239.599,179.748,113.412,48.104,77.652,121.228,51.908,29.161,42.885,56.941,42.096,20.883,27.735,27.426,20.511,489.676,19.905,26.590,39.884,17.115
 19.5,0.000,0.000,0.000,14218.789,5460.586,2777.440,1559.005,853.720,575.660,310.034,260.602,136.785,97.179,58.680,35.793,21.024,34.455,27.029,20.188,33.170,0.000,26.229,25.939,25.865,342.985,6.277,25.156,18.867,6.301
 20.2,0.000,0.000,0.000,15319.295,6381.244,3471.402,1761.936,905.708,626.091,418.723,296.694,165.031,127.070,83.141,81.161,52.979,65.126,25.550,51.942,0.000,6.224,37.201,6.132,0.000,312.209,29.690,17.847,0.000,15.850
 20.9,0.000,0.000,0.000,16494.379,7133.684,3672.113,2039.503,1312.629,766.320,460.427,367.408,165.190,182.309,82.548,102.256,39.074,79.124,36.445,29.907,30.735,25.835,0.000,14.469,21.094,208.363,20.666,3.855,4.141,6.036
 21.7,0.000,0.000,0.000,18633.583,7998.991,3912.135,2489.376,1544.197,982.316,494.383,360.080,220.973,168.942,84.552,133.332,55.516,41.586,35.330,32.626,20.876,15.823,12.055,1.760,0.000,89.420,0.000,12.287,8.701,14.027
 22.5,0.000,0.000,0.000,19987.622,8818.187,4800.191,2848.630,1638.363,1018.829,724.325,412.631,323.873,247.923,157.644,99.773,85.804,102.073,41.777,57.908,33.023,29.193,19.880,9.026,5.231,69.758,26.115,0.856,17.158,11.770
 23.3,0.000,0.000,0.000,22900.431,10259.493,5714.360,3654.413,2258.520,1459.576,999.119,618.824,353.992,156.178,212.429,153.694,122.567,68.650,81.623,46.859,32.054,49.452,29.749,49.760,12.307,24.574,12.476,17.982,18.748,9.614
 24.1,0.000,0.000,0.000,24342.089,11589.452,6774.489,4058.111,2643.764,1780.468,1076.619,684.344,486.296,356.226,190.844,178.955,125.780,185.118,46.287,59.162,59.997,37.827,34.510,6.405,23.017,29.154,31.980,5.608,15.669,4.899
 25.0,0.000,0.000,0.000,27153.304,13156.413,8046.257,5099.162,3021.102,2057.594,1274.369,1111.234,709.985,595.173,332.487,241.479,194.626,256.316,91.706,122.217,108.834,29.351,78.704,13.247,44.008,60.482,26.574,35.364,31.846,16.406
 25.9,0.000,0.000,0.000,30818.297,15079.047,9000.209,6077.037,3649.409,2450.717,1708.782,1137.586,1040.462,551.556,443.407,365.006,258.707,152.709,183.584,109.688,116.076,78.103,64.057,61.222,39.153,73.175,25.875,32.214,67.684,23.818
 26.9,0.000,0.000,0.000,33815.942,17413.220,10548.817,6960.093,4783.441,2954.420,1982.931,1559.257,1088.236,916.375,651.849,421.903,271.971,260.661,181.461,167.554,141.276,84.851,54.072,45.936,44.819,35.996,29.490,21.959,41.492,62.090
 27.9,0.000,0.000,0.000,37099.705,19418.834,12190.623,8054.430,5392.922,3813.390,2927.625,1909.207,1543.352,1017.659,811.645,603.862,337.211,405.994,278.294,283.738,189.775,175.127,98.909,114.074,118.806,79.678,116.817,50.701,56.171,28.934
 28.9,0.000,0.000,0.000,39438.977,21646.209,14005.660,9096.330,6193.912,4593.980,2986.460,2615.959,1670.274,1134.836,1078.031,833.360,560.136,465.148,348.129,281.565,221.723,196.267,189.574,160.104,137.945,117.666,121.283,76.569,95.513,111.447
 30.0,0.000,0.000,0.000,45888.648,24944.694,16231.463,10655.091,7598.431,4785.101,3773.808,2751.971,2063.444,1366.577,1183.163,979.542,829.378,549.329,445.361,395.706,371.100,276.071,152.009,223.356,158.795,177.072,141.294,133.943,112.583,115.707
 31.1,0.000,0.000,0.000,48910.565,27475.718,18117.003,12373.250,8264.949,5764.926,4510.619,3363.258,2610.686,2096.864,1745.363,1140.039,967.921,680.116,658.081,453.446,448.357,406.947,294.047,225.391,162.768,232.546,169.085,237.607,122.894,127.412
 32.2,0.000,0.000,0.000,51649.492,30527.310,20650.720,13974.927,10403.373,7161.947,5420.555,4103.411,3250.386,2395.874,2147.778,1490.917,1184.076,909.407,693.587,566.106,540.337,438.783,363.004,370.022,288.960,301.091,246.798,224.849,180.207,196.707
 33.4,0.000,0.000,0.000,58017.404,34395.195,23444.584,17115.286,12331.948,8758.102,6610.866,4878.181,3749.927,3218.265,2332.169,1806.310,1615.501,1214.042,1084.911,859.558,669.227,547.929,516.373,493.323,367.958,461.404,334.363,304.338,268.278,239.534
 34.6,0.000,0.000,0.000,63089.774,38915.423,25556.981,19401.518,13480.549,10362.391,7640.591,5919.774,4482.379,3688.406,2642.643,2236.380,1892.825,1480.606,1212.688,1079.628,783.264,669.522,594.431,545.229,447.104,465.387,422.366,358.433,326.189,185.706
 35.9,0.000,0.000,0.000,70345.269,41742.700,29501.903,21527.324,15708.339,11711.634,8926.546,7212.856,5317.073,4610.180,3501.897,2840.017,2260.859,1714.703,1425.858,1334.046,1049.762,841.279,729.879,909.998,599.123,671.227,520.324,530.884,494.574,406.069
 37.2,0.000,0.000,0.000,79361.753,47938.349,32795.947,24428.817,18575.574,12962.619,10509.129,8437.545,6319.332,5545.586,3948.925,3332.809,2884.680,2061.283,1837.731,1535.649,1336.056,1298.133,994.017,909.125,916.171,864.962,724.531,653.565,604.309,504.365
 38.5,0.000,0.000,0.000,85072.391,52258.012,36746.705,28709.894,20632.538,15393.476,12447.606,9852.786,7448.004,6154.196,4965.019,4303.415,3617.656,2937.849,2307.566,2104.599,1813.986,1474.201,1312.133,1035.583,954.318,1175.722,988.669,843.510,745.947,748.262
 40.0,0.000,0.000,0.000,93234.766,58375.991,41006.574,31233.740,23992.359,18454.774,14050.926,11756.759,8465.859,7516.997,5971.761,5030.986,4092.949,3318.527,2935.848,2561.803,2178.148,1676.666,1639.780,1279.998,1103.580,1403.730,1110.479,989.133,841.914,799.154
 41.4,0.000,0.000,0.000,101940.674,65089.002,46032.281,36042.243,27246.926,21054.823,16353.053,13690.580,10890.508,8893.717,7096.716,6167.325,4668.928,4072.457,3453.115,3123.202,2595.255,2220.364,1996.597,1697.365,1348.853,1538.777,1388.219,1400.759,1014.096,1127.566
 42.9,0.000,0.000,0.000,110566.055,70117.145,50157.470,40328.779,31650.575,23665.259,18887.441,15340.936,12536.393,10012.722,8577.465,6834.222,5824.683,4677.553,4154.086,3492.674,2837.271,2672.917,2285.712,1930.090,1736.622,2142.812,1836.092,1569.559,1450.330,1172.739
 44.5,0.000,0.000,0.000,118527.978,78248.935,57637.097,44557.612,35361.664,27008.181,21408.175,17653.705,14473.699,11444.706,10134.529,7929.273,6796.552,5970.348,4987.669,4280.332,3621.902,3058.435,3049.043,2346.200,2107.496,2793.368,2132.454,1826.156,1846.146,1561.154
 46.1,0.000,0.000,0.000,128538.124,84433.952,62523.144,51037.175,39869.396,32141.204,25087.870,19959.788,16753.005,13578.396,11693.780,9415.937,8045.073,7197.084,5887.267,4897.963,4344.608,3828.799,3757.871,2985.328,2626.158,3076.945,2660.525,2287.347,2176.062,1987.623
 47.8,0.000,0.000,0.000,134631.870,92937.095,70931.318,56217.337,44542.460,35631.996,28489.391,23948.468,19798.839,16508.572,14118.945,11228.520,9690.642,8478.156,7407.597,6232.815,5259.454,4933.007,4405.209,3706.670,3305.408,3592.113,3367.916,3017.671,2799.890,2646.300
 49.6,0.000,0.000,0.000,144602.195,102278.221,78492.161,63005.345,51205.016,41299.279,34105.403,27747.486,23277.706,19453.094,16967.522,14348.801,11613.006,10518.649,9141.236,7529.059,6961.966,6011.673,5771.075,4698.711,4400.979,4747.932,4317.356,4270.965,3731.413,3329.987
 51.4,0.000,0.000,0.000,156984.776,113472.438,87752.899,71060.392,58831.298,46583.252,39288.768,31534.237,27855.408,22888.888,18589.409,17103.111,14492.466,12673.513,10499.534,9453.165,8094.638,7321.678,6785.945,5856.738,5246.685,5879.193,5311.441,5071.804,4644.395,4188.212
 53.3,0.000,0.000,0.000,168170.428,123545.884,96752.253,78282.095,64233.854,52391.861,42958.722,37507.050,31257.141,26954.132,22237.660,19473.623,16962.089,14658.869,12651.973,10813.978,9668.753,8692.453,7788.577,6881.043,6356.214,6975.988,6147.370,5966.087,5507.965,5120.591
 55.2,0.000,0.000,0.000,183886.003,132824.487,106493.528,86425.210,71769.741,58975.232,48911.916,41804.996,34888.190,29994.146,26335.776,21481.166,19628.073,16884.827,14391.761,12788.655,11713.345,9816.201,9159.699,8504.916,8120.959,8291.913,7414.079,7143.094,6772.478,5897.452
 57.3,0.000,0.000,0.000,197781.346,146040.887,116191.680,96248.115,79115.184,65468.595,56224.700,47514.618,38935.558,34361.306,29586.037,24925.178,22154.672,18738.685,16364.826,15045.052,13881.410,12019.118,11413.632,10092.660,9155.240,9619.649,9289.081,8796.909,7779.337,7083.487
 59.4,0.000,0.000,0.000,215429.384,157380.438,126098.826,106011.409,86472.897,71892.414,61443.754,53306.934,44419.943,38560.518,34472.646,28655.411,25698.240,22483.239,19365.863,17723.892,16002.687,14201.968,12423.973,11470.735,10874.329,11821.825,10914.651,10005.425,9049.248,8271.760
 61.5,0.000,0.000,0.000,235261.011,173301.646,139410.229,116307.041,97835.468,80348.271,69143.546,59204.961,50171.809,42494.549,38740.196,33531.996,29069.832,26156.985,22270.855,20366.376,18305.406,16388.660,14473.317,13298.789,12826.742,14291.327,12538.678,12873.827,11114.640,9202.227
 63.8,0.000,0.000,0.000,255024.454,186179.573,151688.206,122053.687,106685.358,87551.333,75971.031,65587.664,57298.278,49479.049,42680.425,38377.553,33185.015,29184.156,25327.471,23662.052,21459.887,18868.704,17079.665,15528.293,14414.388,15670.434,14730.619,13819.144,11757.208,11747.741
 66.1,0.000,0.000,0.000,273491.709,199527.326,163712.479,137684.416,115536.209,95019.563,83710.842,73741.697,63183.315,55206.761,47198.234,42194.720,37873.072,31554.380,28677.571,26523.141,24198.548,21073.410,19393.522,18206.948,16667.941,18369.122,17026.243,15648.782,14315.854,13350.142
 68.5,0.000,0.000,0.000,287223.891,219810.793,176977.637,149756.858,127104.739,107488.394,92188.863,79294.909,71990.179,62030.552,52354.218,45842.794,41355.730,37079.162,32105.265,30038.802,26377.156,23949.345,21697.602,20685.828,18790.726,20681.943,19024.328,18027.859,16353.641,15221.528
 71.0,0.000,0.000,0.000,293421.860,220393.641,181701.219,153935.039,127417.852,110162.135,93878.785,81877.961,71315.713,63427.019,53522.257,48077.174,42476.882,38652.847,33247.283,31358.676,27202.994,24841.020,22657.670,21395.672,19234.540,20867.328,20397.107,17761.707,16841.079,15633.227
 73.7,0.000,0.000,164947.308,302451.807,224135.766,187405.888,156566.957,132110.758,112970.941,97091.954,85200.006,73569.019,64757.325,57639.258,49064.926,43643.640,39316.323,34426.917,31975.050,28206.917,26142.328,23561.976,22458.017,20048.281,21443.159,21328.789,19166.645,17751.646,15208.917
 76.4,0.000,0.000,721540.443,324795.419,239231.482,197094.787,171315.749,145405.107,122968.157,105896.864,91402.180,80369.842,69883.625,63467.539,54878.805,48714.652,43455.203,37667.430,35668.508,31979.595,30167.231,26649.355,23674.954,22403.754,24751.508,22061.731,22384.199,19656.721,17756.652
 79.1,2.222,0.000,1404989.891,346845.968,254647.322,211417.428,178370.245,152889.450,131199.298,115230.004,96674.627,85425.646,76399.822,68200.314,61390.644,52383.175,48248.338,42759.608,38471.755,34710.847,31331.295,30297.507,26908.361,24552.789,26931.742,25243.663,23407.173,21512.902,20144.184
 82.0,0.000,0.000,2134137.043,359889.716,268640.082,223499.526,192528.067,164858.292,143297.764,125082.121,106712.473,95655.701,80401.785,74949.081,66397.575,58928.843,50545.188,46817.486,43461.745,39100.675,35317.118,32587.580,28381.251,26337.628,30308.849,28407.180,25964.410,24371.791,23121.725
 85.1,0.000,0.000,2747254.536,384829.390,281597.347,235540.229,205078.962,177484.536,152461.537,131661.598,115311.968,102196.972,90495.951,81273.952,71617.414,63493.183,54550.072,51693.916,46818.639,42246.944,37776.781,36026.669,31083.480,30519.166,32129.482,31051.423,29211.737,26886.689,25653.418
 88.2,0.000,0.000,2963465.813,394876.228,300323.263,251196.340,218270.919,187168.670,164045.757,142027.568,125923.585,112998.832,97923.962,88939.182,77137.550,68370.376,61882.984,56915.879,49256.737,45607.445,41929.207,38520.820,36263.455,31764.422,34829.585,33574.161,30873.774,30071.567,28111.630
 91.4,0.000,0.000,3047806.166,404486.558,311194.280,264690.149,226283.503,201647.715,173349.217,151510.116,135587.440,121101.346,105384.680,96146.309,82947.215,73497.764,65207.244,61061.561,55095.752,51095.784,45621.406,42538.172,38443.468,35993.993,38744.352,36812.692,34300.402,32192.474,30493.925
 94.7,1.833,0.000,2910163.389,421859.123,326898.968,280095.292,246525.169,212718.125,183735.721,162733.549,143736.470,128363.378,113110.024,101551.257,85875.020,79267.778,71330.134,66555.104,58766.943,54584.567,50166.610,45691.090,41934.868,38470.139,42849.709,40308.038,38686.359,36226.266,33753.249
 98.2,0.000,0.000,2571354.107,437618.037,343860.680,296804.386,260379.894,225901.484,198902.628,173855.836,150488.018,137478.624,120336.180,109347.489,94167.060,87050.387,78817.701,70688.581,63139.057,59434.756,55544.807,48845.138,46818.308,42525.306,45605.037,43668.176,41742.922,38539.695,35848.864
101.8,0.000,0.000,2052781.013,453593.073,357988.770,307561.188,274291.032,234943.178,208694.890,185337.309,162579.612,143562.012,129730.926,117630.895,104325.196,92778.504,82199.012,78033.221,69472.895,64396.392,59172.374,55043.345,50519.619,45661.967,51224.947,47237.692,44162.214,42405.433,39309.902
105.5,2.052,1.982,1516720.448,467949.732,373311.155,323334.891,286058.278,247678.232,221138.966,195933.079,172745.010,153950.228,139836.648,124755.172,110957.959,99116.616,92518.869,82674.878,74601.752,67836.750,63674.571,58815.577,53546.964,49202.646,55761.497,50726.238,49043.808,45795.490,42432.695
109.4,0.000,1.941,1059252.112,476387.017,383043.007,331084.816,299481.209,259021.002,230608.129,206721.274,181149.954,165461.826,149477.461,133819.732,117663.691,107432.550,99669.786,88705.946,79243.139,73219.955,69118.380,64178.216,57793.312,53695.513,58975.587,55120.895,52435.753,49759.648,47813.510
113.4,0.000,0.000,711983.631,485756.543,396260.052,343793.249,309667.822,271133.991,239233.130,216528.996,192885.335,174849.557,159724.370,142565.688,125328.051,114239.819,103642.002,95683.102,86514.316,77929.540,72134.016,67509.164,61909.321,57778.370,65282.891,59699.703,54433.401,53850.068,50899.984
117.6,0.000,0.000,467669.660,491526.217,407042.025,353275.690,321868.840,283212.029,252078.931,220414.601,198450.913,183656.626,167464.645,149907.754,133167.259,120060.876,111023.104,101279.044,91958.294,84205.468,77430.090,72499.875,67579.851,61035.587,68630.418,64944.707,58589.249,57898.858,53240.120
121.9,0.000,0.000,290448.627,500481.381,413921.500,359734.601,327179.510,289812.061,253722.555,232348.619,209410.572,191938.476,174743.145,158465.545,138491.373,125973.524,117967.850,106393.883,96205.165,89147.698,82808.327,77683.619,71055.429,66974.695,72606.089,67244.617,64321.906,60677.630,57235.834
126.3,0.000,0.000,178258.889,505898.358,419518.493,371253.416,330782.651,298364.920,266457.803,239929.038,218564.158,200148.599,181136.501,164297.174,144634.808,134988.793,122630.951,112338.786,103378.224,94885.681,86424.298,82440.496,76263.690,70394.121,77920.250,72574.133,68197.088,65118.013,60971.120
131.0,0.000,0.000,110623.061,507560.691,419838.415,373284.655,339009.276,303589.135,275018.497,246559.813,225865.015,205809.062,188171.172,168333.349,151796.863,136206.784,127113.402,116382.199,109339.795,98572.398,91492.751,84831.408,80690.349,74052.635,82449.611,75752.009,72758.061,68840.547,64515.990
135.8,0.000,0.000,75406.362,507254.047,418431.258,375933.715,343839.201,308947.994,278050.983,249254.693,230063.580,211252.864,192657.635,173248.664,158169.315,143577.621,134075.322,119813.406,114800.678,104922.187,96117.352,90191.967,82285.574,78538.570,87057.342,80139.948,77743.436,70917.982,68181.523
140.7,0.000,0.000,58221.885,501043.908,415629.568,372904.062,346016.700,310313.292,279474.608,255821.294,232663.461,214628.330,194937.220,178677.902,162665.392,146462.954,136123.322,124206.193,118138.824,105551.398,99096.201,93905.894,86752.511,81681.268,90559.683,84913.723,78904.235,73959.233,69838.249
145.9,1.647,0.000,57121.236,492982.547,407713.841,370329.827,340124.275,312347.847,280697.777,255843.088,234946.045,216728.555,198378.887,182438.094,166452.430,150089.393,137702.659,128160.513,120867.261,109886.711,103374.003,96526.666,89599.920,84336.739,92361.784,87514.140,80502.298,77760.392,72343.989
151.2,0.389,0.000,86864.206,472397.549,398977.432,361699.311,336462.546,308293.760,276884.405,254728.498,232506.590,216904.953,199470.115,183738.409,167869.275,152145.960,140967.873,128486.704,122547.927,113107.362,105168.960,97621.934,90262.781,87279.194,94622.810,88870.660,85106.471,78621.743,75594.498
156.8,0.000,0.000,131679.323,450679.240,384267.349,349052.185,326643.551,301488.888,273599.922,249385.691,229428.458,211921.954,198010.735,182538.179,166176.827,153190.474,141079.964,129823.246,121140.273,113392.961,107383.117,99807.713,92717.686,86778.715,95865.356,91148.709,86481.728,80343.798,77869.868
162.5,0.000,0.000,178846.899,427423.924,369619.819,337946.606,315850.012,291334.328,267135.126,246227.158,226506.670,211713.333,193608.208,179035.524,165466.073,151207.656,141967.010,128672.651,121952.435,114251.953,106124.471,98644.428,92530.200,87203.527,95900.264,91722.374,86565.509,83193.008,76876.534
168.5,0.000,0.000,217238.174,400919.237,349666.617,322928.359,300968.867,280110.671,259163.921,238816.746,220658.122,207604.755,190547.745,176075.822,162471.790,148762.982,138248.664,127375.671,120596.867,111868.512,106713.710,99702.969,93950.611,86107.007,95964.079,91205.728,86434.572,82209.605,78876.479
174.7,0.000,0.000,238149.685,374728.002,328377.406,306326.034,285976.456,266072.705,248496.793,226490.038,211937.922,198223.958,182579.748,171146.403,160378.727,145928.739,135363.883,125455.967,119801.352,110292.324,104472.024,98564.505,92129.310,85668.516,94537.175,90736.016,85846.838,81538.336,78755.648
181.1,2.062,0.000,245111.134,344160.339,305668.977,286485.146,269939.769,250079.339,234016.878,216485.102,201563.601,189704.116,175971.939,166053.380,152245.396,141114.214,131762.665,122584.288,116269.094,108548.684,103312.093,96795.261,91145.450,84763.499,91513.372,88212.103,83318.718,80015.616,76680.129
187.7,0.000,0.000,244439.352,313646.515,280082.634,263136.978,251194.024,234366.132,220981.330,205495.847,191676.321,179472.831,166943.054,155827.006,144577.934,136738.310,126191.592,117826.374,112174.516,104858.699,99127.470,93079.732,87224.508,81189.433,90271.824,86327.209,81600.812,78132.749,75355.530
194.6,0.000,0.000,236008.575,281765.086,252813.043,240493.694,231320.689,214203.284,202323.696,191244.273,179754.414,167251.568,157670.081,148154.892,137502.208,127594.599,120827.758,111771.428,105152.273,99327.921,94170.920,89489.334,82275.630,78166.903,87367.228,83591.688,79004.769,75730.801,72493.800
201.7,0.000,2.102,215454.697,251375.301,229131.366,217291.325,209880.929,196636.957,185499.843,173927.442,164588.349,156171.324,145207.252,137229.384,129094.747,120684.990,113280.378,105529.224,99813.244,94402.114,90300.999,84453.523,78961.487,75399.405,82743.815,79656.292,75314.282,72788.766,69423.666
209.1,0.000,0.000,193876.595,222436.282,201286.064,193107.988,187357.630,176729.881,165364.009,157207.296,149619.473,140650.718,133696.105,126769.257,119158.703,111618.620,103966.197,98601.557,92745.517,87595.201,83678.684,79162.019,74601.255,70576.457,76569.153,73630.723,70397.712,67780.149,64731.809
216.7,2.124,2.126,172885.806,192248.657,176177.208,169888.263,165747.518,157385.961,147468.083,140980.142,134683.576,127896.090,120509.629,115733.123,108319.564,102010.380,95098.644,90378.851,85003.334,80674.376,77603.874,72570.992,68793.716,65432.962,71891.819,68375.494,65919.147,63186.559,61367.733
224.7,0.000,0.000,159569.270,164061.240,152787.622,148908.359,145028.797,137072.252,129993.493,124783.180,119418.629,112516.046,107290.838,102733.169,98246.147,91324.430,86142.550,81964.821,78635.068,73741.195,70172.644,66825.357,62210.939,58227.016,65572.113,62520.226,59862.473,58228.072,56667.685
232.9,0.000,0.000,146483.413,141057.836,129477.876,126174.344,123943.776,118976.286,112668.686,108852.246,103412.077,99683.372,94851.544,89808.536,87018.870,82735.313,78321.547,73582.532,70381.903,66004.896,61916.773,60232.549,57134.995,54488.213,59517.741,57995.379,55087.149,53034.969,51256.954
241.4,0.000,0.000,131589.746,117730.202,108961.474,106812.184,104194.374,100439.606,97803.527,92569.426,89658.601,86254.660,83768.393,78334.584,75654.962,72776.690,68573.648,65408.659,61604.204,58289.850,56468.013,54110.510,50971.867,48431.927,52685.117,51286.566,48784.726,47439.433,46017.621
250.3,2.195,0.000,117898.306,96602.980,90181.016,88231.487,86488.209,83503.353,81192.171,77966.283,76410.456,73215.430,70067.915,66732.943,64699.773,61941.067,59003.947,56473.298,53592.232,51347.694,48972.797,47070.153,45167.680,42654.520,46795.148,45408.905,42961.626,41344.662,40211.888
259.5,0.000,0.000,100765.895,79000.594,72467.001,72065.324,71279.636,70167.981,67429.919,65643.175,63795.324,61801.293,59381.375,56401.643,55745.587,52534.440,49668.093,48541.594,46345.409,43761.549,42242.165,40957.790,38500.434,37501.546,40846.166,39271.356,37870.842,36524.632,36032.418
269.0,0.000,0.000,84408.362,62638.576,58905.231,58573.023,57436.380,56482.009,55326.678,53642.372,52073.918,50340.301,49097.558,47139.155,45664.518,44282.103,42593.978,40600.739,39551.830,36975.842,35386.204,34623.246,32224.211,31759.254,33808.956,32876.357,32435.975,31639.459,30248.083
278.8,0.000,0.000,67945.384,50085.617,46214.906,45603.605,45513.483,44228.193,43158.125,42561.185,41633.433,41312.787,40006.373,38352.891,37589.064,35479.434,34493.003,34000.522,32899.674,30414.480,29655.868,29105.002,26782.156,25859.686,28749.401,28223.382,27086.100,26397.988,25301.679
289.0,0.000,0.000,53775.466,37552.962,35447.543,34712.290,35910.360,34658.479,33844.468,33613.546,33038.205,33070.761,32391.841,30438.054,29640.102,28495.923,27925.928,27007.564,26582.311,25701.056,24254.929,23490.409,22183.645,21230.495,23656.625,23288.518,22077.060,22677.971,21172.929
299.6,0.000,0.000,41751.337,28566.205,27140.638,26402.214,27227.347,26360.472,26485.979,26400.086,25234.970,25769.365,24816.876,24178.757,23468.716,23330.237,21851.402,21451.338,20955.146,20172.559,19767.714,18781.149,18315.648,17642.909,18843.718,18545.764,18241.890,18001.573,17466.208
310.6,0.000,0.000,31366.867,21409.476,20091.430,19834.164,20065.238,19855.933,19646.263,19209.562,19289.823,19536.890,19041.672,18670.050,18541.801,18329.620,17032.910,16697.990,16390.493,15809.385,15399.706,15046.360,14437.575,13820.491,14949.337,15248.937,14350.722,14220.054,14192.257
322.0,0.000,0.000,23202.209,15611.062,15067.328,14609.161,14917.562,14406.424,14357.693,14426.420,14376.832,14511.638,14143.599,14156.154,13880.738,13668.313,13070.651,12878.690,12362.736,12649.560,11789.492,11623.374,11172.051,10613.041,11760.393,11628.693,11646.095,11350.644,10858.067
333.8,0.000,0.000,17008.189,11636.935,10426.792,10544.254,10535.215,10728.272,10337.277,10546.796,10115.425,10750.865,10419.825,9944.899,9988.902,9997.451,9517.848,9250.290,9502.538,9481.959,8749.212,8803.037,8326.262,7927.286,8662.389,8810.323,8610.252,8828.424,8398.388
346.0,0.000,0.000,12341.877,7809.592,7687.230,7445.361,7555.176,7309.470,7592.321,7482.883,7427.193,7469.788,7231.615,7322.420,7311.542,7202.395,6990.562,6895.614,6656.994,6871.304,6346.567,6490.295,6140.948,5787.835,6334.854,6715.748,6487.672,6213.973,6507.986
358.7,0.000,0.000,9066.111,5706.827,5497.261,4992.145,5022.690,5061.103,5264.883,5089.731,4963.494,5116.443,5185.613,5210.305,5294.084,5321.083,5122.846,4992.041,5030.644,4902.291,4556.295,4600.488,4523.424,4187.087,4787.665,5007.768,4695.098,4744.281,4444.395
371.8,0.000,0.000,6697.182,4172.092,3986.934,3594.372,3691.146,3641.163,3647.042,3516.282,3381.521,3818.120,3708.030,3477.514,3502.825,3529.804,3556.979,3557.824,3448.539,3367.841,3372.104,3375.582,3082.881,2878.926,3284.789,3487.407,3390.983,3465.582,3295.183
385.4,0.000,0.000,4820.349,2871.557,2825.309,2437.243,2462.554,2496.444,2512.494,2376.240,2582.575,2537.277,2452.963,2329.222,2448.109,2372.467,2353.526,2301.611,2474.175,2321.751,2425.217,2194.738,2299.588,2145.297,2336.137,2279.215,2316.355,2604.603,2316.127
399.5,0.000,0.000,3404.985,1973.078,1976.165,1725.488,1801.999,1632.036,1676.214,1636.903,1596.209,1635.341,1739.498,1683.638,1619.654,1627.507,1656.293,1647.487,1569.657,1638.069,1510.625,1509.392,1506.883,1444.662,1633.548,1647.798,1545.485,1727.596,1628.957
414.2,0.000,0.000,2576.593,1508.144,1392.602,1263.830,1266.738,1195.083,1212.729,1163.239,1100.691,1146.063,1249.240,1233.268,1146.230,1118.623,1113.087,1116.276,1036.971,1030.600,1011.303,986.939,1000.897,919.727,1104.559,1190.220,1043.668,1152.674,1149.266
429.4,0.000,0.000,1754.898,1059.807,974.197,926.828,937.351,816.084,786.673,762.556,741.658,734.761,726.834,704.213,725.621,697.876,726.919,760.468,715.584,719.413,698.859,663.133,705.085,591.672,790.929,731.741,749.130,733.668,762.592
445.1,0.000,0.000,1359.156,894.975,755.714,691.993,658.947,559.183,593.295,557.593,576.587,555.839,546.972,513.748,503.028,498.799,435.961,543.193,522.472,566.168,463.188,427.308,452.383,400.408,458.966,479.245,464.284,486.706,522.389
461.4,0.000,0.000,1082.015,585.649,580.537,474.507,401.857,418.707,356.816,385.011,397.692,312.860,360.998,345.647,336.877,373.004,287.471,331.467,328.253,296.692,309.042,296.466,311.872,242.859,283.054,296.863,351.749,280.663,323.580
478.3,0.000,0.000,914.056,452.828,422.566,382.078,329.684,307.934,276.544,277.088,235.091,273.754,259.649,252.047,242.476,235.212,210.596,208.976,181.970,235.199,200.381,184.722,196.217,156.212,160.331,175.780,182.557,165.660,242.825
495.8,0.000,0.000,627.856,372.014,331.758,266.625,214.772,239.375,201.236,208.190,159.061,211.120,173.376,149.529,158.953,139.454,142.804,155.389,109.963,114.848,145.682,124.874,111.474,119.993,119.910,144.200,149.413,120.001,113.999
514.0,0.000,0.000,494.956,308.351,242.127,226.970,245.630,171.171,135.635,122.517,144.657,279.119,139.328,161.680,113.560,110.278,93.871,108.904,91.851,82.342,75.492,72.702,70.198,73.320,88.593,88.357,73.722,64.552,81.768
532.8,0.000,0.000,417.420,221.240,191.174,124.675,165.958,96.228,132.460,82.532,113.894,216.297,104.517,79.790,55.508,73.673,60.292,85.562,64.701,66.094,74.764,60.811,64.750,39.838,43.910,62.449,55.479,45.856,67.846
552.3,0.000,0.000,281.393,184.676,133.041,133.404,113.092,105.938,86.352,105.657,58.803,72.230,61.748,84.265,64.797,46.041,40.074,41.651,46.768,72.542,53.970,23.100,28.116,35.951,32.320,24.772,30.290,17.366,27.331
572.5,0.000,0.000,251.454,126.034,117.107,92.235,89.723,64.411,69.613,83.784,61.274,38.293,59.828,80.186,47.754,46.941,41.619,18.767,48.104,39.971,44.915,34.279,36.305,28.027,25.349,17.680,30.354,12.647,22.800
593.5,0.000,0.000,179.376,85.610,75.510,84.366,63.004,53.025,30.662,27.799,22.059,53.715,36.575,23.210,28.458,16.785,13.025,10.865,32.489,37.112,15.665,18.297,22.470,18.348,10.272,10.235,15.376,20.501,20.532
615.3,0.000,0.000,110.195,117.439,73.369,54.916,58.665,41.371,56.311,45.866,39.854,39.582,9.041,29.601,26.131,25.455,28.155,16.628,30.386,16.382,13.567,18.935,19.962,10.697,18.341,18.275,18.302,15.688,15.711
637.8,0.000,0.000,109.626,87.941,41.555,60.850,48.380,41.966,12.772,46.917,50.069,15.539,27.609,24.171,20.747,6.064,5.748,18.743,0.000,0.000,0.000,0.000,0.000,0.000,0.000,0.000,0.000,0.000,0.000
661.2,0.000,0.000,98.709,82.558,71.217,29.938,39.914,20.026,9.713,19.648,19.036,25.208,18.663,15.938,0.000,0.000,0.000,0.000,0.000,0.000,0.000,0.000,0.000,0.000,0.000,0.000,0.000,0.000,0.000
685.4,0.000,0.000,104.197,70.841,18.172,53.923,27.182,26.914,0.000,0.000,0.000,0.000,0.000,0.000,0.000,0.000,0.000,0.000,0.000,0.000,0.000,0.000,0.000,0.000,0.000,0.000,0.000,0.000,0.000
710.5,0.000,0.000,0.000,0.000,0.000,0.000,0.000,0.000,0.000,0.000,0.000,0.000,0.000,0.000,0.000,0.000,0.000,0.000,0.000,0.000,0.000,0.000,0.000,0.000,0.000,0.000,0.000,0.000,0.000
Scan Time (s),155,155,155,155,155,155,155,155,155,155,155,155,155,155,155,155,155,155,155,155,155,155,155,155,155,155,155,155,155
Retrace Time (s),4,4,4,4,4,4,4,4,4,4,4,4,4,4,4,4,4,4,4,4,4,4,4,4,4,4,4,4,4
Scan Resolution (Hz),50,50,50,50,50,50,50,50,50,50,50,50,50,50,50,50,50,50,50,50,50,50,50,50,50,50,50,50,50
Scans Per Sample,1,1,1,1,1,1,1,1,1,1,1,1,1,1,1,1,1,1,1,1,1,1,1,1,1,1,1,1,1
Sheath Flow (L/min),3.000,3.000,3.000,3.000,3.000,3.000,3.000,3.000,3.000,3.000,3.000,3.000,3.000,3.000,3.000,3.000,3.000,3.000,3.000,3.000,3.000,3.000,3.000,3.000,3.000,3.000,3.000,3.000,3.000
Aerosol Flow (L/min),1.12,1.12,1.12,1.12,1.12,1.12,1.11,1.12,1.14,1.15,1.16,1.17,1.18,1.20,1.22,1.25,1.26,1.28,1.29,1.30,1.31,1.31,1.33,1.33,1.36,1.36,1.36,1.36,1.36
Bypass Flow (L/min),0.00,0.00,0.00,0.00,0.00,0.00,0.00,0.00,0.00,0.00,0.00,0.00,0.00,0.00,0.00,0.00,0.00,0.00,0.00,0.00,0.00,0.00,0.00,0.00,0.00,0.00,0.00,0.00,0.00
Low Voltage (V),11.02,11.02,11.02,11.02,11.01,11.02,11.03,11.01,11.01,11.01,11.01,11.00,11.01,11.00,11.01,11.00,10.99,10.99,11.00,10.98,10.99,10.99,10.98,10.98,10.98,10.98,10.98,10.98,10.98
High Voltage (V),9194.13,9193.84,9194.13,9194.42,9197.16,9195.00,9199.24,9199.49,9196.29,9188.42,9184.69,9177.88,9175.61,9169.00,9163.96,9155.21,9147.08,9140.08,9133.15,9129.68,9125.70,9123.59,9120.13,9116.99,9116.21,9106.81,9105.52,9106.04,9106.04
Lower Size (nm), 16.0, 16.0, 16.0, 16.0, 16.0, 16.0, 16.0, 16.0, 16.0, 16.0, 16.0, 16.0, 16.0, 16.0, 16.0, 16.0, 16.0, 16.0, 16.0, 16.0, 16.0, 16.0, 16.0, 16.0, 16.0, 16.0, 16.0, 16.0, 16.0
Upper Size (nm),723.4,723.4,723.4,723.4,723.4,723.4,723.4,723.4,723.4,723.4,723.4,723.4,723.4,723.4,723.4,723.4,723.4,723.4,723.4,723.4,723.4,723.4,723.4,723.4,723.4,723.4,723.4,723.4,723.4
Density (g/cm³),1.0,1.0,1.0,1.0,1.0,1.0,1.0,1.0,1.0,1.0,1.0,1.0,1.0,1.0,1.0,1.0,1.0,1.0,1.0,1.0,1.0,1.0,1.0,1.0,1.0,1.0,1.0,1.0,1.0
td + 0.5 (s),1.52,1.52,1.52,1.52,1.52,1.52,1.52,1.52,1.52,1.52,1.52,1.52,1.52,1.52,1.52,1.52,1.52,1.52,1.52,1.52,1.52,1.52,1.52,1.52,1.52,1.52,1.52,1.52,1.52
tf (s),6.02,6.02,6.03,6.03,6.03,6.03,6.04,6.03,6.00,5.98,5.97,5.95,5.93,5.91,5.88,5.85,5.82,5.80,5.79,5.77,5.76,5.75,5.74,5.73,5.70,5.69,5.69,5.69,5.70
D50 (nm),678.1,678.5,678.8,680.2,679.6,679.8,683.1,679.2,672.8,668.3,665.0,662.3,657.5,651.8,644.8,638.4,633.4,627.6,626.4,622.2,620.0,618.9,615.6,614.8,607.7,606.3,606.8,606.8,607.3
Neutralizer Status,ON,ON,ON,ON,ON,ON,ON,ON,ON,ON,ON,ON,ON,ON,ON,ON,ON,ON,ON,ON,ON,ON,ON,ON,ON,ON,ON,ON,ON
Median (nm),147.004,198.654,94.278,110.788,116.661,120.890,124.300,127.401,130.189,132.492,134.844,136.892,138.731,140.542,142.848,144.208,145.419,146.728,148.152,149.383,150.647,151.385,152.246,152.882,152.736,154.029,154.485,155.473,156.454
Mean (nm),154.795,160.260,107.009,117.734,123.344,127.490,130.903,133.798,136.619,138.997,141.276,143.450,145.376,147.047,149.242,150.765,152.086,153.579,154.884,156.019,157.165,158.113,158.945,159.686,159.511,160.758,161.251,162.354,163.286
Geo. Mean (nm),142.614,151.771,102.023,103.940,110.056,114.542,118.176,121.233,124.195,126.636,128.934,131.184,133.150,134.847,136.960,138.433,139.837,141.307,142.595,143.680,144.911,145.792,146.631,147.384,147.118,148.393,148.819,149.911,150.873
Mode (nm),79.148,216.739,91.398,130.975,130.975,135.773,140.746,145.902,145.902,145.902,145.902,151.247,151.247,151.247,151.247,156.788,162.531,156.788,151.247,162.531,156.788,156.788,168.485,151.247,168.485,162.531,162.531,162.531,168.485
Geo. Std. Dev.,1.508,1.397,1.323,1.690,1.648,1.621,1.601,1.586,1.573,1.564,1.557,1.549,1.543,1.538,1.535,1.533,1.527,1.524,1.522,1.521,1.516,1.516,1.514,1.512,1.516,1.511,1.512,1.510,1.507
Total Conc. (#/cm³),2.269564e-001,1.273724e-001,4.441743e+005,2.704646e+005,2.143986e+005,1.860638e+005,1.667281e+005,1.479919e+005,1.319346e+005,1.188198e+005,1.076096e+005,9.847838e+004,8.964833e+004,8.198521e+004,7.433753e+004,6.794236e+004,6.258109e+004,5.757030e+004,5.369116e+004,4.963321e+004,4.637835e+004,4.347621e+004,4.036602e+004,3.777272e+004,4.163348e+004,3.943463e+004,3.732290e+004,3.549232e+004,3.369307e+004
Title,,,,,,,,,,,,,,,,,,,,,,,,,,,,,
User Name,VANCELAB,VANCELAB,VANCELAB,VANCELAB,VANCELAB,VANCELAB,VANCELAB,VANCELAB,VANCELAB,VANCELAB,VANCELAB,VANCELAB,VANCELAB,VANCELAB,VANCELAB,VANCELAB,VANCELAB,VANCELAB,VANCELAB,VANCELAB,VANCELAB,VANCELAB,VANCELAB,VANCELAB,VANCELAB,VANCELAB,VANCELAB,VANCELAB,VANCELAB
Sample ID,,,,,,,,,,,,,,,,,,,,,,,,,,,,,
Instrument ID,,,,,,,,,,,,,,,,,,,,,,,,,,,,,
Lab ID,,,,,,,,,,,,,,,,,,,,,,,,,,,,,
Leak Test and Leakage Rate,,,,,,,,,,,,,,,,,,,,,,,,,,,,,
Instrument Errors,Normal Scan,Normal Scan,Normal Scan,Normal Scan,Normal Scan,Normal Scan,Normal Scan,Normal Scan,Normal Scan,Normal Scan,Normal Scan,Normal Scan,Normal Scan,Normal Scan,Normal Scan,Normal Scan,Normal Scan,Normal Scan,Normal Scan,Normal Scan,Normal Scan,Normal Scan,Normal Scan,Normal Scan,Normal Scan,Normal Scan,Normal Scan,Normal Scan,Normal Scan
Comment,,,,,,,,,,,,,,,,,,,,,,,,,,,,,
