Sample File,C:\Users\VanceLab\Desktop\CASA_InLab_Sp23\Chamber\Chamber_Butanol_SMPS_AgedSmoke_LRH_20230516_dryerNodryer.S82,
AIM Version,10.3.1.0
Classifier Model,3082       ,Classifier S/N,3082021905001   ,Classifier Firmware Version,2.60
Neutralizer Model,3088,Neutralizer S/N,3088011906004
Impactor (cm),0.071,Impactor S/N,7100764
DMA Model,3081,DMA S/N,3081A1903007
DMA Inner Radius (cm),0.937
DMA Outer Radius (cm),1.961
DMA Characteristic Length (cm),44.369
HV Polarity,NEG,
Detector Model,3750,Detector S/N,3750190603,Nano Enhancer , None
Detector Sample Flow (L/min),1.00,Detector Inlet Flow (L/min),1.00
Reference Gas Viscosity (Pa*s),1.832450e-005
Reference Mean Free Path (m),6.730000e-008
Reference Gas Temperature (K),296.15
Reference Gas Pressure (kPa),101.30
Sutherland Constant (K),110.40
Tube Length (cm),25.40
Tube Diameter (cm),0.48
Channels/Decade,64
Multiple Charge Correction,TRUE
Nanoparticle Agglomerate Mobility Analysis,FALSE
Diffusion Correction,TRUE
Units,dw/dlogDp
Weight,Number
Sample #,1,2,3,4,5,6,7,8,9,10,11,12,13,14,15,16,17,18,19,20,21,22,23,24,25,26,27,28,29,30,31,32,33,34,35,36,37,38
Date,5/16/2023,5/16/2023,5/16/2023,5/16/2023,5/16/2023,5/16/2023,5/16/2023,5/16/2023,5/16/2023,5/16/2023,5/16/2023,5/16/2023,5/16/2023,5/16/2023,5/16/2023,5/16/2023,5/16/2023,5/16/2023,5/16/2023,5/16/2023,5/16/2023,5/16/2023,5/16/2023,5/16/2023,5/16/2023,5/16/2023,5/16/2023,5/16/2023,5/16/2023,5/16/2023,5/16/2023,5/16/2023,5/16/2023,5/16/2023,5/16/2023,5/16/2023,5/16/2023,5/16/2023
Start Time,10:00:00,10:03:00,10:06:00,10:09:00,10:12:00,10:15:00,10:18:00,10:21:00,10:24:00,10:27:00,10:30:00,10:33:00,10:36:00,10:39:00,10:42:00,10:45:00,10:48:00,10:51:00,10:54:00,10:57:00,11:00:00,11:03:00,11:06:00,11:09:00,11:12:00,11:15:00,11:18:00,11:21:00,11:24:00,11:27:00,11:30:00,11:33:00,11:36:00,11:39:00,11:42:00,11:45:00,11:48:00,11:51:00
Sample Temp (C),22.5,22.5,22.5,22.5,22.5,22.5,22.4,22.4,22.4,22.4,22.4,22.4,22.4,22.3,22.3,22.4,22.4,22.4,22.4,22.4,22.4,22.4,22.4,22.4,22.4,22.4,22.5,22.5,22.5,22.5,22.5,22.4,22.4,22.4,22.4,22.3,22.3,22.2
Sample Pressure (kPa),80.9,80.9,80.9,80.9,80.9,80.9,80.8,80.8,80.7,80.6,80.5,80.4,80.2,80.1,80.0,80.0,80.0,80.0,80.0,79.9,80.0,79.9,79.9,79.9,79.8,79.8,79.8,79.8,79.8,79.7,79.7,79.7,79.7,79.7,79.7,80.2,80.2,80.2
Relative Humidity (%),6.6,6.6,6.6,6.6,6.6,6.6,6.6,6.6,6.6,6.6,6.6,6.6,6.6,6.6,6.6,6.6,6.6,6.6,6.6,6.6,6.6,6.6,6.6,6.6,6.6,6.6,6.6,6.6,6.6,6.6,6.6,6.6,6.6,6.6,6.6,6.9,7.0,6.9
Mean Free Path (m),8.40897e-008,8.40897e-008,8.40897e-008,8.40897e-008,8.40897e-008,8.40897e-008,8.41575e-008,8.41575e-008,8.42618e-008,8.43664e-008,8.44712e-008,8.45762e-008,8.47872e-008,8.48565e-008,8.49625e-008,8.49991e-008,8.49991e-008,8.49991e-008,8.49991e-008,8.51055e-008,8.49991e-008,8.51055e-008,8.51055e-008,8.51055e-008,8.52121e-008,8.52121e-008,8.52488e-008,8.52488e-008,8.52488e-008,8.53558e-008,8.53558e-008,8.53191e-008,8.53191e-008,8.53191e-008,8.53191e-008,8.47507e-008,8.47507e-008,8.47142e-008
Gas Viscosity (Pa*s),1.83006e-005,1.83006e-005,1.83006e-005,1.83006e-005,1.83006e-005,1.83006e-005,1.82958e-005,1.82958e-005,1.82958e-005,1.82958e-005,1.82958e-005,1.82958e-005,1.82958e-005,1.82911e-005,1.82911e-005,1.82958e-005,1.82958e-005,1.82958e-005,1.82958e-005,1.82958e-005,1.82958e-005,1.82958e-005,1.82958e-005,1.82958e-005,1.82958e-005,1.82958e-005,1.83006e-005,1.83006e-005,1.83006e-005,1.83006e-005,1.83006e-005,1.82958e-005,1.82958e-005,1.82958e-005,1.82958e-005,1.82911e-005,1.82911e-005,1.82863e-005
Diameter Midpoint (nm)
 16.3,0.000,0.000,0.000,19583.804,6177.296,2996.819,2148.136,2318.205,1739.082,1583.667,1751.851,1409.664,1399.792,1379.653,1320.012,949.443,990.885,952.486,1016.410,1098.649,1074.501,857.235,864.686,817.763,773.710,721.276,662.012,679.741,533.983,600.643,660.747,535.887,574.044,518.197,556.050,773.964,612.489,593.444
 16.8,0.000,0.000,0.000,18306.562,5125.510,1965.538,1408.891,1335.578,903.025,767.648,858.685,706.125,740.366,773.693,567.965,549.629,575.646,459.686,543.159,584.477,537.549,576.450,438.127,475.671,414.351,453.905,323.850,391.195,308.150,255.957,386.402,273.913,319.953,374.989,272.568,290.591,362.599,319.328
 17.5,0.000,0.000,0.000,19817.823,5071.054,1889.370,937.049,598.153,539.881,495.360,430.117,408.570,273.440,320.582,346.300,220.094,217.004,259.494,342.666,245.365,241.191,249.398,277.389,214.805,151.749,273.483,216.416,161.473,139.586,109.218,191.052,163.426,137.156,150.659,109.196,219.362,174.590,300.175
 18.1,0.000,0.000,0.000,20417.444,5304.831,1748.486,753.455,399.751,250.236,227.473,143.429,185.272,115.550,202.222,123.507,101.960,123.311,149.439,131.204,114.877,138.358,128.721,104.802,138.089,99.411,63.360,62.715,103.745,110.764,82.341,82.188,68.161,74.839,40.671,54.885,105.055,94.018,62.858
 18.8,0.000,0.000,0.000,21617.284,6139.552,1980.413,679.345,413.783,151.698,173.299,86.968,131.571,87.748,49.467,76.177,34.598,27.385,61.449,61.913,60.994,48.108,54.688,53.958,66.195,53.626,46.525,26.318,52.246,19.610,25.919,6.469,19.312,19.276,6.402,142.531,29.210,36.700,36.807
 19.5,0.000,0.000,0.000,24022.477,6766.586,2321.169,660.337,397.374,205.567,108.382,82.142,95.054,74.512,40.093,58.946,32.722,12.951,19.445,19.520,32.054,26.001,19.398,0.000,19.233,12.684,6.288,31.128,24.720,6.186,24.528,24.484,12.184,18.244,6.060,252.072,20.709,0.000,6.958
 20.2,0.000,0.000,0.000,24685.707,7080.039,2533.616,1160.950,478.750,226.183,102.323,96.753,48.349,39.841,25.271,30.968,18.566,6.124,18.390,36.919,12.127,0.000,18.345,0.000,6.063,0.000,17.846,5.891,11.695,5.852,5.802,0.000,17.294,5.754,5.734,318.825,6.524,6.558,6.577
 20.9,0.000,0.000,0.000,25377.739,7896.221,2805.688,1001.465,549.442,261.277,157.948,57.570,57.462,31.363,8.350,8.990,10.050,16.746,10.169,0.000,10.693,16.695,5.455,0.000,11.061,5.370,0.000,0.000,5.339,5.488,5.200,0.000,5.477,0.000,16.252,348.631,6.072,0.000,0.000
 21.7,0.000,0.000,0.000,27436.347,8816.762,3603.358,1438.623,769.675,318.222,255.439,61.998,49.516,50.878,24.167,13.346,13.084,14.341,0.000,4.792,14.808,15.809,4.534,10.436,4.396,0.000,10.203,4.975,5.101,4.955,0.000,4.843,0.000,0.000,5.018,494.473,5.712,11.692,0.000
 22.5,0.000,0.000,0.000,28858.778,9996.470,3832.935,1653.208,759.802,450.983,222.109,103.530,85.762,27.990,30.359,11.095,6.508,12.563,7.944,3.451,4.076,3.630,4.065,3.628,14.883,4.875,0.000,0.000,9.645,0.000,0.000,0.000,0.000,0.000,0.000,432.090,5.067,0.000,0.000
 23.3,0.000,0.000,0.000,29593.686,10922.177,4663.333,2143.962,1094.442,497.909,249.931,135.874,100.559,22.389,19.098,12.364,29.087,18.324,20.785,17.222,17.909,8.357,0.000,0.000,4.207,0.000,3.910,0.000,4.430,4.337,0.000,0.000,0.000,13.874,4.312,504.726,4.928,0.000,0.000
 24.1,0.000,0.000,0.000,31166.072,11698.519,5128.901,2439.650,1339.867,629.167,387.054,193.036,116.704,68.666,41.120,39.071,47.824,32.333,19.057,19.708,5.200,1.839,2.479,7.058,2.473,0.000,8.715,3.781,0.000,0.000,0.000,0.000,0.000,0.000,0.000,587.614,0.000,0.000,0.000
 25.0,0.000,0.000,0.000,33749.221,13273.430,5691.506,2809.186,1433.725,711.233,473.874,243.395,119.768,108.728,64.156,49.604,29.874,11.937,20.451,8.422,0.000,15.110,25.116,6.902,7.088,7.152,7.271,7.481,7.239,0.000,0.000,3.817,0.000,3.552,0.000,653.486,4.270,0.000,0.000
 25.9,0.000,0.000,0.000,35457.562,13470.390,6404.699,3384.696,1736.647,940.322,620.783,294.371,178.589,69.649,89.428,60.921,63.846,23.270,24.992,14.972,6.792,0.000,4.341,0.664,1.010,5.155,0.000,0.000,6.793,0.000,1.683,2.923,0.000,0.000,0.000,692.068,0.000,0.000,3.816
 26.9,0.000,0.000,0.000,36573.035,15375.464,7495.821,3836.435,2293.771,1077.490,749.814,438.472,295.655,149.660,135.853,102.277,33.429,31.911,26.042,26.939,11.583,39.233,11.766,23.902,0.000,6.109,0.000,13.253,2.767,6.524,5.888,0.000,0.000,0.000,7.781,660.923,4.359,8.126,0.000
 27.9,0.000,0.000,0.000,38257.395,16257.339,8076.204,4378.359,2467.557,1393.844,844.027,530.842,388.371,190.305,143.819,76.828,73.010,36.212,16.930,46.251,19.509,17.358,26.584,15.258,14.493,0.000,2.207,0.912,8.832,8.843,1.900,1.929,9.965,0.000,12.441,564.684,3.041,0.000,0.000
 28.9,0.000,0.000,0.000,39581.147,18302.395,9687.229,5157.193,3013.927,1736.761,945.159,601.922,535.597,258.522,165.279,139.832,147.571,109.070,68.880,54.660,40.717,68.924,24.050,24.448,25.797,11.719,10.570,6.234,26.176,10.027,9.820,11.429,5.933,8.790,2.222,345.364,15.054,15.231,2.772
 30.0,0.000,0.000,0.000,40803.497,19976.777,10729.809,5807.554,3520.834,2250.857,1245.718,826.519,595.313,413.900,271.087,206.390,126.780,52.214,109.780,66.616,61.473,42.454,26.219,9.979,33.985,24.432,7.140,15.034,16.102,5.323,23.371,14.622,0.000,15.340,6.948,278.905,8.915,1.142,5.696
 31.1,0.000,0.000,0.000,41758.998,21041.964,11516.686,6189.079,3885.556,2392.706,1494.492,932.398,766.458,456.278,256.727,203.897,227.623,141.482,99.394,43.466,99.600,65.891,61.907,29.199,67.269,30.715,34.723,21.109,10.368,21.228,25.986,24.145,8.349,4.649,10.018,197.549,10.228,8.379,9.840
 32.2,0.000,0.000,0.000,43605.042,22561.433,12408.034,7463.303,4471.125,2793.907,1872.284,1302.685,791.000,589.179,415.979,262.558,217.948,173.911,140.693,101.721,57.235,89.427,63.363,87.164,38.596,13.980,20.104,23.446,21.500,35.258,19.002,12.649,4.743,13.023,7.058,137.115,29.769,12.429,34.302
 33.4,0.000,0.000,0.000,45955.495,23747.454,13800.660,8755.620,5568.984,3333.631,2195.320,1579.211,1092.435,727.548,568.953,379.547,297.085,325.389,203.790,137.280,91.038,78.540,98.452,42.188,34.899,44.745,46.621,29.463,17.813,20.073,49.834,17.175,13.189,10.618,18.448,99.850,17.214,16.468,16.018
 34.6,0.000,0.000,0.000,46699.647,25331.607,15072.850,9237.664,5953.834,3741.443,2481.737,1918.744,1200.252,934.699,662.047,396.112,226.202,335.982,208.133,186.318,186.988,128.614,97.834,104.338,99.756,63.076,23.974,35.569,39.711,51.859,17.876,43.159,25.992,18.029,27.032,116.951,19.588,2.435,2.093
 35.9,0.000,0.000,0.000,48752.638,27837.423,16227.203,10570.193,6528.779,4554.970,3344.622,2128.230,1520.707,1032.384,714.048,592.852,460.662,349.829,273.949,207.221,190.333,126.531,90.784,81.316,75.720,70.896,64.836,52.813,59.833,23.435,3.363,19.589,22.969,30.054,14.904,61.950,23.185,13.606,31.488
 37.2,0.000,0.000,18037.509,51431.256,28898.253,18535.776,11317.200,7550.291,5070.112,3307.314,2712.584,1612.359,1263.428,1017.453,645.765,543.619,406.143,348.266,242.401,214.861,187.015,153.083,127.029,115.578,80.938,80.685,83.587,54.633,76.303,17.472,42.991,24.734,57.817,5.341,59.276,20.493,52.259,29.699
 38.5,0.000,0.000,79888.957,52769.044,31041.919,19257.542,12703.343,8636.354,5909.837,4093.671,2929.210,2077.266,1559.768,1158.974,786.166,677.015,577.704,368.281,345.237,287.618,224.523,156.703,160.063,163.607,98.872,81.343,92.856,38.820,47.508,0.000,41.498,34.433,33.859,3.573,71.041,3.000,26.322,55.454
 40.0,0.000,3.592,219658.579,54225.767,33096.826,21244.242,14732.851,9420.368,6696.567,4896.846,3439.554,2579.711,1688.134,1516.547,1056.322,802.293,680.105,419.700,405.391,348.669,315.762,153.638,241.727,152.009,150.951,160.322,82.581,77.151,76.015,55.330,52.587,41.370,58.907,77.885,7.286,34.724,20.380,48.072
 41.4,0.000,0.000,517375.484,58175.824,34824.844,23222.419,15806.669,10710.444,7678.442,5915.459,3942.770,3076.326,2111.212,1532.507,1317.449,1002.198,753.267,514.055,460.408,394.872,381.326,296.441,251.027,220.641,185.028,111.242,125.367,85.776,122.602,26.004,83.558,33.616,55.104,33.687,56.470,32.216,29.464,33.559
 42.9,0.000,0.000,790915.060,59571.199,36225.154,24774.231,17652.029,11765.750,8365.316,6021.360,4527.808,3465.842,2656.578,2266.052,1432.174,1244.504,1038.025,653.881,575.048,574.091,418.109,313.857,276.011,237.104,189.256,177.720,154.196,121.080,126.088,119.298,73.838,63.914,53.709,84.945,28.932,65.243,66.019,54.179
 44.5,0.000,0.000,817163.047,63024.987,39330.494,25991.520,18563.273,13565.756,9631.295,6976.495,5214.274,4070.852,3098.698,2295.530,1741.730,1424.401,1092.612,901.746,795.315,505.018,580.025,431.833,355.073,301.043,313.733,139.551,135.287,171.003,125.395,90.065,51.271,113.880,44.955,66.246,134.772,111.496,60.867,34.520
 46.1,0.000,0.000,723212.689,66175.886,41661.928,29021.477,20943.943,15117.609,10817.365,7605.382,6061.661,4922.208,3374.529,2831.640,2188.983,1900.456,1250.305,1190.426,965.193,719.814,659.367,455.694,375.924,357.905,372.578,244.920,180.288,251.523,212.331,197.103,204.630,84.721,47.611,149.720,90.820,46.810,106.095,36.701
 47.8,3.121,0.000,594076.098,71424.333,46749.542,31663.612,23586.533,17002.497,12788.429,9053.037,7086.899,5836.990,4365.555,3557.740,2837.725,2391.194,1806.904,1503.551,1240.105,977.953,878.152,795.976,705.071,548.531,501.383,399.713,278.839,330.281,241.315,271.203,173.842,203.526,184.830,186.149,239.318,162.211,183.780,135.507
 49.6,0.000,0.000,465208.849,78032.681,50895.434,36799.384,27442.616,20371.886,15258.126,11725.812,9032.736,7415.332,5462.003,4432.975,3845.241,3423.942,2423.693,2367.888,1925.824,1533.061,1396.781,1291.530,1005.615,1037.449,825.181,724.949,694.041,599.042,453.460,497.416,385.217,294.041,328.155,277.144,299.322,411.695,390.508,301.309
 51.4,0.000,0.000,353011.271,82761.657,57013.156,40111.827,31467.841,23464.969,18256.773,14009.467,11088.626,9058.326,6699.173,5576.351,4700.185,4204.840,2977.091,3000.494,2371.537,2133.293,1916.524,1717.092,1509.512,1360.077,1113.804,826.925,1006.996,795.516,746.394,598.392,628.508,485.102,491.971,445.151,498.343,718.506,507.329,316.818
 53.3,0.000,0.000,258467.859,89800.493,61312.843,45774.701,35565.242,27330.448,20305.185,16232.628,13234.734,10606.120,8138.206,6533.707,5451.055,4918.335,4101.050,3725.536,3040.126,2847.927,2298.099,2059.391,1936.355,1699.766,1488.700,1298.015,1090.291,1067.116,936.657,970.800,835.872,665.810,745.371,662.565,751.694,863.971,707.050,632.813
 55.2,0.000,0.000,184137.513,97984.493,67887.910,51944.112,40446.822,31569.598,24019.824,19030.563,15499.136,12934.631,9389.623,8188.327,6931.776,6074.443,4827.564,4709.635,4074.528,3509.756,3191.569,2710.724,2431.080,2138.413,2117.800,1673.964,1517.236,1268.298,1402.122,1155.897,1067.818,912.153,715.387,752.513,940.733,1111.729,903.873,774.344
 57.3,0.000,0.000,132371.724,106337.824,73587.083,58144.894,45021.634,35719.519,27476.960,22427.126,18377.212,15385.525,11583.154,9570.021,8082.986,7413.069,5961.143,5656.376,4589.876,4017.086,3845.855,3423.272,3105.310,2785.341,2358.081,2125.688,2045.821,1742.912,1597.213,1571.414,1438.461,1258.431,993.897,997.704,1380.172,1442.317,1244.447,1145.879
 59.4,0.000,0.000,95149.207,117636.849,81876.128,65011.632,50363.444,40932.181,31627.066,25496.522,22133.326,17582.247,13694.350,11790.319,9916.863,9119.672,7153.848,7272.334,6207.535,5069.520,4911.821,4350.676,3682.607,3422.909,2926.381,2690.685,2593.065,1978.473,2150.401,1976.025,1819.770,1559.600,1491.753,1336.764,1664.424,1703.339,1746.561,1689.833
 61.5,0.000,0.000,80168.772,126768.405,92468.963,73198.181,56507.357,46392.119,36615.976,29864.592,24759.159,20026.741,16486.737,12907.246,11248.093,10839.913,8600.224,8684.703,7188.060,6185.784,6030.493,5233.426,4614.980,4627.067,3895.372,3759.656,3015.401,2797.053,2824.223,2373.330,2124.259,2213.622,1854.489,1826.616,2179.384,2364.375,2224.832,2060.304
 63.8,0.000,0.000,71860.390,135336.223,100143.594,82729.783,64341.672,51024.165,41449.620,35776.930,28582.661,23831.877,18790.847,15933.239,14363.277,12680.374,10987.872,9429.478,8865.474,7790.138,7107.952,6376.143,5851.480,5654.156,4730.046,4639.653,4004.429,3556.335,3447.495,3177.752,2859.410,2607.950,2311.916,2280.029,2707.533,3059.344,2639.659,2478.034
 66.1,0.000,0.000,74236.067,148256.888,114637.155,93730.580,72415.944,59538.113,47120.883,41719.659,33650.082,27104.568,22492.542,18934.450,16517.862,13920.669,13418.125,11925.373,10461.787,9941.724,8969.104,7692.548,6979.959,6674.222,5997.690,5497.192,4940.302,4649.060,4124.724,3763.057,3441.953,3329.757,2936.457,2928.992,3567.341,3567.576,3351.693,3211.058
 68.5,0.000,0.000,86238.114,160023.729,123318.660,102319.902,81125.834,66843.770,53998.643,48219.830,37630.772,31425.254,25617.502,21714.653,18497.165,16156.959,15331.316,13933.914,12599.470,11438.247,10347.852,9346.678,8178.380,8008.383,6960.540,6368.484,6008.827,5263.296,5168.072,4211.237,4546.654,4111.799,3450.844,3455.335,4674.599,4318.784,4347.998,3811.821
 71.0,0.000,0.000,67264.290,160087.670,122673.770,100184.844,81089.791,65762.212,52636.037,47390.535,38039.861,29522.011,25015.182,20590.593,18875.759,15732.932,15885.724,12851.613,12202.760,11761.703,10467.298,9158.816,8351.434,7447.702,6649.204,6147.678,5795.643,5293.490,4814.428,4354.853,3992.095,3938.119,3356.917,3421.757,3755.356,4071.181,3887.004,3839.604
 73.7,2.448,0.000,56351.207,163002.560,127277.829,100982.902,80825.896,69758.070,53526.001,47531.453,38191.423,31144.687,25436.262,21633.948,18904.696,15363.649,15894.700,13332.556,11588.081,11327.717,10443.413,8637.818,7817.592,6812.606,6846.375,6172.144,5806.849,5126.608,4783.803,4295.038,4045.502,3688.797,3355.359,3216.234,3995.420,3900.051,3754.135,3640.326
 76.4,0.000,0.000,100157.271,176857.328,135424.538,109591.694,87703.852,74054.584,60008.127,49876.764,42290.413,33524.360,29572.181,24998.575,20254.652,17837.962,17932.858,14128.621,13946.433,12526.265,11932.975,10420.466,9449.472,8300.004,7751.811,6953.207,6640.645,6152.223,5553.399,5044.471,4645.480,4886.086,4090.964,3612.670,4864.591,4079.468,4752.796,4685.192
 79.1,0.000,0.000,162285.521,192590.584,152598.835,116536.668,97613.512,78653.800,65187.956,55688.362,46148.408,37660.426,33590.490,27697.663,23203.813,20800.727,19117.979,16409.173,15247.995,13999.439,13384.324,11635.139,10794.622,9880.246,8499.202,8216.294,7652.603,7880.693,6208.447,5429.047,4811.478,5121.358,4960.670,4728.419,5019.521,4689.015,5101.577,5180.085
 82.0,0.000,0.000,208302.381,214066.836,166139.110,126774.047,105481.010,87862.062,72182.238,62501.709,50549.044,41151.509,37311.197,31420.204,26228.808,22890.156,20966.111,18899.121,17545.619,15675.436,15289.837,12995.659,12177.332,11322.940,10431.545,8669.540,8333.217,8086.596,7282.471,7058.734,5892.637,5549.909,5268.200,5016.765,5981.468,6037.434,5905.413,5726.175
 85.1,0.000,0.000,225989.885,225857.938,181716.487,138193.628,116567.852,97695.018,79957.115,67368.213,56201.210,47751.700,39650.066,35011.734,29105.155,25443.191,24030.026,20943.882,20045.427,18625.374,16671.457,14933.364,13145.858,13345.634,12027.687,9897.002,9422.450,9152.423,8343.239,7543.540,7036.344,6531.431,6710.450,5720.841,6892.672,7188.754,7019.351,6337.341
 88.2,0.000,0.000,261791.598,244867.346,199492.903,152586.642,128607.482,105974.987,88682.179,75580.749,62352.392,53359.419,44334.392,38452.532,32883.571,29130.025,26392.781,24238.002,22500.850,20491.669,19513.479,16698.030,15377.630,14093.481,13983.757,11119.334,10700.141,11118.421,9513.733,8639.121,8134.623,7197.631,7412.312,6775.837,8277.643,8508.865,7651.839,6891.257
 91.4,0.000,2.275,293878.894,267961.289,214071.440,170671.236,141570.087,118321.985,98159.705,83580.616,69803.939,60820.427,50175.755,44036.798,36578.041,32763.454,29651.935,26888.818,25445.005,22436.637,21733.201,20004.655,17674.075,15504.688,15323.268,13129.577,12538.061,11526.236,10229.451,10311.810,8907.942,8408.474,7598.153,7472.757,9150.829,9302.328,9276.803,8286.015
 94.7,1.981,0.000,379263.347,298675.587,237194.820,187674.950,156110.233,133985.966,109367.557,91438.840,77302.086,66378.992,57883.217,49573.025,40379.409,39577.334,32149.397,30950.811,29377.623,24133.140,24666.067,21731.652,19911.965,17792.045,17159.575,15004.648,13334.893,13275.197,12511.167,11000.502,10435.102,9378.246,9416.021,7889.706,10306.607,10737.428,10633.875,9288.110
 98.2,0.000,0.000,502474.743,331452.630,257558.277,205032.652,173621.246,145838.644,121054.627,103743.661,85672.938,75450.637,65451.810,53573.872,46264.045,45831.931,35836.398,33311.096,33380.895,27398.539,27821.319,25119.355,23237.573,20258.511,18821.691,17048.488,16194.080,15100.607,14012.310,12957.855,12006.684,10852.313,10190.085,9705.430,11434.328,12265.397,11898.085,10583.200
101.8,2.104,0.000,619073.446,353539.589,282798.637,228418.309,194841.235,160146.804,138004.459,115068.678,96431.590,86679.602,72731.724,61082.208,53682.341,52932.219,42474.287,41358.188,37198.937,31974.700,32159.891,29297.694,25859.730,23770.941,22522.207,20394.013,19303.122,17585.170,15421.297,15609.423,14112.471,12496.970,12166.743,10504.637,11975.479,13961.228,13061.861,12637.483
105.5,0.000,0.000,727634.782,381419.017,304153.498,250682.109,215441.619,178638.609,151954.569,129256.930,105698.821,96269.949,82149.567,71190.073,59462.766,59423.361,45281.345,47707.585,41928.446,35740.214,36517.627,33360.925,30121.872,27654.061,25786.310,22878.644,21350.354,19939.305,18258.260,17646.939,16679.192,13719.319,14365.589,12593.311,15720.228,16573.689,16001.238,14077.065
109.4,0.000,2.134,809745.968,420674.905,331453.126,277001.584,239076.803,195727.186,166783.957,142128.126,121258.716,107558.046,90603.121,76758.277,69004.816,65794.189,50702.444,53307.685,47868.500,40423.383,40797.381,37134.411,35083.296,31314.560,29062.499,26454.491,24415.811,22814.223,20290.688,20189.615,18375.817,16441.023,15903.965,13524.194,17790.699,18242.648,17494.547,16067.657
113.4,0.000,0.000,880585.757,459242.748,355673.755,300472.344,257792.438,216366.582,183523.328,157472.003,136122.037,120158.818,98483.763,86745.548,77671.086,72954.236,56050.563,58504.485,53268.672,46883.886,45304.761,41040.953,38539.486,35057.389,33108.314,29949.824,28090.332,26045.804,23777.103,22987.668,20050.232,17744.938,17873.845,16060.674,19953.916,21321.411,20028.014,17927.546
117.6,0.000,0.000,925622.221,492054.618,385006.127,331076.560,277809.517,240116.925,205025.725,175264.650,152868.048,131643.968,107487.628,95484.454,86498.290,79321.387,64209.803,66663.625,60191.837,52727.605,49661.747,46309.414,43079.157,38937.947,37612.997,33865.605,31956.559,26973.391,27315.108,25944.208,23833.332,21058.456,20315.731,18855.635,23560.563,25330.565,23657.973,21582.268
121.9,0.000,0.000,950583.535,523564.884,415622.403,362136.539,301604.331,258765.675,222895.163,190965.999,166205.829,143557.932,122010.912,102983.341,94204.168,87475.115,73625.368,73597.683,66480.056,57744.577,56020.151,52103.468,47477.241,44466.847,40906.848,38817.752,36378.685,32394.266,30515.901,27413.474,26887.280,24256.527,22808.842,21053.165,26385.057,27937.257,26543.527,24643.245
126.3,0.000,2.152,1003352.125,558443.049,448275.782,381627.473,325600.634,280867.530,243157.729,206142.004,182100.407,159066.175,134253.417,115374.776,104006.191,96517.488,81574.860,81177.775,73215.796,63940.155,62634.093,58393.179,54614.545,48832.842,45479.430,42995.042,40060.538,36584.708,34143.456,31891.277,29818.131,26690.027,25806.583,24264.951,29737.335,31522.145,29095.866,27756.879
131.0,0.000,0.000,1030167.890,590841.229,478666.244,410826.374,346035.611,303053.254,261718.833,225440.496,195281.347,170403.319,146537.458,122682.513,112101.360,105069.550,88786.870,89612.151,80815.692,73209.102,68908.547,64035.184,60314.052,55823.147,51297.334,47876.046,45540.154,39665.418,37004.398,36299.691,33306.850,30576.490,28371.244,28355.638,32528.614,35703.013,33205.459,32056.576
135.8,0.000,0.000,1073941.550,625732.711,507086.067,437819.355,369967.047,322953.626,277025.466,243903.590,212326.327,185392.077,159092.589,135526.761,122258.433,116819.892,100145.270,99429.815,89720.338,81299.155,76022.161,70983.602,67150.743,62864.233,56162.045,53444.296,49827.966,46144.559,42716.761,38921.987,37577.762,34246.605,32497.801,30796.355,36532.006,40421.895,37491.696,35521.960
140.7,0.000,0.000,1092333.394,659465.267,528098.256,453100.717,396783.243,337209.935,296688.987,258993.338,226159.312,202454.746,170785.034,143953.614,131518.616,123048.950,109588.216,105029.992,95733.850,88858.648,82713.957,78455.878,72393.411,68151.862,61412.207,58343.678,54149.766,50380.438,46550.390,44387.433,42069.879,39606.356,36107.249,34514.839,42115.078,45332.525,41823.431,40233.992
145.9,2.139,1.834,1120011.261,674721.923,549395.633,473923.366,411582.805,355615.594,307280.783,274440.492,237978.205,213854.351,182275.169,153382.106,141372.783,127799.862,118920.516,114280.658,101877.434,96422.205,91834.369,84378.815,78332.355,73956.927,68805.803,64266.217,60314.972,55827.681,51496.760,48365.572,45157.411,41414.926,39237.877,38330.915,47644.892,49440.996,45397.957,45229.044
151.2,0.000,0.000,1141126.254,698918.672,571913.266,488847.040,426513.379,371729.095,323335.998,286938.604,252979.743,225335.542,192802.658,166402.696,148753.255,135682.756,126680.951,121931.064,110437.936,103146.622,97431.565,90430.155,84342.449,79815.921,74527.329,68364.154,64296.174,60532.245,56394.197,52124.344,48409.676,46890.685,43106.608,41457.872,51685.116,53698.253,50188.142,48308.118
156.8,0.000,0.000,1136153.295,700840.153,582275.241,501514.819,439917.158,386936.617,333661.883,296202.953,262836.825,234016.197,196708.055,173674.353,153244.837,141494.408,133218.952,126275.079,114539.735,109799.350,103810.903,95331.545,91002.318,84495.570,77913.181,73389.412,67864.317,64310.855,59611.092,55995.653,53403.914,50304.182,45667.939,44637.537,54914.005,57881.173,55041.721,51790.323
162.5,0.000,0.000,1136456.327,703231.196,590269.049,511864.492,446386.325,394529.719,343030.850,306859.226,270039.966,240291.537,203677.432,180364.776,159356.925,146534.196,142751.790,132676.642,121871.315,114286.081,111179.069,102549.199,93685.760,87297.162,84012.472,79106.724,73321.867,67949.695,63752.246,59903.896,56053.474,51553.107,49639.039,47193.576,58451.946,61107.245,58183.921,55606.609
168.5,0.000,0.000,1107202.017,705045.041,590201.552,516947.228,458580.525,402258.067,348909.428,312331.281,278124.780,249200.719,212546.268,185904.846,164726.139,151341.931,149813.193,139822.454,126533.470,120988.936,114655.210,106547.997,98558.909,94591.590,87540.156,82022.295,77440.921,71669.642,66575.945,62353.441,59536.807,55904.766,52284.387,50820.937,62361.772,66132.954,61637.510,58831.825
174.7,0.000,0.000,1075704.152,700777.599,589904.882,513465.872,460475.262,405104.614,353612.125,317531.631,282614.639,254109.877,216546.270,189589.453,166277.820,154585.264,154454.544,146039.163,131626.323,124399.774,121180.959,112554.602,103514.028,98153.167,91043.560,86987.640,79985.248,75134.812,69928.191,65736.351,63473.146,59612.006,55162.394,53289.585,65644.369,68790.260,65152.463,62224.187
181.1,0.000,0.000,1033737.211,686229.674,585706.292,505451.964,450083.607,404633.874,349673.807,318809.958,282285.098,255484.838,219604.547,192068.491,169612.343,157422.598,157815.613,148059.922,134163.170,129059.090,126187.714,113899.544,106728.803,100851.884,94126.004,87872.744,82629.962,78315.650,73155.758,67566.041,64041.778,60328.498,57580.300,55408.559,68501.213,71310.761,66575.778,65429.132
187.7,0.000,0.000,971158.893,663975.399,568999.375,496455.832,440711.194,399623.773,346554.602,314779.407,281363.130,254927.892,220338.337,191190.289,170860.793,157438.973,159142.261,147788.931,133979.312,131741.303,128034.698,116730.005,109532.291,102836.432,96186.369,90401.057,85105.865,79654.923,74097.871,69655.574,65872.835,61488.122,59396.694,57039.018,69926.233,73753.225,69958.499,66372.718
194.6,4.379,0.000,905007.823,635405.879,545468.839,478608.691,427832.809,387869.511,336240.034,310541.128,275512.073,252883.023,214778.647,187452.988,167393.352,155883.702,159173.829,149921.252,135277.155,131299.106,128357.994,115886.937,109117.535,101937.980,96287.485,91313.438,85908.433,81121.331,75763.133,71217.736,67111.070,62455.623,60026.732,57345.725,72566.732,74482.253,71761.285,68438.482
201.7,0.000,0.000,850181.679,604802.433,514629.901,458184.207,413126.535,371457.313,327540.783,299697.755,268007.140,245675.490,213383.916,182624.184,163214.470,153579.390,157204.422,147983.364,134997.957,129757.096,127700.771,116362.525,109414.318,103050.336,96727.143,91822.069,85650.081,80598.901,75897.716,70950.498,67365.048,63324.008,60648.937,58191.709,73144.125,75671.547,72123.908,68907.569
209.1,0.000,0.000,795126.612,556789.522,481185.689,425104.007,387222.061,351035.689,311503.878,284360.980,257358.365,237077.479,203569.672,175774.140,157808.078,148552.319,152319.461,143924.944,129814.646,126949.661,125027.535,114007.471,106554.562,101928.637,95593.458,90048.740,85431.443,80712.979,75419.155,71862.958,65815.988,63100.706,60444.898,57507.677,73176.424,74998.494,73471.579,68913.824
216.7,0.000,0.000,743073.297,507348.843,445055.699,398178.107,359211.374,331195.041,289019.156,268253.583,242887.508,225020.811,193045.120,167580.426,150564.898,143000.030,147876.521,139215.236,125741.908,123153.565,124152.866,109942.932,104537.972,98996.413,94565.742,88014.426,84298.462,77846.586,73670.542,70073.990,65537.761,61258.878,58814.301,57624.613,72383.890,74289.544,71940.608,68141.254
224.7,0.000,0.000,671041.427,460218.250,407232.522,365354.057,328082.283,306493.792,269636.797,252395.854,229805.765,210205.534,182196.146,157279.706,142310.583,134882.970,139727.800,133695.031,120712.075,119262.721,117470.447,107346.953,100670.875,96104.085,91078.860,86048.606,80499.769,76840.360,71388.652,67437.398,63736.386,60104.993,58258.765,55630.410,70428.406,74094.307,70657.787,67368.181
232.9,0.000,0.000,598849.809,408286.776,363890.778,329841.999,299824.124,279385.400,249139.186,229770.752,212226.503,194913.209,168457.189,146030.123,131777.819,127501.216,132257.706,125873.380,112932.255,112972.845,111339.067,102696.521,96193.407,92223.815,86391.245,82437.063,77474.998,72730.303,68430.690,65173.678,61387.453,58453.338,55774.780,53995.296,68209.156,71038.425,68445.452,64791.949
241.4,0.000,0.000,524114.311,359477.231,320972.853,293598.643,266236.695,251564.009,223174.719,209966.827,191402.882,178271.452,154692.022,133537.764,121389.844,117958.420,123038.950,117842.785,105644.689,105403.127,106435.873,96961.838,90156.129,85804.037,80542.581,78014.072,72415.888,69636.420,65391.068,62014.911,57784.501,55295.352,52998.362,51537.120,66291.015,68030.931,66037.679,62239.947
250.3,0.000,0.000,447695.283,309081.116,279302.564,254071.757,234300.484,218376.664,198991.827,184932.811,170183.723,160492.373,138054.130,120095.029,110302.601,107099.637,112984.079,109690.276,98893.948,96948.678,98496.499,88760.250,83732.271,80131.928,76412.878,72863.951,68838.404,64973.902,60923.346,58091.879,54858.929,51118.599,49498.880,48060.667,62014.219,64488.073,61483.978,59459.257
259.5,0.000,0.000,369788.204,263088.045,237296.974,217290.540,201058.092,191647.338,172701.491,163022.099,149421.756,141923.926,122628.301,107171.421,98073.861,96959.650,101921.845,99076.610,88898.312,88996.768,90363.172,80419.495,77650.114,73765.771,70310.072,67359.220,62564.462,61329.422,56534.630,53127.184,49902.963,48357.150,46564.778,45422.727,57810.777,60158.984,58623.591,55869.669
269.0,0.000,2.355,301364.599,220287.247,198122.084,183296.383,169847.527,163504.621,147904.298,138404.559,130181.120,123651.646,106998.802,92638.148,85531.582,85766.151,90217.723,88071.320,79508.781,80414.213,80916.540,73361.398,69978.075,66076.118,63518.527,61275.850,56870.761,54735.372,51250.106,48859.364,46269.979,44191.784,43397.368,41255.956,53783.807,56119.454,53423.237,51342.635
278.8,0.000,0.000,243186.018,176479.316,161091.828,152008.288,140564.621,135655.984,123481.672,116569.657,110437.068,105022.163,90926.543,78844.717,72783.146,74500.053,78455.746,77570.079,68621.729,69882.289,70765.234,64628.007,61966.298,59134.101,56187.589,53950.458,50921.193,48530.325,45623.305,43269.142,41091.816,38989.901,39313.840,37069.670,48747.057,50942.148,48784.164,47170.424
289.0,0.000,0.000,190813.058,140823.647,128436.096,121638.193,114863.881,110851.834,101391.375,96770.695,92584.691,89037.908,76674.833,68039.858,61490.063,63586.611,67844.432,67302.257,59348.750,61874.131,61125.561,57725.955,53498.268,52173.455,49359.838,49034.193,45125.310,43085.845,41166.548,39244.347,36077.201,35023.012,34986.121,33683.779,43804.863,45753.348,43393.654,41550.766
299.6,0.000,2.430,146226.757,108598.138,99756.753,93706.197,90060.626,88582.969,80780.944,77987.406,74742.411,71900.644,63063.197,55458.390,50120.908,52817.829,56533.147,56800.566,50839.604,52875.225,52693.281,48101.319,45812.950,43642.262,42701.538,41953.977,38993.646,37386.610,35506.059,33795.621,31756.257,30613.242,30385.897,29552.218,38912.931,39942.921,38077.356,36904.952
310.6,0.000,0.000,108515.728,82461.007,74602.689,72800.402,69977.628,68342.090,63805.814,61727.869,59894.397,57824.070,50688.580,45764.033,40616.619,42944.620,46729.389,46876.940,41761.816,44655.557,45016.329,40407.460,38892.341,37713.996,36614.977,36156.180,33264.579,32203.819,29941.125,29084.015,27379.836,26751.151,25896.627,25713.755,33737.558,35333.315,33745.755,32118.488
322.0,0.000,0.000,79805.222,61131.077,54728.222,54851.452,51792.133,51778.999,49050.983,47820.658,47150.387,45063.392,39944.072,35632.985,32273.319,34603.418,38191.441,38990.761,33822.857,36880.705,37177.306,33384.456,32107.253,31729.199,30288.728,29564.712,27364.628,26525.410,25209.745,24408.487,23727.348,22338.876,22002.146,21592.638,29058.743,30684.513,29011.820,27576.316
333.8,0.000,0.000,56831.106,43759.520,39927.625,40054.822,37473.937,38512.832,36408.155,35469.044,35530.986,34258.448,29896.279,27465.363,25248.856,27081.066,30580.618,30433.842,26655.563,29445.033,30125.674,26491.987,25742.831,25115.687,24287.049,24289.193,22397.848,21877.143,20639.261,20649.431,19378.926,18341.294,18262.974,18508.688,23856.712,25088.693,24705.220,22888.393
346.0,0.000,0.000,39737.830,30695.861,28590.358,28020.417,26110.755,27114.322,26011.365,25444.617,26351.119,24795.963,22121.162,20020.056,18855.683,20661.938,23666.574,23633.891,20773.981,23101.316,23347.331,21284.153,20267.963,20316.181,19492.216,19028.173,18007.405,17311.432,16683.663,16211.640,15751.700,14907.568,14774.166,14990.856,20286.463,21061.882,20044.701,18872.477
358.7,0.000,0.000,26429.818,20621.453,19579.265,19229.299,17988.487,18894.166,18719.561,17979.560,18506.848,18326.048,16185.646,14583.244,13749.952,15532.903,17488.089,17916.155,16505.770,17645.490,17617.741,16443.087,15477.197,15426.052,15300.201,15294.043,14241.206,13615.953,13443.657,12840.104,12207.542,11846.021,12002.696,11853.932,16162.871,17182.923,16262.992,15169.649
371.8,0.000,0.000,17379.614,13691.032,12564.019,12817.929,12427.559,13009.737,12139.024,12399.819,12769.368,12866.173,11375.250,10199.861,9845.264,11186.918,12940.105,13138.499,12170.567,12998.457,13322.953,12571.956,12121.925,11665.025,11618.616,11239.489,10770.310,10446.274,10420.620,9807.760,9348.795,9129.335,9530.059,9254.522,12728.546,13431.797,12947.111,12390.687
385.4,0.000,0.000,11140.422,8774.155,8152.749,8089.820,8150.625,8403.683,8048.173,8574.697,8825.651,9109.679,7856.637,7490.990,6720.885,7688.797,9224.490,9567.171,8647.862,9280.213,9488.584,9322.793,8958.612,8663.154,8496.946,8563.041,8322.704,7884.631,7941.511,7734.903,7188.396,6618.700,7277.300,7401.429,9862.684,10390.414,9992.031,9682.304
399.5,0.000,0.000,6891.820,5393.035,5123.359,5162.263,4766.158,5263.593,5275.725,5509.775,5855.264,5979.774,5390.487,4827.332,4515.277,5695.687,6217.399,6837.693,6065.926,6645.717,7016.987,6536.490,6359.711,6325.948,6511.481,6367.301,5802.920,5894.203,5636.303,5476.555,5084.475,5262.978,5393.120,5356.721,7426.720,8047.437,7312.996,7537.879
414.2,0.000,0.000,4471.201,3201.818,2991.968,3265.702,3043.348,3462.582,3130.827,3629.912,3517.880,3741.651,3383.083,3405.876,3123.255,3586.128,4281.540,4726.907,4183.664,4673.442,4570.072,4564.972,4380.593,4433.238,4780.374,4418.660,4294.892,4234.185,4092.144,4201.365,3733.003,3883.475,3967.469,3855.861,5625.466,5919.844,5848.619,5550.176
429.4,0.000,0.000,2645.251,1955.278,1978.865,1982.012,1900.097,2028.784,1863.487,2114.184,2348.630,2403.059,2203.502,2048.624,2256.626,2299.437,2736.406,3104.106,2875.674,3346.545,3229.953,3042.812,3034.570,3227.232,3097.431,3150.008,3167.765,2728.028,2960.522,2899.957,2737.747,2738.041,2882.037,2933.167,3878.787,4331.118,4096.510,4118.899
445.1,0.000,0.000,1588.768,1155.937,1092.759,1130.912,937.300,1118.991,1298.107,1277.854,1402.565,1525.567,1364.070,1266.789,1257.543,1445.467,1809.921,2062.611,1898.562,2161.686,2045.899,1965.113,2088.038,2107.463,2263.393,2208.516,2127.525,2047.170,1926.984,2018.099,1843.083,1891.278,2008.074,2058.050,2835.305,2999.758,3040.971,2783.237
461.4,0.000,0.000,811.617,664.137,604.301,623.253,574.923,688.145,625.833,804.333,855.865,923.403,786.324,813.421,767.379,873.799,1164.734,1344.724,1153.962,1389.260,1345.086,1362.125,1429.164,1496.369,1368.836,1424.343,1423.995,1299.418,1477.498,1402.239,1390.007,1346.824,1421.422,1440.129,1952.262,2071.387,2035.576,2023.251
478.3,0.000,0.000,465.316,358.836,338.113,353.537,312.937,360.970,453.549,426.202,475.828,572.683,546.335,514.892,454.145,566.564,787.911,863.603,722.950,1058.384,911.453,840.774,943.713,936.102,966.375,984.325,946.552,1079.761,940.206,937.301,825.862,898.320,924.355,959.017,1324.011,1449.463,1464.904,1459.930
495.8,0.000,0.000,277.156,230.685,179.427,176.903,235.408,211.406,195.500,256.723,291.195,286.522,276.344,299.375,267.367,288.759,445.784,577.283,457.097,572.787,564.256,532.228,648.604,583.004,535.534,573.085,652.627,605.834,529.559,604.213,531.601,544.213,650.546,681.506,854.238,991.883,1021.645,1024.373
514.0,0.000,0.000,168.946,134.511,104.068,97.383,81.992,130.177,143.302,160.758,178.264,171.457,151.306,143.185,176.556,175.482,296.909,334.914,226.869,399.062,397.446,333.975,271.868,428.512,322.214,348.908,360.652,397.546,439.078,355.699,404.290,343.401,395.818,440.287,515.685,571.946,712.535,602.009
532.8,0.000,0.000,86.245,96.291,45.585,99.209,69.750,75.186,88.331,90.623,82.463,88.105,93.984,125.498,99.216,98.201,171.191,163.217,152.406,199.291,208.770,224.718,240.149,192.491,243.191,232.351,251.716,230.948,243.272,264.705,241.094,221.511,276.542,249.582,384.027,456.695,371.750,409.335
552.3,0.000,0.000,90.511,36.792,52.052,53.713,68.732,44.462,32.854,64.072,48.856,50.508,48.001,49.594,55.536,69.288,76.824,108.678,86.469,123.545,173.198,126.138,131.818,141.985,129.323,187.787,136.071,145.909,161.297,127.122,158.028,169.521,137.938,181.578,246.350,237.567,315.193,275.480
572.5,0.000,0.000,65.718,62.540,45.357,26.659,22.297,20.383,27.407,20.960,40.390,39.407,13.594,21.290,41.894,44.479,64.414,51.109,61.130,76.773,79.308,97.045,72.063,84.908,78.666,122.101,94.685,78.493,87.812,106.375,64.415,98.956,88.731,90.626,158.470,161.180,173.347,154.462
593.5,0.000,0.000,52.265,22.887,22.975,23.860,12.907,38.043,12.340,12.134,26.531,391.962,19.282,18.873,42.443,39.762,46.416,42.912,34.300,48.778,47.456,64.699,42.724,54.740,38.152,45.655,43.267,60.720,63.299,72.642,61.784,77.295,52.437,58.566,90.214,134.029,122.342,105.956
615.3,0.000,0.000,66.655,33.358,20.092,18.022,16.462,16.172,15.737,7.314,15.038,56.185,25.294,22.007,16.239,13.523,10.726,13.418,13.460,26.595,42.922,25.207,26.495,31.914,41.858,28.442,28.564,0.000,0.000,0.000,0.000,0.000,0.000,0.000,0.000,56.478,36.796,82.669
637.8,0.000,0.000,91.848,37.454,20.508,23.790,30.244,29.712,9.638,14.649,18.420,9.055,17.212,0.000,0.000,0.000,0.000,0.000,0.000,0.000,0.000,0.000,0.000,0.000,0.000,0.000,0.000,0.000,0.000,0.000,0.000,0.000,0.000,0.000,0.000,60.143,28.943,31.554
661.2,0.000,0.000,48.287,24.166,13.863,24.120,30.664,23.431,13.030,9.609,21.789,12.242,0.000,0.000,0.000,0.000,0.000,0.000,0.000,0.000,0.000,0.000,0.000,0.000,0.000,0.000,0.000,0.000,0.000,0.000,0.000,0.000,0.000,0.000,0.000,0.000,0.000,0.000
685.4,0.000,0.000,31.709,21.159,7.080,28.158,24.363,12.066,33.275,0.000,0.000,0.000,0.000,0.000,0.000,0.000,0.000,0.000,0.000,0.000,0.000,0.000,0.000,0.000,0.000,0.000,0.000,0.000,0.000,0.000,0.000,0.000,0.000,0.000,0.000,0.000,0.000,0.000
710.5,0.000,0.000,15.245,10.732,25.138,0.000,0.000,0.000,0.000,0.000,0.000,0.000,0.000,0.000,0.000,0.000,0.000,0.000,0.000,0.000,0.000,0.000,0.000,0.000,0.000,0.000,0.000,0.000,0.000,0.000,0.000,0.000,0.000,0.000,0.000,0.000,0.000,0.000
Scan Time (s),155,155,155,155,155,155,155,155,155,155,155,155,155,155,155,155,155,155,155,155,155,155,155,155,155,155,155,155,155,155,155,155,155,155,155,155,155,155
Retrace Time (s),4,4,4,4,4,4,4,4,4,4,4,4,4,4,4,4,4,4,4,4,4,4,4,4,4,4,4,4,4,4,4,4,4,4,4,4,4,4
Scan Resolution (Hz),50,50,50,50,50,50,50,50,50,50,50,50,50,50,50,50,50,50,50,50,50,50,50,50,50,50,50,50,50,50,50,50,50,50,50,50,50,50
Scans Per Sample,1,1,1,1,1,1,1,1,1,1,1,1,1,1,1,1,1,1,1,1,1,1,1,1,1,1,1,1,1,1,1,1,1,1,1,1,1,1
Sheath Flow (L/min),3.000,3.000,3.000,3.000,3.000,3.000,3.000,3.000,3.000,3.000,3.000,3.000,3.000,3.000,3.000,3.000,3.000,3.000,3.000,3.000,3.000,3.000,3.000,3.000,3.000,3.000,3.000,3.000,3.000,3.000,3.000,3.000,3.000,3.000,3.000,3.000,3.000,3.000
Aerosol Flow (L/min),1.07,1.07,1.07,1.07,1.06,1.07,1.08,1.10,1.13,1.15,1.18,1.20,1.26,1.29,1.31,1.31,1.32,1.32,1.32,1.33,1.32,1.33,1.34,1.33,1.35,1.36,1.37,1.37,1.37,1.38,1.39,1.39,1.39,1.40,1.38,1.26,1.25,1.25
Bypass Flow (L/min),0.00,0.00,0.00,0.00,0.00,0.00,0.00,0.00,0.00,0.00,0.00,0.00,0.00,0.00,0.00,0.00,0.00,0.00,0.00,0.00,0.00,0.00,0.00,0.00,0.00,0.00,0.00,0.00,0.00,0.00,0.00,0.00,0.00,0.00,0.00,0.00,0.00,0.00
Low Voltage (V),11.11,11.11,11.11,11.11,11.11,11.10,11.09,11.10,11.09,11.09,11.09,11.08,11.06,11.07,11.07,11.08,11.08,11.08,11.08,11.06,11.08,11.07,11.07,11.07,11.06,11.06,11.06,11.07,11.07,11.05,11.06,11.06,11.06,11.06,11.06,11.13,11.09,11.09
High Voltage (V),9226.08,9226.97,9226.68,9226.97,9227.27,9228.47,9222.74,9219.17,9211.23,9200.15,9192.34,9180.62,9170.31,9149.39,9139.80,9135.82,9135.56,9132.67,9132.93,9131.61,9129.80,9131.35,9129.78,9126.13,9125.05,9121.94,9121.19,9118.36,9116.32,9114.19,9111.65,9109.58,9108.31,9107.81,9106.80,9120.37,9153.38,9153.15
Lower Size (nm), 16.0, 16.0, 16.0, 16.0, 16.0, 16.0, 16.0, 16.0, 16.0, 16.0, 16.0, 16.0, 16.0, 16.0, 16.0, 16.0, 16.0, 16.0, 16.0, 16.0, 16.0, 16.0, 16.0, 16.0, 16.0, 16.0, 16.0, 16.0, 16.0, 16.0, 16.0, 16.0, 16.0, 16.0, 16.0, 16.0, 16.0, 16.0
Upper Size (nm),723.4,723.4,723.4,723.4,723.4,723.4,723.4,723.4,723.4,723.4,723.4,723.4,723.4,723.4,723.4,723.4,723.4,723.4,723.4,723.4,723.4,723.4,723.4,723.4,723.4,723.4,723.4,723.4,723.4,723.4,723.4,723.4,723.4,723.4,723.4,723.4,723.4,723.4
Density (g/cm³),1.0,1.0,1.0,1.0,1.0,1.0,1.0,1.0,1.0,1.0,1.0,1.0,1.0,1.0,1.0,1.0,1.0,1.0,1.0,1.0,1.0,1.0,1.0,1.0,1.0,1.0,1.0,1.0,1.0,1.0,1.0,1.0,1.0,1.0,1.0,1.0,1.0,1.0
td + 0.5 (s),1.53,1.53,1.53,1.53,1.53,1.53,1.53,1.53,1.53,1.53,1.53,1.53,1.53,1.53,1.53,1.53,1.53,1.53,1.53,1.53,1.53,1.53,1.53,1.53,1.53,1.53,1.53,1.53,1.53,1.53,1.53,1.53,1.53,1.53,1.53,1.53,1.53,1.53
tf (s),6.10,6.10,6.10,6.10,6.11,6.10,6.08,6.05,6.01,5.98,5.94,5.91,5.82,5.79,5.76,5.76,5.74,5.74,5.75,5.73,5.75,5.74,5.72,5.73,5.71,5.70,5.68,5.67,5.68,5.66,5.66,5.65,5.65,5.65,5.66,5.83,5.84,5.84
D50 (nm),698.1,697.8,698.1,698.5,700.0,697.8,693.2,686.4,675.9,669.5,658.7,652.3,633.7,625.9,620.0,619.8,616.8,617.1,618.2,613.8,617.9,616.2,612.5,613.8,610.5,608.2,605.4,603.4,603.7,601.0,600.5,599.2,598.8,597.8,601.0,635.3,636.8,637.6
Neutralizer Status,ON,ON,ON,ON,ON,ON,ON,ON,ON,ON,ON,ON,ON,ON,ON,ON,ON,ON,ON,ON,ON,ON,ON,ON,ON,ON,ON,ON,ON,ON,ON,ON,ON,ON,ON,ON,ON,ON
Median (nm),100.950,124.927,140.852,146.658,151.949,155.510,158.559,161.876,163.706,166.409,168.820,171.116,172.013,172.623,173.324,175.153,181.372,181.475,181.101,184.770,186.330,185.963,186.818,187.853,188.846,190.220,190.358,191.430,192.066,192.717,192.733,193.962,195.283,196.097,197.876,197.697,198.509,198.657
Mean (nm),117.215,148.220,143.001,149.117,155.186,159.471,162.720,166.283,168.575,171.239,173.969,176.414,177.323,178.105,179.134,181.519,187.053,187.860,187.423,191.176,192.449,192.541,193.442,194.652,195.688,197.290,197.364,198.379,199.157,199.853,200.095,201.363,202.732,203.821,205.240,205.783,206.232,206.648
Geo. Mean (nm),103.802,118.768,126.391,132.244,140.392,145.711,149.611,153.435,156.051,158.832,161.615,164.155,165.192,165.975,167.107,169.236,174.707,175.444,175.047,178.644,179.891,180.088,180.995,182.146,183.138,184.752,184.855,185.793,186.537,187.189,187.450,188.715,189.882,190.953,191.460,192.691,193.098,193.581
Mode (nm),194.564,39.954,151.247,168.485,162.531,168.485,174.658,174.658,174.658,181.056,174.658,181.056,187.688,181.056,187.688,187.688,194.564,194.564,194.564,187.688,194.564,187.688,187.688,201.691,201.691,201.691,194.564,194.564,201.691,209.080,201.691,201.691,201.691,201.691,209.080,201.691,209.080,209.080
Geo. Std. Dev.,1.660,2.010,1.703,1.715,1.622,1.573,1.543,1.526,1.510,1.501,1.494,1.486,1.480,1.478,1.473,1.474,1.469,1.467,1.467,1.466,1.464,1.461,1.459,1.459,1.458,1.455,1.454,1.455,1.454,1.453,1.453,1.451,1.454,1.453,1.481,1.455,1.455,1.453
Total Conc. (#/cm³),2.526813e-001,2.620430e-001,5.124641e+005,3.165814e+005,2.549381e+005,2.166524e+005,1.878233e+005,1.651198e+005,1.426046e+005,1.272983e+005,1.125451e+005,1.011817e+005,8.631633e+004,7.463667e+004,6.667307e+004,6.307293e+004,6.088449e+004,5.848046e+004,5.283872e+004,5.057804e+004,4.945307e+004,4.515789e+004,4.226189e+004,3.985860e+004,3.745706e+004,3.532771e+004,3.307400e+004,3.108351e+004,2.905094e+004,2.744202e+004,2.579220e+004,2.420009e+004,2.323179e+004,2.230572e+004,2.819687e+004,2.939929e+004,2.799878e+004,2.664051e+004
Title,,,,,,,,,,,,,,,,,,,,,,,,,,,,,,,,,,,,,,
User Name,VANCELAB,VANCELAB,VANCELAB,VANCELAB,VANCELAB,VANCELAB,VANCELAB,VANCELAB,VANCELAB,VANCELAB,VANCELAB,VANCELAB,VANCELAB,VANCELAB,VANCELAB,VANCELAB,VANCELAB,VANCELAB,VANCELAB,VANCELAB,VANCELAB,VANCELAB,VANCELAB,VANCELAB,VANCELAB,VANCELAB,VANCELAB,VANCELAB,VANCELAB,VANCELAB,VANCELAB,VANCELAB,VANCELAB,VANCELAB,VANCELAB,VANCELAB,VANCELAB,VANCELAB
Sample ID,,,,,,,,,,,,,,,,,,,,,,,,,,,,,,,,,,,,,,
Instrument ID,,,,,,,,,,,,,,,,,,,,,,,,,,,,,,,,,,,,,,
Lab ID,,,,,,,,,,,,,,,,,,,,,,,,,,,,,,,,,,,,,,
Leak Test and Leakage Rate,,,,,,,,,,,,,,,,,,,,,,,,,,,,,,,,,,,,,,
Instrument Errors,Normal Scan,Normal Scan,Normal Scan,Normal Scan,Normal Scan,Normal Scan,Normal Scan,Normal Scan,Normal Scan,Normal Scan,Normal Scan,Normal Scan,Normal Scan,Normal Scan,Normal Scan,Normal Scan,Normal Scan,Normal Scan,Normal Scan,Normal Scan,Normal Scan,Normal Scan,Normal Scan,Normal Scan,Normal Scan,Normal Scan,Normal Scan,Normal Scan,Normal Scan,Normal Scan,Normal Scan,Normal Scan,Normal Scan,Normal Scan,Normal Scan,Normal Scan,Normal Scan,Normal Scan
Comment,,,,,,,,,,,,,,,,,,,,,,,,,,,,,,,,,,,,,,
