Sample File,C:\Users\vancelab\Desktop\Chamber\Raw data\Chamber_Water_SMPS_FreshSmoke_MRH_20230602_comparison_nodryer.S80
Classifier Model,3080
DMA Model,3081
DMA Inner Radius(cm),0.00937
DMA Outer Radius(cm),0.01961
DMA Characteristic Length(cm),0.44369
CPC Model,3788 High Flow
Reference Gas Viscosity (Pa*s),1.83245e-005
Reference Mean Free Path (m),6.73e-008
Reference Gas Temperature (K),296.15
Reference Gas Pressure (kPa),101.3
Channels/Decade,64
Multiple Charge Correction,TRUE
Nanoparticle Aggregate Mobility Analysis,FALSE
Diffusion Correction,TRUE
Gas Density,0.0012
Units,dw/dlogDp
Weight,Number
Sample #,1,2,3,4
Date,06/02/23,06/02/23,06/02/23,06/02/23
Start Time,12:08:00,12:11:00,12:14:00,12:17:00
Diameter Midpoint
 16.3,0,0,0,0
 16.8,0,0,0,29.2112
 17.5,0,0,0,0
 18.1,0,25.913,25.913,51.3619
 18.8,0,48.5861,0,0.435075
 19.5,22.9342,22.9342,8.70089,22.9342
 20.2,43.3411,0,56.7901,65.0116
 20.9,64.0512,91.2404,31.7122,0
 21.7,126.233,42.095,42.9382,10.4369
 22.5,162.903,34.0123,16.3189,75.6805
 23.3,151.623,109.185,121.53,130.489
 24.1,303.811,168.236,139.157,96.2471
 25.0,273.29,292.385,252.195,185.331
 25.9,399.724,369.399,171.906,277.635
 26.9,414.314,437.588,287.19,350.164
 27.9,606.303,397.472,349.385,300.163
 28.9,563.305,671.693,589.601,396.471
 30.0,967.789,903.911,746.515,543.192
 31.1,1045.42,1108.06,1053.86,614.378
 32.2,1268.97,1285,1240.38,972.778
 33.4,1829.22,1658.02,1539.26,1480.31
 34.6,1775.21,1721.39,1597.65,1731.49
 35.9,2694.93,1951.5,2035.7,2010.06
 37.2,3108,2542.8,2828.84,2582.3
 38.5,3242.15,3199.18,2854.88,2450.1
 40.0,4366.21,3851.58,3839.33,3364.25
 41.4,4637.42,4812.93,4306.19,3987.11
 42.9,5698.12,5079.75,4747.16,4728.07
 44.5,7003.08,6042.25,5808.02,5743.91
 46.1,8530.83,7214.96,7327.26,6880.28
 47.8,9366.94,8359.09,7782.82,7310.14
 49.6,10349.7,10303.1,9519.14,8940.03
 51.4,12565.1,12167.3,10717.4,10288.8
 53.3,14413.9,14605.7,12693.5,12078
 55.2,17211.6,15843.8,14721.5,13858.6
 57.3,18904.6,17877.5,16766.1,15161
 59.4,21664.4,20440.6,18972.4,18022.8
 61.5,24667.8,23349.6,22063.6,20078.1
 63.8,27805.9,26091,24520.9,22831.7
 66.1,29651.6,29445.9,28381.8,25583.2
 68.5,35138.2,33028.3,31470.5,29231.5
 71.0,37743.8,35364.5,32821.4,30215.4
 73.7,38846.9,37529.6,36313.1,33702.4
 76.4,42403.6,39685.3,38978.3,36018.2
 79.1,47885.8,43918.5,43722,39521
 82.0,52955.4,49520.5,46096,42873.9
 85.1,53926.8,51452.2,50375.6,46867.9
 88.2,60099.3,55272.4,54569.9,50583.6
 91.4,63527.9,60776.3,56974.2,54268.2
 94.7,70448,65728.3,61881.6,59669.3
 98.2,73534.6,68849.6,65397.9,61258.1
101.8,76228,74026.4,67225.4,64755.9
105.5,81202,75778.4,72373,68776.1
109.4,86228.4,81197.4,74978.3,70498
113.4,88068.8,83720.1,76828.6,74453.4
117.6,89469.9,85673.9,80743.1,74871
121.9,92103.7,88448.4,81931.6,79000.3
126.3,95793.3,91151.3,82950.7,79896.7
131.0,95945.4,92699.5,85382.1,81330.3
135.8,98293.7,92896.3,86720.3,83117.9
140.7,98098.8,93484.5,86681.3,83516.5
145.9,98356.7,92986.3,86866.2,81499.4
151.2,96779.2,90916.8,84789.9,81035.4
156.8,94814.7,90193.4,84396.2,79845.8
162.5,91978.9,87416,81440.3,77834.4
168.5,89472.8,83944.2,79772.2,76401.1
174.7,85088.7,79940.4,76167.1,71723.8
181.1,79876.2,76233.8,72301.8,68264.1
187.7,76033.2,70787.8,68459.6,63057.4
194.6,70093.1,66254.3,63597.7,59137.1
201.7,63575,61191,57415.3,54450.9
209.1,58693.1,54120.5,51517.1,47923.4
216.7,52519.7,48971.8,46375.3,43726.9
224.7,45275.8,43464.5,40650.6,38532.7
232.9,39907.8,36588,35384.8,33860
241.4,33802,32129.4,30065.9,28361.5
250.3,29006,27162.6,26123.1,23698.8
259.5,24448.3,22416.7,21391.9,20219.1
269.0,19881.7,17914.3,17590.3,16020.3
278.8,15638.4,15325.6,13738.6,13525.4
289.0,12046.9,12310,10916.4,10265.7
299.6,9779.31,8956.83,8497.59,7989.19
310.6,7209.51,6834.83,6466.35,6028.4
322.0,5160.72,5188.19,4621.12,4067.85
333.8,4090.79,3978.71,3548.51,3274.94
346.0,2687.44,2476.5,2381.6,2363.29
358.7,1954.8,1858.22,1683.91,1906.22
371.8,1335.63,1172.66,1045.64,1066.79
385.4,889.232,825.704,668.006,790.611
399.5,600.061,580.218,430.115,509.06
414.2,324.407,414.353,393.995,355.692
429.4,212.67,193.972,213.198,266.97
445.1,133.389,134.578,222.858,96.1473
461.4,63.0344,83.5848,97.615,53.146
478.3,31.0209,46.5313,67.6382,48.8683
495.8,23.5874,17.1301,29.5505,31.4499
514.0,48.184,38.7181,30.6874,24.092
532.8,16.2922,3.17177,16.2922,16.2922
552.3,24.7952,21.5771,23.9595,0
572.5,8.45177,8.45177,0.854615,0
593.5,0,0,0,6.31898
615.3,0,0,0,0
637.8,0,0,0,0
661.2,0,0,0,0
685.4,0,0,0,0
710.5,0,0,0,0
Scan Up Time(s),155,155,155,155
Retrace Time(s),10,10,10,10
Down Scan First,FALSE,FALSE,FALSE,FALSE
Scans Per Sample,1,1,1,1
Impactor Type(cm),0.071,0.071,0.071,0.071
Sheath Flow(lpm),3,3,3,3
Aerosol Flow(lpm),1.5,1.5,1.5,1.5
CPC Inlet Flow(lpm),1.5,1.5,1.5,1.5
CPC Sample Flow(lpm),0.3,0.3,0.3,0.3
Low Voltage,14.0228,14.0228,14.0228,14.0228
High Voltage,9507.79,9507.79,9507.79,9507.79
Lower Size(nm),15.9634,15.9634,15.9634,15.9634
Upper Size(nm),723.394,723.394,723.394,723.394
Density(g/cc),1,1,1,1
Title,,,,
Status Flag,Conditioner Temperature Error ,Conditioner Temperature Error ,Conditioner Temperature Error ,Conditioner Temperature Error 
td(s),0.286,0.286,0.286,0.286
tf(s),5.51527,5.51527,5.51527,5.51527
D50(nm),593.091,593.091,593.091,593.091
Median(nm),130.692,130.656,130.714,130.879
Mean(nm),138.238,138.254,138.263,138.412
Geo. Mean(nm),126.722,126.791,126.776,127.007
Mode(nm),145.902,140.746,145.902,140.746
Geo. Std. Dev.,1.53446,1.53238,1.53292,1.52996
Total Concentration(#/cm³),45714.4,43216.7,40655.8,38374
Comment,,,,
