Sample File,C:\Users\VanceLab\Desktop\CASA_InLab_Sp23\Chamber\Chamber_Butanol_SMPS_FreshSmoke_MRH_20230506_nodryercomparison.S82,
AIM Version,10.3.1.0
Classifier Model,3082       ,Classifier S/N,3082021905001   ,Classifier Firmware Version,2.60
Neutralizer Model,3088,Neutralizer S/N,3088011906004
Impactor (cm),0.071,Impactor S/N,7100764
DMA Model,3081,DMA S/N,3081A1903007
DMA Inner Radius (cm),0.937
DMA Outer Radius (cm),1.961
DMA Characteristic Length (cm),44.369
HV Polarity,NEG,
Detector Model,3750,Detector S/N,3750190603,Nano Enhancer , None
Detector Sample Flow (L/min),1.00,Detector Inlet Flow (L/min),1.00
Reference Gas Viscosity (Pa*s),1.832450e-005
Reference Mean Free Path (m),6.730000e-008
Reference Gas Temperature (K),296.15
Reference Gas Pressure (kPa),101.30
Sutherland Constant (K),110.40
Tube Length (cm),25.40
Tube Diameter (cm),0.48
Channels/Decade,64
Multiple Charge Correction,TRUE
Nanoparticle Agglomerate Mobility Analysis,FALSE
Diffusion Correction,TRUE
Units,dw/dlogDp
Weight,Number
Sample #,1,2,3
Date,5/6/2023,5/6/2023,5/6/2023
Start Time,17:00:00,17:03:00,17:06:00
Sample Temp (C),22.2,22.3,22.4
Sample Pressure (kPa),80.1,80.1,80.2
Relative Humidity (%),16.2,22.5,27.7
Mean Free Path (m),8.48199e-008,8.48565e-008,8.47872e-008
Gas Viscosity (Pa*s),1.82863e-005,1.82911e-005,1.82958e-005
Diameter Midpoint (nm)
 16.3,0.000,1321.446,1205.415
 16.8,0.000,664.770,602.713
 17.5,11.362,328.702,236.717
 18.1,0.000,117.631,97.197
 18.8,10.037,30.185,29.817
 19.5,9.466,47.450,28.593
 20.2,8.929,0.000,35.963
 20.9,26.240,3.400,4.513
 21.7,22.065,22.836,23.768
 22.5,62.593,26.021,27.782
 23.3,17.669,61.593,21.527
 24.1,91.762,38.894,74.162
 25.0,117.246,85.295,27.396
 25.9,99.061,95.606,71.249
 26.9,201.617,143.727,184.880
 27.9,215.896,160.661,170.325
 28.9,265.063,244.998,257.704
 30.0,532.323,363.662,285.601
 31.1,570.146,541.806,498.489
 32.2,676.556,616.790,531.086
 33.4,848.561,807.141,678.596
 34.6,1108.866,949.208,791.956
 35.9,1150.747,1221.604,1058.313
 37.2,1794.809,1396.640,1175.770
 38.5,1931.296,1737.249,1409.293
 40.0,2501.313,2183.541,1846.086
 41.4,3052.520,2744.329,2155.621
 42.9,3484.640,3324.014,2465.839
 44.5,3868.230,3635.082,2945.777
 46.1,4613.843,3728.716,3805.777
 47.8,5603.552,5216.481,4626.375
 49.6,7510.075,6298.238,6211.559
 51.4,8499.451,8289.748,7415.837
 53.3,10238.424,9729.793,9081.446
 55.2,11530.918,11387.536,10192.025
 57.3,13342.897,13414.465,12139.074
 59.4,15724.328,15472.439,14564.411
 61.5,18400.212,16900.105,16835.514
 63.8,21897.479,20520.764,19582.924
 66.1,24311.815,23569.181,22302.394
 68.5,27599.028,27057.708,26682.886
 71.0,28450.446,26125.591,25976.695
 73.7,27276.615,26688.317,26450.738
 76.4,31561.390,30076.985,28897.258
 79.1,34825.979,31707.303,32151.226
 82.0,39395.567,34510.695,35075.613
 85.1,44829.015,39866.201,39909.412
 88.2,47999.463,45338.857,42747.810
 91.4,55134.106,50547.570,48599.826
 94.7,59865.252,57796.969,52612.769
 98.2,68167.408,62812.611,59170.227
101.8,75260.875,70609.398,66079.542
105.5,81552.521,80036.741,75007.671
109.4,90707.430,86108.017,82074.329
113.4,98290.766,93824.048,90404.576
117.6,105278.667,104310.225,99142.163
121.9,117881.743,112617.569,111818.120
126.3,127050.020,122067.473,121457.158
131.0,136319.717,133750.664,130987.371
135.8,147320.375,141383.158,139050.591
140.7,159912.836,152965.868,150305.344
145.9,167335.042,162126.823,160686.041
151.2,177703.260,170983.083,165764.121
156.8,185294.183,179955.855,173497.676
162.5,192780.310,184571.430,181662.960
168.5,198500.864,190659.235,186865.253
174.7,204462.913,195738.794,189715.378
181.1,206139.030,199771.025,193565.607
187.7,206176.546,199342.362,192285.201
194.6,206008.914,199102.434,190877.104
201.7,201809.781,196112.373,189483.286
209.1,195930.078,190099.901,185438.827
216.7,186297.260,182438.531,178490.494
224.7,177499.571,172324.477,169142.066
232.9,165946.675,159970.717,157508.019
241.4,152639.747,150328.486,147277.310
250.3,136690.318,134942.521,133192.057
259.5,123083.243,119053.689,119100.090
269.0,107982.076,103465.864,103121.230
278.8,92459.216,89167.244,88661.754
289.0,78315.284,75786.403,75796.893
299.6,62630.693,62211.209,62048.398
310.6,49881.717,50904.468,49963.369
322.0,39023.649,38600.674,38946.703
333.8,29804.098,29539.103,30075.741
346.0,22127.328,21727.123,21719.230
358.7,15815.011,15059.960,15458.634
371.8,11013.929,10267.002,10746.158
385.4,7543.835,7092.130,7246.160
399.5,4660.090,4447.976,4507.966
414.2,2910.879,2681.766,2705.246
429.4,1744.292,1640.677,1757.285
445.1,1025.827,900.281,1059.373
461.4,522.005,526.472,496.510
478.3,240.108,248.614,267.230
495.8,115.594,130.321,156.364
514.0,71.781,63.801,79.613
532.8,45.447,40.391,47.310
552.3,27.385,37.733,13.776
572.5,13.960,13.989,21.067
593.5,35.356,7.085,21.342
615.3,21.643,14.458,14.516
637.8,18.409,3.690,14.816
661.2,3.733,14.962,11.267
685.4,0.000,7.642,7.673
710.5,15.472,3.877,3.891
Scan Time (s),155,155,155
Retrace Time (s),4,4,4
Scan Resolution (Hz),50,50,50
Scans Per Sample,1,1,1
Sheath Flow (L/min),3.000,3.000,3.000
Aerosol Flow (L/min),0.994,0.993,0.991
Bypass Flow (L/min),0.00,0.00,0.00
Low Voltage (V),10.98,10.97,10.98
High Voltage (V),9220.65,9227.18,9231.46
Lower Size (nm), 16.0, 16.0, 16.0
Upper Size (nm),723.4,723.4,723.4
Density (g/cm³),1.0,1.0,1.0
td + 0.5 (s),1.53,1.53,1.53
tf (s),6.21,6.22,6.22
D50 (nm),725.4,725.9,726.9
Neutralizer Status,ON,ON,ON
Median (nm),171.573,172.180,172.603
Mean (nm),176.416,176.990,177.753
Geo. Mean (nm),163.678,164.232,165.016
Mode (nm),187.688,181.056,181.056
Geo. Std. Dev.,1.497,1.498,1.496
Total Conc. (#/cm³),8.408434e+004,8.109016e+004,7.905972e+004
Title,,,
User Name,VANCELAB,VANCELAB,VANCELAB
Sample ID,,,
Instrument ID,,,
Lab ID,,,
Leak Test and Leakage Rate,,,
Instrument Errors,Normal Scan,Normal Scan,Normal Scan
Comment,,,
