Sample File,C:\Users\vancelab\Desktop\Chamber\Raw data\Chamber_Water_SMPS_AgedSmoke_MRH_20230519_dryerNodryer.S80
Classifier Model,3071
DMA Model,3081
DMA Inner Radius(cm),0.00937
DMA Outer Radius(cm),0.01961
DMA Characteristic Length(cm),0.44369
CPC Model,3788 High Flow
Reference Gas Viscosity (Pa*s),1.83245e-005
Reference Mean Free Path (m),6.73e-008
Reference Gas Temperature (K),296.15
Reference Gas Pressure (kPa),101.3
Channels/Decade,64
Multiple Charge Correction,TRUE
Nanoparticle Aggregate Mobility Analysis,FALSE
Diffusion Correction,TRUE
Gas Density,0.0012
Units,dw/dlogDp
Weight,Number
Sample #,1,2,3,4,5,6,7,8,9,10,11,12,13,14,15,16,17,18,19,20,21,22,23,24,25,26,27,28,29,30,31,32,33
Date,05/19/23,05/19/23,05/19/23,05/19/23,05/19/23,05/19/23,05/19/23,05/19/23,05/19/23,05/19/23,05/19/23,05/19/23,05/19/23,05/19/23,05/19/23,05/19/23,05/19/23,05/19/23,05/19/23,05/19/23,05/19/23,05/19/23,05/19/23,05/19/23,05/19/23,05/19/23,05/19/23,05/19/23,05/19/23,05/19/23,05/19/23,05/19/23,05/19/23
Start Time,11:50:00,11:53:00,11:56:00,11:59:00,12:02:00,12:05:00,12:08:00,12:11:00,12:14:00,12:17:00,12:20:00,12:23:00,12:26:00,12:29:00,12:32:00,12:35:00,12:38:00,12:41:00,12:44:00,12:47:00,12:50:00,12:53:00,12:56:00,12:59:00,13:02:00,13:05:00,13:08:00,13:11:00,13:14:00,13:17:00,13:20:00,13:23:00,13:26:00
Diameter Midpoint
 16.3,0,0,31.1058,0,31.1058,63155.3,17375.7,7771.81,4199.85,2090.43,983.259,829.343,609.482,365.892,217.741,186.635,124.423,119.674,31.1058,155.529,31.1058,31.1058,0,31.1058,0,31.1058,31.1058,0,0,0,0,0,0
 16.8,0,0,29.2112,0,0,63018.5,21052.6,9225.75,4286.47,1986.31,1677,1041.91,718.115,148.524,399.172,165.482,126.486,175.267,87.6335,58.4224,0,68.064,29.2112,0,58.4224,58.4224,29.2112,58.4224,0,0,29.2112,0,0
 17.5,0,27.499,0,0,0,66798.9,23012.7,10665.6,6320.05,3958.38,2257.1,1371.43,694.979,654.517,542.712,284.201,260.454,164.994,82.4969,109.996,27.499,73.4204,0,27.499,54.998,0,0,0,0,0,27.499,0,0
 18.1,0,25.913,0,0,0,72779,25612.5,12074.4,7006.58,3925.62,2418.41,1620.35,1257.28,759.785,718.343,336.869,316.1,155.478,155.478,103.652,0,54.9897,155.478,181.391,25.913,25.913,25.913,25.913,0,25.913,0,0,3.16373
 18.8,0,0,0,0,0,74949.4,29410.2,13483.7,7771.03,5012.36,2936.92,2285.18,1316.49,931.965,640.448,457.402,340.103,412.982,145.758,97.1723,97.1723,65.747,48.5861,24.2931,20.1268,97.1723,44.4199,0,24.2931,48.5861,24.2931,0,21.3271
 19.5,45.8683,0,0,0,0,79357.4,31611.5,17024,8804.43,5740.98,4188.77,2953.86,1978.83,1768.49,952.99,773.562,677.003,333.879,252.276,183.473,172.451,187.407,103.648,80.7142,95.6699,22.9342,72.7357,68.8025,91.7367,68.8025,0,0,0
 20.2,4.20689,0,0,0,0,81781.1,34475.8,17435.7,11278.5,5701.55,4876.5,3080.47,2373.76,2019.25,977.905,1023.25,452.24,494.741,368.399,220.912,365.558,134.23,118.768,144.645,65.0116,86.6822,43.3411,65.0116,108.353,0,0,0,21.6705
 20.9,16.5161,0,0,0,0,88113.2,38894.8,19506.4,12484.5,8046.83,5290.06,3061.95,2882.92,1874.86,1382.97,1096.28,771.023,571.238,392.058,450.599,338.126,296.336,209.568,184.171,154.267,18.1744,81.8911,23.8315,41.8898,46.8085,25.6682,0,10.8075
 21.7,0,0,0,0,0,89270.7,37688.3,21261.6,12973.6,9144.84,6468.71,4212.97,3296.61,2519.57,2056.16,1145.42,884.578,842.513,657.333,392.531,237.835,393.979,208.892,150.026,194.754,188.627,68.3368,52.1372,47.9918,76.7254,75.8462,20.998,43.6171
 22.5,0,0,0,0,18.4385,93983.7,40491.8,22844.1,15320.8,10223.3,7178.91,4863.68,4315.89,3086.8,1893.06,1578.03,1225.56,981.371,785.196,602.69,318.065,431.765,249.355,198.277,190.613,168.751,123.354,113.605,106.391,92.0547,26.1262,178.497,109.375
 23.3,0,0,0,0,0,91905.8,42908.4,24937,17724.3,11058.3,8360.64,5746.86,4310.32,3417.61,2395.47,2073.91,1906.7,1327.81,928.258,832.389,645.013,648.67,319.592,491.921,224.603,351.69,147.244,239.229,172.692,175.111,129.959,51.6079,88.1501
 24.1,0,0,0,0,0,92818.8,45501.1,27441.2,18915.5,14127.2,9724.18,7710.2,5417.96,3663.39,3133.3,2588.42,2425.44,1790.51,1295.07,940.094,598.606,823.957,527.521,522.677,436.735,229.578,264.658,412.955,253.702,216.376,96.0733,82.0829,141.9
 25.0,0,0,0,0,0,90621.4,51238.1,30240.4,21277.9,15147.1,10515.7,8652,6785.65,4671.17,3890.74,2756.57,2212.42,1636.52,1446,1590.4,934.217,872.122,716.884,543.07,513.017,376.564,370.691,458.406,268.671,292.137,278.554,175.905,228.972
 25.9,30.2691,0,0,0,0,92760.9,54418.5,34721.7,23100.5,16626.7,12959.9,9338.63,7903.68,5967.6,4758.43,3601.53,2615.49,2527.56,1826.45,1724.13,1158.11,1217.5,923.067,669.094,629.392,764.667,449.566,594.259,417.263,384.316,367.986,323.946,282.047
 26.9,0,0,0,0,0,97346.8,58059.9,37459,24638.4,18655,14785.1,12041.2,8484.41,7270.01,5643.48,4943.05,3455.89,3280.21,2372.2,2149.63,1909.7,1727.62,1363.78,949.882,796.293,732.934,716.154,579.351,604.829,539.234,344.848,406.952,268.84
 27.9,0,0,0,0,0,102494,57373.7,38681.5,27807.2,20860.4,16447.2,12715.5,10215,8298.47,6910.64,6003.49,4512.35,3714.08,2883.8,2599.57,2301.47,1725.52,1861.16,1368.85,1167.62,1033.54,800.181,954.89,758.386,572.389,494.488,350.817,408.488
 28.9,0,0,0,0,0,106441,62606.6,41613.5,30568.3,22715.1,19251.8,15315.4,12410.2,9784.47,7903.92,6051.48,5620.95,4712.05,4011.72,3514.48,2816.99,2467.58,2020.95,2158.91,1765.32,1405.13,1232.67,1100.72,897.676,798.844,650.554,900.004,643.592
 30.0,0,12.3592,12.3114,0,0,107148,65928.3,46754.4,34768.4,26763.3,21306.5,17105,13892,11306.5,9506.71,7317.1,6338.23,5434.93,4733.6,4162.46,3485.56,3138.37,2682.6,2512.97,2185.02,1835.85,1656.22,1380.64,1576.7,1180.9,1232.85,956.109,779.497
 31.1,0,0,0,0,0,110907,70882.7,51643.4,37150,30726.7,23829.1,19186.2,16600.5,12773.1,10851.2,9027.31,8099.25,6699.95,6194.51,5445,4302.05,4212.32,3854.02,3430.93,2825.46,2372.57,1970.05,1752.37,2037.62,1395.37,1455.53,1224.25,1005.03
 32.2,11.6359,0,0,0,0,119105,76920.3,55662.2,41785.3,33827.5,26519.5,23042,18745.2,16027.2,13136.9,11602.1,9601.65,8346.7,7097.44,6162.83,5007.59,4229.86,3297.92,3864.64,3345.86,2617.17,2574.25,2175.45,2482.24,2243.74,1892.19,1468.24,1188.34
 33.4,0,0,10.626,0,0,123403,79784,61428.9,46291.6,36887.9,29747.4,24860.9,21388.3,17409.3,14813.3,11819.2,10325.6,9088.2,8162.08,7623.6,5989.2,5799.1,5408.47,3863.57,3325.68,3683.75,3372.68,2911.92,2680.01,2551.74,2047.09,1927.12,1848.51
 34.6,0,0,0,0,0,127027,86135.8,64870.3,50336.4,40570.6,35551.5,28126.5,25139.5,20645.1,17977.7,15249.2,12489.2,11102.8,9525.42,8947.1,7625.65,6622.7,5906.1,5488.66,4608.54,4790.35,3957.93,3819.07,3373.5,2772.17,2745.75,2393.21,2160.21
 35.9,9.74312,19.9675,9.87546,10.2959,0,137186,93134.3,69539.1,54400.5,46418.7,37127,31569.6,27277.5,23910.6,20447,17464.1,15367,13032,12518.2,10678,9163.81,7755.25,7089.3,6245.4,5806.81,5080.25,5379.71,4091.43,4215.36,3998.76,3329.4,3260.63,2734.76
 37.2,0,9.47548,19.1494,0,0,151725,100176,76531.2,59988.9,50894.9,43311.6,36049.9,31899.2,26402.9,22817.1,19197.1,17203,15195,13359.6,12538.2,10812.8,9076.67,8473.94,8111.85,6858.04,6600.85,6345.23,5702.62,5268.64,4610.45,4300.72,4009.85,3378.99
 38.5,0,0,0,0,947404,158379,107115,83777.1,66124.6,54289,47870.3,40581.2,34256.4,31780.2,27003.5,22361.3,20012.3,17674.8,16418.2,15196.6,13251.1,11538.9,10442.8,9732.84,8358.96,7628.63,6836.38,6804.27,6271.03,5628.89,4653.96,4488.85,3826.02
 40.0,0,0,0,0,2.91778e+006,168135,114284,89103.2,71781,62395.6,52503,47529.1,39877.2,36554,30216.7,26490,24048.5,20342.5,19340.4,16597.6,14748.9,13362.5,11916.2,11947.3,10530.3,9339.6,8608.19,8235.59,5733.41,6500.35,6354.96,6026.19,4983.47
 41.4,0,9.54864,0,0,4.33865e+006,176904,122214,97314.8,78151,68391.3,57686.4,51549.7,44751.4,40484.1,33881.5,30740.1,27204.9,24154.8,22053.7,19451.1,17469,16781,14091.3,13115.8,11707.9,10888.5,9633.07,9203.39,3670.16,7962.68,7543.64,6544.5,6828.38
 42.9,7.55492,7.00566,8.43252,0,4.81235e+006,183796,133145,106320,87183.2,75172.6,65069.7,57986.4,50224.3,44694.4,38934.8,35128.5,31952.1,27839.5,25137.8,23240.6,20278.3,18626.1,17697.5,15858.5,15014.7,13031,12834.3,11337.5,1408.22,9782.26,8980.92,7754.53,7440.88
 44.5,0,0,0,15.6456,4.6811e+006,197484,143669,115871,95006,81849.8,71720.2,64297.5,56468.1,50070.1,44290.1,39278.7,36699.2,32100.4,28365.8,26047,23975.5,22703.1,19162.4,18003.1,17253.5,15702,14226.7,13538.1,841.702,11140.3,10914.9,9802.05,8861.87
 46.1,0,0,0,5.26571,4.55004e+006,213177,156417,124200,103967,91867.6,81234.6,72261.2,62186.5,56312.8,50476.6,43256.5,39032.6,35705.9,34133.6,29476.4,27664,25802.6,23427.9,21108.3,19813.1,18781.4,17584.2,15869.4,4452.03,13847.9,12612.3,12725.3,11431.7
 47.8,5.00562,3.43847,13.6561,0,4.04433e+006,230002,169383,136420,112000,100939,88152.1,78799,70565.6,64699.8,56621.9,49880.8,46477.5,41631,38356.4,35326.6,32571.7,28455.5,27730.8,26362.9,23727.7,21663.6,19460.6,18920.1,11353.9,16546.8,16189.5,14229.6,13661.5
 49.6,0,0,0,0,3.50611e+006,251447,184460,148180,124499,111831,97034.8,88719.3,81227,73647.6,63523.3,58555.2,54607.1,47056.3,44450.4,41856.1,36970,34980.9,32992.3,29062.9,28697.9,25480.9,24377.8,22159.6,16389.2,19622.8,18803.6,17402.1,17094.7
 51.4,13.7573,12.8422,6.16778,0,2.83857e+006,263294,197147,162434,137973,125838,111028,97637,87115.6,82275.6,73526,66302.7,60634.5,55913.8,51153.8,47973.8,43622.5,41074.6,37473.9,35051.3,32676.6,29979,29358,26551.4,20803.4,23406,22202.9,20026.9,19752.7
 53.3,0,11.6632,13.8265,4.14718,2.14979e+006,277674,213552,175045,149134,135223,122424,107892,97126.2,91680,81355.1,75327.2,69001.4,63057.4,56893.1,52062.4,49395.8,46828.1,43394.1,39407.8,38174.6,34252.3,33072.5,30735,27205.3,26229.9,25208,22843.2,21833.2
 55.2,11.5809,0,13.8347,0,1.71335e+006,279770,227647,192018,162890,147510,133418,120144,110993,102471,89892.1,83725.3,76907.5,70086.6,65226.6,62137,56672.6,52551.1,49478.6,44790.8,43543.6,40356.3,37828.6,36926.6,31105.8,32954.4,29863.2,27858.9,27078.4
 57.3,9.97821,26.7679,0,0,1.41266e+006,293753,246467,208949,181818,162201,145012,134025,122250,111721,100389,94550.9,86460.2,79931.9,74215.2,70310.3,64444.5,60619.4,57554.4,51535.5,49705,45350.8,44446.9,41341.6,38174,38636,35614.8,32716.6,32113.2
 59.4,17.1942,3.74713,2.28045,10.4587,1.24769e+006,317960,262819,224648,199497,177426,160449,146493,134420,125230,112785,105518,97991.2,89882.8,84994.5,79953.7,71452.9,68550.7,64396.1,59074.3,56458.9,52955.8,50591.6,47532.7,44254.2,42731.4,41094.4,36767.7,35890.8
 61.5,15.8313,7.57518,1.47342,14.5881,1.14371e+006,339433,282858,244243,215319,193824,173504,160055,148595,135966,124363,118163,109603,100511,95274.5,87797.8,82805.4,77128.9,72343.8,67649,64685.7,59681.4,56429.2,54914.4,50057.1,47585.6,46338.2,45480.6,40986.9
 63.8,10.5205,12.4576,7.11638,7.10647,937191,362172,296919,263750,230629,210585,190989,176296,162443,150712,139521,128639,118523,111452,105540,98813.4,91807.1,85603.3,81929.7,75703.4,74338.8,67477.2,65266.6,62403.5,57502.6,55716.1,53837.3,51368.5,48621.6
 66.1,9.92023,32.0709,25.3755,22.7192,779323,377221,321447,281902,250294,228889,205514,193042,181569,166351,153822,142666,132916,124416,118963,107676,104035,96054.1,91836.8,86484.5,82297.8,77146.7,71310.9,71334.6,65297,64118.2,61226.1,56969.1,55093.8
 68.5,24.5936,37.333,26.4554,39.0254,855772,405867,340898,303174,268272,245913,227157,211222,198406,182052,168793,156230,149319,137956,134416,121380,113794,110045,104215,98113.3,92550.6,87474,83459,79916,76472.4,72496.7,67765,66132.7,61975.8
 71.0,32.0991,49.5792,15.9703,7.66618,1.00685e+006,422919,348302,303390,277927,254998,235207,219679,197865,188392,176903,161982,154798,140354,135102,128128,118089,111848,107712,102563,97707.7,89945.4,88308.1,83622,78596.7,76861,72335.9,69423.8,66261.2
 73.7,22.0021,8.20592,25.5756,55.6029,1.15996e+006,447050,366332,316206,292536,265616,244744,228663,211804,198221,188597,173622,163288,152292,145149,134958,129316,121048,114053,110714,104262,98276.7,92855.5,90863.9,86212.9,82532.5,79528.2,75084.1,71921.5
 76.4,2.31883,28.0436,0,28.7118,1.0489e+006,483836,385328,333365,309852,282351,263828,246564,227541,213843,200104,183471,180915,166227,156845,147072,139295,131310,124892,119013,113568,108315,102707,98533,94442.4,90989.2,88845.1,83334.3,78023
 79.1,14.7688,21.629,39.002,23.2909,784663,501323,400627,355877,324830,300521,279350,264413,246681,231259,217426,204767,190161,183395,170705,162207,151851,143643,136189,130167,126308,118677,115257,108739,106531,100041,97607.2,93777.4,89081.3
 82.0,24.8948,11.2904,46.8505,14.3665,477326,507114,425159,378127,344905,317739,298239,273306,260612,242363,233226,214982,204252,193711,182664,171082,163482,157541,146969,139465,136458,128329,126190,118440,113380,109222,103116,100131,96151.7
 85.1,30.9758,7.98377,12.7226,19.1608,217880,527544,439539,397809,354661,332412,314059,296018,276184,256297,245391,227075,218829,208079,199999,179714,175673,168521,157779,152026,146791,140029,136865,130064,122605,117147,114370,107866,103176
 88.2,19.0137,26.7812,39.0108,23.1566,39566.3,545622,464671,417110,373919,349452,331559,311995,289956,274998,263021,242718,233515,223303,209003,198107,187871,180948,171405,163921,157814,148264,144143,141086,133441,127605,124742,118726,113297
 91.4,30.2727,41.0919,31.4388,39.6353,0,561636,482963,423553,391709,366000,345663,324209,308100,284300,275374,257190,246837,234436,221782,210787,203646,192346,184562,178481,167484,161474,156378,148873,142417,135577,134833,125717,123940
 94.7,63.0197,44.6235,37.9261,87.1612,0,577446,497545,442511,405277,379474,360373,341038,320034,299113,285540,268662,259132,246747,235414,221433,214282,203806,198343,186855,180389,170747,168363,158371,152312,145539,141812,135684,130001
 98.2,34.0029,35.6372,21.0151,1.48956,0,600614,507369,458642,420543,390373,373333,350579,335139,312482,302900,285087,271158,258158,244938,237922,225706,217254,207914,199267,190960,180265,178900,168108,162278,156074,153360,145795,141300
101.8,55.4401,44.0077,56.6195,33.1618,79979.7,597784,521424,472441,434827,405513,385468,364143,346303,327624,313626,293776,282274,271237,254368,250316,236476,229233,215999,206937,201432,188537,186938,179280,170889,169359,160338,154297,146440
105.5,38.8125,55.3346,49.0765,52.3337,106856,601230,530364,487333,448851,417863,398846,378757,358651,336187,327320,307099,292308,280629,266976,257702,244981,239435,227894,217532,209611,201588,194730,187354,181723,173394,167473,164079,156963
109.4,39.9825,67.9564,55.8976,46.3845,117022,603446,533917,492997,453259,430074,407809,382186,370797,347896,329993,313628,303130,292865,275035,267477,255524,246906,238737,226983,216996,208747,203093,196320,190599,180959,176379,171255,162743
113.4,57.1837,75.411,110.055,74.7301,275639,602450,533687,502466,465359,438610,413171,394778,374613,358412,341560,324571,314062,298738,286730,279357,265865,258007,246023,233728,227629,219029,212758,206377,197169,191889,183840,176335,171808
117.6,79.4825,78.471,71.4853,68.7131,476057,595582,536643,502978,470511,443026,418186,392346,382407,364154,345282,328945,324995,304707,293485,284650,271000,263581,249504,241285,231510,227067,218737,211234,203240,195409,192183,180932,177581
121.9,70.9839,71.5799,73.2207,49.7706,580601,591844,532146,503902,471458,445020,421467,400763,389576,367853,355251,335379,326462,313653,295147,293656,280376,270686,258213,248263,243327,234602,227150,219020,208183,202014,197264,187402,185606
126.3,100.391,12.9492,86.8671,45.8561,705824,593365,532497,500834,469386,450276,426421,403623,390148,372306,357425,340809,329650,319181,307136,294587,283658,275079,265607,254421,245957,237481,234249,224561,216953,209117,202832,196003,189294
131.0,77.1525,69.1448,63.132,50.8014,965270,598802,527895,498034,468665,445841,418086,402751,391066,374226,356668,345883,327976,320714,305968,300657,286695,279166,269959,259106,248925,243172,238037,228491,222900,215247,204907,199670,195120
135.8,48.8915,53.3399,65.1525,55.9223,1.10394e+006,591148,521233,484719,459279,442267,418198,404728,388994,369028,353752,346508,334422,321602,307204,300202,290387,281690,270340,261561,251131,245063,244660,230034,225757,217840,210448,204503,197131
140.7,87.4669,79.1847,55.0609,59.5242,1.0611e+006,568894,507284,478291,452880,428806,410687,396809,384174,366509,355808,343851,331712,318768,308385,302111,289881,282384,269573,261846,254731,245919,239712,236434,226743,220407,213361,209836,201886
145.9,71.2173,103.759,84.9946,96.0905,955329,548876,494348,465444,443009,420389,405723,391764,377759,364272,350399,339214,326492,318438,305610,299887,289650,279388,269165,262607,256372,247937,241590,234406,227445,223054,215509,208803,202826
151.2,69.5327,49.7594,90.7543,72.1723,851198,524071,473285,444997,422436,406328,389377,376871,365765,354015,342021,329694,317600,308910,299302,292067,283071,273858,265670,257711,253894,247462,237457,231419,224910,219535,213036,204370,201342
156.8,70.8545,58.3914,58.9526,67.1999,738981,501174,450235,422629,405872,385634,373570,364158,349051,339278,329707,318207,311149,304379,292670,282871,278749,265176,262139,252545,246223,239682,235461,226393,220074,217485,212296,206497,199572
162.5,94.0132,65.9379,57.6021,75.225,628633,471097,427005,399108,385165,373582,354958,345812,332503,326385,317235,304613,299393,290212,280871,274899,267773,260768,254563,247787,242539,232588,227742,222242,217273,211710,205597,199936,192792
168.5,71.7198,29.7547,41.1727,68.0036,545499,434272,398654,373251,364961,349968,338197,327352,315363,309505,301927,289840,283958,276961,264003,261551,253764,248436,242526,238036,233384,224464,220166,213499,208098,203730,196610,193766,188397
174.7,57.8636,60.4224,40.373,15.0014,502082,397035,365892,344639,337792,326501,316721,308076,298925,291881,282642,275268,270068,264478,253484,249676,243403,238282,229826,225900,221564,213518,210356,204260,200173,195286,188372,188184,181723
181.1,80.4958,60.3509,52.6539,61.4666,471531,358841,335803,316611,307304,297733,291045,284523,274225,268259,263560,257315,251315,245466,237302,232717,226993,220870,217288,211475,206691,202011,200259,192917,187574,184269,178159,175024,171500
187.7,16.6529,35.2738,62.2548,33.5323,420434,320011,303133,288658,281917,271955,265750,257655,250832,248026,239134,236533,231291,224299,219829,214780,209965,204346,200245,196758,194650,186139,184625,178963,175460,173803,167151,166305,162713
194.6,1.40538,41.6335,46.3603,19.8227,358851,281639,268450,253930,247958,241828,237846,234197,226297,224050,217915,216142,205554,203542,197811,197048,189648,188018,183431,180885,175682,172551,167222,162799,160821,158595,154958,152062,147270
201.7,16.26,46.8098,23.9706,70.7341,319209,241008,233984,224570,217936,213686,210484,206188,200451,197768,195717,188358,187435,182144,179082,175738,171448,168599,167063,161629,159542,155850,154288,149972,146785,145211,141303,139457,135826
209.1,27.8831,35.0344,22.7959,18.5622,288115,209379,203003,193891,192909,183926,182527,178206,177142,174557,172971,166109,162586,160902,159337,157215,153421,149791,149301,146481,143302,138553,137708,135777,130931,131241,126417,125843,121059
216.7,34.0924,63.5371,35.6707,28.3166,230801,173127,172008,165010,162943,159981,156037,152902,150075,150110,148772,145147,143086,140557,137745,135140,134075,130589,130149,128582,123703,123308,122527,120041,114917,116018,111304,110435,107639
224.7,0.894849,43.8011,17.8085,31.4277,173755,140664,141913,136348,135366,133969,132477,130289,126739,130017,126197,125150,122066,119251,118216,116795,114307,114008,111521,111205,107690,107310,105876,102758,102135,100793,97362.2,96669.2,94101.9
232.9,36.6457,20.968,2.0828,27.7789,130562,112919,116928,113815,114201,110246,109672,109003,104478,105643,104432,103455,102805,100307,98803.8,97352.2,96543.7,96558.7,95762.6,94811.1,91752.1,90812.2,91422.5,88940.6,87202.6,84988.5,83730.4,83422.4,82358.9
241.4,27.7956,33.5267,31.4469,13.5744,101050,89896.4,95386.3,92364.7,92213.8,90689.7,88592,90160,87289,88091.2,87458.5,85267.2,83991.1,83361.7,82286.1,82100.3,81950.4,78682.2,79911.2,79478.8,76238.2,76090.5,76062.9,73994.6,73118.4,72452.4,70480.2,70385.9,68077.8
250.3,8.70562,5.18036,23.458,20.3178,80371.9,71020.4,75725,72004.9,73699.7,71876.9,70707.1,70593.5,68957.5,69403.3,69785.9,69369,67981.8,69331.8,66517.8,65517.6,66568.9,65640.1,64671.9,65533.4,62459.9,63269.6,61635.8,61158,59678.5,59107,58016.7,56953.9,56312.3
259.5,23.5814,15.7263,26.1369,17.7935,67933.9,56160.8,57183.2,56254.1,57078.6,56169.3,55431.2,54272,54658.7,54767,55892.7,53576.2,54504.8,54136.4,54235.6,52356.3,52859.9,52157.6,50892.7,51484.2,50083.6,51570.5,49399.9,48608.1,47854.1,47222.7,46671.3,47225,46314.9
269.0,36.0434,14.9676,0,12.0145,57190.2,41916.9,43898.5,42849.3,43039,42097,42814.6,42161,41850.6,41869.2,42833.7,41482.4,42370.7,42244.6,40915.8,41879.1,41038.9,40488.4,41006.4,40408.6,39719.4,39436.1,38919.7,38354.6,38025.3,37787.5,37196.7,37542.2,36247.4
278.8,4.22339,10.0626,12.8781,22.355,44669.4,30385.7,31746.4,31727.7,31546.3,31505.8,31678.6,31810.1,31123,30883.9,31930.1,31270,32068.4,31511.2,30804.3,31225.2,31381.1,30572.6,30931.1,31216.4,30179.3,30673.6,30762.5,29866.2,30369.9,29407.2,29721.9,29132.6,28348.9
289.0,11.7559,4.40676,11.818,28.9139,32354.2,21695.1,22947.6,22478.9,23300.1,23768.8,23197.3,23204.3,22932.8,23018.9,23994.8,23187.6,23255.3,22897.5,23775.7,23759.3,24209.5,23447,23700.4,23313.1,22825.8,23583.5,22467.2,21931.2,22624.1,22766.1,22318.7,22698.8,21461.2
299.6,15.6889,37.5988,6.26647,6.26647,23754.3,15898.8,16292.1,15884.3,16693.2,16487.7,16129.3,16819.8,16462.5,16832.7,17597.3,16611.9,17058.5,17368.3,16707.7,17672.1,17736.4,17319.7,16637.2,17179.3,17017.8,17253.9,16758.4,16228.7,16656.2,16856.2,16449.7,16731.6,16925.3
310.6,18.0803,0,6.33428,19.0029,16759.8,10778,11190.1,11190.9,11329.8,11422.9,11077.4,11135,11416.4,11560.4,11894.6,11511.8,11929.6,12283.2,11625.2,12122.3,12169.3,11592.4,12294.3,12184.4,11976.3,12174.6,12520.3,12365.1,11619.5,11999.2,12195,11836.8,11276.3
322.0,19.3223,6.44078,6.44078,0,11088.4,7290.48,7912.98,7230.63,7682.62,7439.89,7870.24,7615.95,7515.8,8108.72,8237.57,7517.73,8263.85,8203.83,7997.37,8296.06,9010.31,8468.83,8292.63,8247.72,8256.8,8715.55,8362.28,8200.21,8442.51,8546.22,8339.18,8180.6,8538.34
333.8,9.06607,13.1023,19.6534,6.55114,7171.52,4453.63,4713.12,4620.81,4967.57,4924.65,5018.72,4978.99,5170.08,5162,5500.7,5205.53,5958.76,5015.07,5784.81,5448.26,5364.87,5679.02,5823.59,5548.83,5767.13,5920.63,5976.58,5305.64,5966.35,5374.24,5407.58,5964.68,5539.38
346.0,10.7082,0,26.5036,6.6259,4225.82,2791.77,3171.21,3096.35,2968.1,3273.94,3304.14,2950.42,3109.25,3194.55,3366.32,3409.08,3570.13,3698.02,3415.01,3690.17,3710.21,3625.86,3879.98,3615.99,3712.36,3789.95,3687.41,3761.99,4162.57,3492.25,3944.25,3848.52,3963.74
358.7,6.74318,3.17514,20.2296,8.68725,2491.65,1732.95,1861.7,1679.99,2108.5,1869.43,2014.96,1857.68,2065.12,1911.74,2255.77,2206.23,2514.55,2151.19,2236.49,2077.48,2340.31,2549.32,2368.52,2449.42,2089.34,2395.02,2346.32,2426.91,2617.05,2518.65,2448.51,2660.23,2415.77
371.8,15.9579,17.9161,6.86492,4.88575,1465.88,1162.25,1104.03,1119.86,1041.79,1205.59,1179.89,1187.34,1223.84,1305.93,1297.98,1285.77,1265.29,1407.84,1321.15,1234.58,1354.09,1372.68,1495.31,1361.06,1581.09,1522.51,1413.63,1437.85,1303.05,1392.84,1596.06,1742.22,1454.25
385.4,6.93429,16.7107,6.99135,13.9827,842.768,646.241,686.925,619.505,597.573,679.963,631.178,771.295,657.431,757.533,804.452,714.191,860.769,873.315,869.072,757.805,923.418,819.305,760.04,1056.75,922.861,891.283,891.219,751.856,852.443,893.056,965.053,947.149,940.3
399.5,14.1548,0,7.07738,7.07738,467.917,321.786,366.214,411.02,415.776,401.805,389.134,357.673,469.317,384.92,597.429,395.771,471.996,399.043,434.149,492.565,547.557,468.743,520.443,485.097,474.809,513.376,391.966,506.33,616.806,542.196,568.942,583.086,480.73
414.2,7.21226,0,0,7.21226,297.816,188.013,225.199,152.53,254.574,223.527,239.045,274.024,268.452,239.582,317.046,245.206,254.574,196.34,244.913,260.125,282.277,296.207,320.042,305.028,362.684,275.117,239.613,354.421,331.711,255.121,254.542,348.312,254.027
429.4,0,7.35261,0.529506,0,147.47,88.2034,131.204,118.645,139.058,132.876,132.291,88.7608,168.497,109.676,131.734,118.171,175.292,115.969,130.675,190.61,117.586,95.0265,175.264,218.349,160.057,116.527,176.908,175.877,149.17,195.733,190.527,152.705,182.672
445.1,0,0,21.751,0,94.1473,66.4415,88.8445,87.2353,72.7015,36.7057,73.4113,59.0509,73.3535,88.2504,65.9629,51.5447,103.089,59.5295,104.22,52.1389,88.2504,96.5982,72.7593,74.4263,58.9931,52.1389,64.8901,73.8321,139.316,74.4841,72.8749,44.1541,118.465
461.4,0,0,15.2562,0,37.9931,45.6506,53.1903,60.7889,29.3453,37.9931,51.9643,22.7958,0.0589538,30.4534,30.3945,60.8479,44.4836,35.6001,60.8479,44.3657,30.4534,30.6303,105.273,67.2205,15.2562,36.7671,45.5917,36.885,82.4177,30.3945,59.5629,60.7889,45.7685
478.3,0,7.75522,15.5104,7.75522,38.7761,31.0209,31.0209,23.2656,47.7825,23.2656,71.0482,20.2677,7.75522,59.0438,23.2656,23.2656,24.5169,33.5234,74.5542,32.2721,28.0229,82.3095,47.7825,16.7617,54.2865,16.7617,35.7782,21.519,52.5398,15.5104,32.2721,35.7782,54.2865
495.8,0,0,0,0,41.8183,15.7249,0,49.6807,15.7249,23.5874,0,18.7643,0,31.6387,7.86247,23.5874,18.2309,7.86247,3.03938,15.7249,18.7643,26.6268,44.3242,0,15.7249,31.4499,34.4892,34.4892,18.7643,47.1748,31.4499,10.9018,33.9558
514.0,8.03067,0,0,0,29.5631,0,15.7133,5.47112,24.092,8.03067,8.03067,8.03067,31.7747,18.9729,15.7133,8.03067,13.5018,16.0613,0,8.03067,8.03067,8.03067,10.9422,0,0,16.0613,8.03067,0,8.03067,8.03067,16.0613,8.03067,13.5018
532.8,0,0,0,0,8.1461,8.1461,0.353025,20.6044,24.4383,24.4383,20.6044,8.1461,8.49913,0,0.353025,8.1461,8.1461,8.1461,8.1461,8.1461,8.1461,0,16.2922,0,0,8.1461,0,8.1461,8.1461,8.1461,16.2922,16.2922,8.1461
552.3,0,0,0,0,16.5301,8.26507,0,4.21124,0,0.321373,20.42,0,8.26507,16.5301,16.5301,0,8.26507,24.7952,8.26507,0,8.26507,0,16.5301,0,0,0,0,8.26507,8.26507,8.26507,0,8.26507,0
572.5,0,0,0,0,8.45177,0,0,8.12313,0,8.12313,8.45177,0,0,0,0,8.45177,0,0,0,0,0,16.9035,0,0,0,0,0,0,0,8.45177,8.45177,0,0
593.5,0,0,0,0,17.1605,0,0,0,0,8.58027,0,25.7408,0,8.58027,8.58027,8.58027,0,0,8.58027,8.58027,7.52022,0,0,17.1605,0,8.58027,0,0,0,0,0,0,0
615.3,0,0,0,0,0,0,0,0,0,0,0,0,0,0,0,0,0,0,0,0,0,0,0,0,0,0,0,0,0,0,0,0,0
637.8,0,0,0,0,0,0,0,0,0,0,0,0,0,0,0,0,0,0,0,0,0,0,0,0,0,0,0,0,0,0,0,0,0
661.2,0,0,0,0,0,0,0,0,0,0,0,0,0,0,0,0,0,0,0,0,0,0,0,0,0,0,0,0,0,0,0,0,0
685.4,0,0,0,0,0,0,0,0,0,0,0,0,0,0,0,0,0,0,0,0,0,0,0,0,0,0,0,0,0,0,0,0,0
710.5,0,0,0,0,0,0,0,0,0,0,0,0,0,0,0,0,0,0,0,0,0,0,0,0,0,0,0,0,0,0,0,0,0
Scan Up Time(s),155,155,155,155,155,155,155,155,155,155,155,155,155,155,155,155,155,155,155,155,155,155,155,155,155,155,155,155,155,155,155,155,155
Retrace Time(s),10,10,10,10,10,10,10,10,10,10,10,10,10,10,10,10,10,10,10,10,10,10,10,10,10,10,10,10,10,10,10,10,10
Down Scan First,FALSE,FALSE,FALSE,FALSE,FALSE,FALSE,FALSE,FALSE,FALSE,FALSE,FALSE,FALSE,FALSE,FALSE,FALSE,FALSE,FALSE,FALSE,FALSE,FALSE,FALSE,FALSE,FALSE,FALSE,FALSE,FALSE,FALSE,FALSE,FALSE,FALSE,FALSE,FALSE,FALSE
Scans Per Sample,1,1,1,1,1,1,1,1,1,1,1,1,1,1,1,1,1,1,1,1,1,1,1,1,1,1,1,1,1,1,1,1,1
Impactor Type(cm),0.071,0.071,0.071,0.071,0.071,0.071,0.071,0.071,0.071,0.071,0.071,0.071,0.071,0.071,0.071,0.071,0.071,0.071,0.071,0.071,0.071,0.071,0.071,0.071,0.071,0.071,0.071,0.071,0.071,0.071,0.071,0.071,0.071
Sheath Flow(lpm),3,3,3,3,3,3,3,3,3,3,3,3,3,3,3,3,3,3,3,3,3,3,3,3,3,3,3,3,3,3,3,3,3
Aerosol Flow(lpm),1.5,1.5,1.5,1.5,1.5,1.5,1.5,1.5,1.5,1.5,1.5,1.5,1.5,1.5,1.5,1.5,1.5,1.5,1.5,1.5,1.5,1.5,1.5,1.5,1.5,1.5,1.5,1.5,1.5,1.5,1.5,1.5,1.5
CPC Inlet Flow(lpm),1.5,1.5,1.5,1.5,1.5,1.5,1.5,1.5,1.5,1.5,1.5,1.5,1.5,1.5,1.5,1.5,1.5,1.5,1.5,1.5,1.5,1.5,1.5,1.5,1.5,1.5,1.5,1.5,1.5,1.5,1.5,1.5,1.5
CPC Sample Flow(lpm),0.3,0.3,0.3,0.3,0.3,0.3,0.3,0.3,0.3,0.3,0.3,0.3,0.3,0.3,0.3,0.3,0.3,0.3,0.3,0.3,0.3,0.3,0.3,0.3,0.3,0.3,0.3,0.3,0.3,0.3,0.3,0.3,0.3
Low Voltage,14.0228,14.0228,14.0228,14.0228,14.0228,14.0228,14.0228,14.0228,14.0228,14.0228,14.0228,14.0228,14.0228,14.0228,14.0228,14.0228,14.0228,14.0228,14.0228,14.0228,14.0228,14.0228,14.0228,14.0228,14.0228,14.0228,14.0228,14.0228,14.0228,14.0228,14.0228,14.0228,14.0228
High Voltage,9507.79,9507.79,9507.79,9507.79,9507.79,9507.79,9507.79,9507.79,9507.79,9507.79,9507.79,9507.79,9507.79,9507.79,9507.79,9507.79,9507.79,9507.79,9507.79,9507.79,9507.79,9507.79,9507.79,9507.79,9507.79,9507.79,9507.79,9507.79,9507.79,9507.79,9507.79,9507.79,9507.79
Lower Size(nm),15.9634,15.9634,15.9634,15.9634,15.9634,15.9634,15.9634,15.9634,15.9634,15.9634,15.9634,15.9634,15.9634,15.9634,15.9634,15.9634,15.9634,15.9634,15.9634,15.9634,15.9634,15.9634,15.9634,15.9634,15.9634,15.9634,15.9634,15.9634,15.9634,15.9634,15.9634,15.9634,15.9634
Upper Size(nm),723.394,723.394,723.394,723.394,723.394,723.394,723.394,723.394,723.394,723.394,723.394,723.394,723.394,723.394,723.394,723.394,723.394,723.394,723.394,723.394,723.394,723.394,723.394,723.394,723.394,723.394,723.394,723.394,723.394,723.394,723.394,723.394,723.394
Density(g/cc),1,1,1,1,1,1,1,1,1,1,1,1,1,1,1,1,1,1,1,1,1,1,1,1,1,1,1,1,1,1,1,1,1
Title,,,,,,,,,,,,,,,,,,,,,,,,,,,,,,,,,
Status Flag,Conditioner Temperature Error ,Conditioner Temperature Error ,Conditioner Temperature Error ,Conditioner Temperature Error ,Conditioner Temperature Error ,Conditioner Temperature Error ,Conditioner Temperature Error ,Conditioner Temperature Error ,Conditioner Temperature Error ,Conditioner Temperature Error ,Conditioner Temperature Error ,Conditioner Temperature Error ,Conditioner Temperature Error ,Conditioner Temperature Error ,Conditioner Temperature Error ,Conditioner Temperature Error ,Conditioner Temperature Error ,Conditioner Temperature Error ,Conditioner Temperature Error ,Conditioner Temperature Error ,Conditioner Temperature Error ,Conditioner Temperature Error ,Conditioner Temperature Error ,Conditioner Temperature Error ,Conditioner Temperature Error ,Conditioner Temperature Error ,Conditioner Temperature Error ,Conditioner Temperature Error ,Conditioner Temperature Error ,Conditioner Temperature Error ,Conditioner Temperature Error ,Conditioner Temperature Error ,Conditioner Temperature Error 
td(s),1.1,1.1,1.1,1.1,1.1,1.1,1.1,1.1,1.1,1.1,1.1,1.1,1.1,1.1,1.1,1.1,1.1,1.1,1.1,1.1,1.1,1.1,1.1,1.1,1.1,1.1,1.1,1.1,1.1,1.1,1.1,1.1,1.1
tf(s),5.51527,5.51527,5.51527,5.51527,5.51527,5.51527,5.51527,5.51527,5.51527,5.51527,5.51527,5.51527,5.51527,5.51527,5.51527,5.51527,5.51527,5.51527,5.51527,5.51527,5.51527,5.51527,5.51527,5.51527,5.51527,5.51527,5.51527,5.51527,5.51527,5.51527,5.51527,5.51527,5.51527
D50(nm),593.091,593.091,593.091,593.091,593.091,593.091,593.091,593.091,593.091,593.091,593.091,593.091,593.091,593.091,593.091,593.091,593.091,593.091,593.091,593.091,593.091,593.091,593.091,593.091,593.091,593.091,593.091,593.091,593.091,593.091,593.091,593.091,593.091
Median(nm),133.157,134.862,131.733,139.991,50.6697,97.1315,103.366,107.146,110.111,112.003,113.561,115.118,116.574,118.122,119.397,120.839,121.698,122.961,123.778,124.912,125.945,126.607,127.591,128.547,129.064,130.052,130.528,131.031,132.43,132.596,132.777,133.85,134.187
Mean(nm),146.778,145.473,150.69,152.029,73.2491,103.499,109.942,113.506,116.538,118.43,120.188,121.755,123.076,124.627,126.069,127.281,128.315,129.472,130.273,131.378,132.437,133.116,134.081,135.003,135.447,136.488,136.953,137.434,139.024,138.879,139.191,140.171,140.543
Geo. Mean(nm),125.957,125.933,127.811,137.294,63.341,88.6448,96.3252,100.709,104.162,106.387,108.388,110.14,111.654,113.245,114.825,116.158,117.258,118.518,119.331,120.501,121.61,122.343,123.301,124.229,124.744,125.782,126.308,126.795,128.721,128.253,128.582,129.555,129.977
Mode(nm),126.346,145.902,113.419,145.902,42.9351,109.411,117.574,121.881,121.881,126.346,126.346,135.773,130.975,130.975,126.346,135.773,135.773,135.773,140.746,140.746,135.773,140.746,135.773,145.902,145.902,145.902,135.773,140.746,145.902,145.902,145.902,140.746,145.902
Geo. Std. Dev.,1.81978,1.78595,1.84755,1.56975,1.64031,1.8145,1.72497,1.6741,1.64386,1.62233,1.60591,1.59286,1.58107,1.574,1.56382,1.556,1.54996,1.54312,1.53993,1.53503,1.52984,1.52638,1.52376,1.5213,1.51763,1.51502,1.51176,1.51039,1.49417,1.50648,1.50461,1.50256,1.50013
Total Concentration(#/cm³),32.2948,32.051,32.6495,28.985,939857,359546,298741,266058,243647,227212,213566,202032,191689,182179,173832,164878,158596,151811,145155,140089,134405,129678,124843,120298,116388,111966,109281,105314,100802,98764.8,95580.6,92572,89510.8
Comment,,,,,,,,,,,,,,,,,,,,,,,,,,,,,,,,,
