Sample File,C:\Users\VanceLab\Desktop\CASA_InLab_Sp23\Chamber\Chamber_Butanol_SMPS_FreshSmoke_MRH_20230417.S82,
AIM Version,10.3.1.0
Classifier Model,3082       ,Classifier S/N,3082021905001   ,Classifier Firmware Version,2.60
Neutralizer Model,3088,Neutralizer S/N,3088011906004
Impactor (cm),0.071,Impactor S/N,7100764
DMA Model,3081,DMA S/N,3081A1903007
DMA Inner Radius (cm),0.937
DMA Outer Radius (cm),1.961
DMA Characteristic Length (cm),44.369
HV Polarity,NEG,
Detector Model,3750,Detector S/N,3750190603,Nano Enhancer , None
Detector Sample Flow (L/min),1.00,Detector Inlet Flow (L/min),1.00
Reference Gas Viscosity (Pa*s),1.832450e-005
Reference Mean Free Path (m),6.730000e-008
Reference Gas Temperature (K),296.15
Reference Gas Pressure (kPa),101.30
Sutherland Constant (K),110.40
Tube Length (cm),25.40
Tube Diameter (cm),0.48
Channels/Decade,64
Multiple Charge Correction,TRUE
Nanoparticle Agglomerate Mobility Analysis,FALSE
Diffusion Correction,TRUE
Units,dw/dlogDp
Weight,Number
Sample #,1,2,3,4,5,6,7,8,9,10,11,12,13,14,15,16,17,18
Date,4/17/2023,4/17/2023,4/17/2023,4/17/2023,4/17/2023,4/17/2023,4/17/2023,4/17/2023,4/17/2023,4/17/2023,4/17/2023,4/17/2023,4/17/2023,4/17/2023,4/17/2023,4/17/2023,4/17/2023,4/17/2023
Start Time,11:50:00,11:53:00,11:56:00,11:59:00,12:02:00,12:05:00,12:08:00,12:11:00,12:14:00,12:17:00,12:20:00,12:23:00,12:26:00,12:29:00,12:32:00,12:35:00,12:38:00,12:41:00
Sample Temp (C),21.5,21.5,21.5,21.6,21.6,21.7,21.8,22.0,22.2,22.4,22.6,22.7,22.7,22.6,22.6,22.5,22.4,22.4
Sample Pressure (kPa),80.4,80.3,80.3,80.3,80.3,80.3,80.3,80.3,80.3,80.3,80.3,80.3,80.3,80.3,80.3,80.3,80.3,80.2
Relative Humidity (%),32.1,38.0,42.7,46.4,49.5,52.2,54.7,56.7,58.5,60.0,61.3,62.3,63.2,63.9,64.5,65.0,65.6,66.1
Mean Free Path (m),8.42487e-008,8.43536e-008,8.43536e-008,8.43901e-008,8.43901e-008,8.44265e-008,8.44629e-008,8.45358e-008,8.46087e-008,8.46816e-008,8.47545e-008,8.47909e-008,8.47909e-008,8.47545e-008,8.47545e-008,8.47180e-008,8.46816e-008,8.47872e-008
Gas Viscosity (Pa*s),1.82528e-005,1.82528e-005,1.82528e-005,1.82576e-005,1.82576e-005,1.82624e-005,1.82672e-005,1.82767e-005,1.82863e-005,1.82958e-005,1.83054e-005,1.83102e-005,1.83102e-005,1.83054e-005,1.83054e-005,1.83006e-005,1.82958e-005,1.82958e-005
Diameter Midpoint (nm)
 16.3,0.000,0.000,0.000,0.000,0.000,15844.347,5333.019,3016.594,1986.708,1709.054,1771.379,1361.357,1078.007,1129.816,730.623,770.577,939.275,1041.559
 16.8,0.000,0.000,0.000,0.000,0.000,14107.908,4598.888,1980.087,954.060,905.340,731.645,546.560,529.721,440.293,529.626,378.409,345.958,390.975
 17.5,0.000,0.000,11.802,0.000,0.000,15347.628,4301.842,1992.142,991.180,470.770,330.475,313.994,223.760,176.610,129.829,188.798,89.240,162.899
 18.1,0.000,0.000,11.077,0.000,0.000,17030.494,5939.665,1916.574,817.014,519.122,221.523,176.835,198.938,55.248,77.532,88.590,66.427,90.832
 18.8,10.440,0.000,0.000,0.000,0.000,18405.384,6329.990,2269.132,1022.173,558.597,416.767,166.347,124.760,72.762,62.513,41.668,31.245,52.102
 19.5,0.000,0.000,0.000,0.000,0.000,19560.639,7068.030,2801.000,1056.636,600.039,261.724,186.272,88.234,58.809,84.876,39.292,39.285,19.651
 20.2,0.000,0.000,0.000,0.000,0.000,21040.134,7529.194,3497.707,1499.693,834.609,587.103,231.146,184.917,147.906,96.001,37.056,18.526,55.601
 20.9,8.656,0.000,8.715,0.000,0.000,22664.108,8158.280,3825.914,1852.029,888.093,543.738,343.470,190.321,140.961,153.232,63.204,74.877,51.464
 21.7,8.179,0.000,0.000,0.000,0.000,24264.569,10046.043,4489.760,2098.101,1184.317,621.212,359.942,252.731,150.025,86.825,119.896,31.135,40.479
 22.5,0.000,0.000,0.000,0.000,17838.307,26533.826,10985.317,5183.299,2933.129,1270.107,854.685,561.105,335.690,212.765,135.675,62.153,52.447,86.264
 23.3,7.418,7.209,0.000,0.000,46632.257,30176.085,12576.701,5666.248,2933.211,1824.981,1254.896,671.763,489.711,307.041,153.254,91.844,129.668,115.583
 24.1,6.770,0.000,0.000,0.000,64674.248,32498.539,14491.975,7153.262,3765.538,2037.443,1254.516,1051.787,561.830,436.562,249.526,212.949,148.532,153.708
 25.0,6.767,0.000,0.000,0.000,117053.342,35349.223,16403.570,8807.958,4825.466,2718.174,1692.343,1108.898,731.479,533.718,328.298,229.215,243.113,138.082
 25.9,0.000,12.872,0.000,12.844,204085.984,38750.537,18267.344,9931.248,5417.221,3301.015,2087.237,1584.910,885.485,648.450,452.998,378.896,350.355,174.133
 26.9,0.000,6.047,0.000,0.000,239589.620,43312.335,21705.380,11932.519,6977.701,4075.071,2582.728,1518.803,1207.003,786.743,587.615,557.287,381.732,279.067
 27.9,0.000,11.785,0.000,0.000,276780.714,47648.662,24095.082,13743.776,8395.576,4750.350,3310.511,2074.023,1746.349,974.384,948.383,675.630,443.408,480.357
 28.9,5.645,11.141,0.000,5.326,288164.818,52554.571,27956.756,15737.081,9943.687,5791.409,4264.283,2793.273,2057.176,1251.503,1181.329,838.846,699.983,648.817
 30.0,5.446,0.000,0.000,0.000,269387.110,58415.327,31576.282,19154.582,11815.250,7139.899,5349.241,3456.168,2585.115,1750.469,1452.390,1099.490,849.299,689.625
 31.1,5.186,0.000,0.000,0.000,220322.323,64487.425,35464.387,20967.837,13630.632,8706.337,6090.313,4435.482,3054.050,2332.199,1742.875,1188.995,1115.014,1032.941
 32.2,0.000,0.000,0.000,0.000,169227.309,69606.026,39670.379,24559.425,16057.940,10898.653,7232.655,5294.381,3703.525,3201.308,2340.246,1678.288,1328.289,1222.632
 33.4,0.000,9.653,0.000,0.000,137096.958,77097.545,44639.454,29104.817,18672.452,12477.501,8970.666,6531.887,5005.071,3743.789,2799.501,2303.283,1879.300,1526.145
 34.6,13.861,4.508,0.000,0.000,117811.438,82072.957,50704.803,32784.627,21223.071,15235.764,10382.739,7842.082,5498.765,4346.678,3418.632,2818.380,2420.728,1718.027
 35.9,0.000,0.000,3.757,0.000,106821.571,90584.379,56417.429,38548.339,25025.977,17551.241,12652.025,8972.914,7194.429,5175.070,4292.765,3354.205,2801.701,2041.200
 37.2,0.000,0.000,4.230,0.000,99245.742,99466.818,63687.959,43059.398,28996.151,20394.404,15283.636,11076.256,8979.217,6625.514,5355.615,4662.703,3394.067,2809.611
 38.5,0.000,4.005,0.000,0.000,101842.939,109926.514,71459.858,47829.587,33974.060,23537.177,18048.821,13563.823,10191.280,7893.357,6708.905,5375.246,4321.662,3631.900
 40.0,0.000,0.000,0.000,0.000,125240.586,119174.467,80103.161,54398.502,37881.685,27638.996,21002.969,15324.009,11620.874,9519.017,7937.595,6357.162,5138.633,4030.688
 41.4,0.000,3.372,3.518,7.856,163350.610,129180.277,88325.756,63113.565,44166.572,32481.817,24650.318,18794.493,14920.080,11972.705,9789.662,7997.053,6534.021,4969.153
 42.9,0.000,0.000,6.874,0.000,209575.558,140997.354,97010.680,70236.601,49595.292,37976.376,28696.671,21759.008,18148.682,14201.529,11709.162,9365.762,7963.776,6424.856
 44.5,0.000,0.000,0.000,3.527,246753.604,154544.727,108880.743,79237.185,56178.965,43044.808,32831.671,24463.062,21197.235,16403.898,13907.688,11511.010,9411.085,7334.035
 46.1,6.579,3.540,0.000,6.786,270191.191,170364.705,119539.466,87094.459,65409.720,50034.255,38798.409,29391.770,25622.018,20224.195,16405.698,13385.994,11630.831,9355.657
 47.8,2.460,0.000,3.052,2.685,277467.892,186422.080,134385.157,98697.581,74520.613,59060.910,45416.294,35593.372,28611.416,23506.354,20820.599,16432.706,13939.457,11842.682
 49.6,2.600,2.870,2.937,9.353,307101.124,209090.771,150543.604,112808.087,87493.661,68079.607,54860.624,42737.603,37066.589,29764.261,25593.627,20772.159,17424.553,15275.038
 51.4,0.000,0.000,12.977,2.371,338699.620,230230.391,168620.749,128709.050,100068.786,80917.319,64594.771,51555.411,43418.724,35284.727,30240.576,24913.641,22017.191,19123.075
 53.3,5.462,2.794,2.229,6.111,382358.649,248763.278,186360.237,141431.708,112392.788,89895.859,73763.548,60420.361,51118.866,42120.470,35548.460,29619.806,25972.759,22211.602
 55.2,2.220,2.871,0.000,2.527,435252.925,277002.835,203573.896,161473.421,127123.582,101319.229,85182.239,70413.828,58770.647,48707.939,41791.638,35720.466,31116.727,26570.337
 57.3,5.663,1.721,2.788,5.788,488220.369,298295.341,223172.245,177140.072,141744.328,118559.310,96737.236,80053.461,67457.173,57009.355,47687.814,41492.613,37090.119,32064.253
 59.4,0.000,8.031,2.094,0.000,541598.630,322763.401,246099.854,195266.419,156987.434,134484.229,110130.114,92394.046,77456.080,67821.824,56110.525,49309.269,43287.344,37884.764
 61.5,0.000,2.841,11.279,1.729,589192.309,350019.855,271720.670,216804.278,176123.158,147751.192,125089.806,104520.549,86343.164,76639.978,65704.806,58186.693,49215.584,43763.903
 63.8,1.965,0.000,1.996,1.914,629686.419,383917.244,300797.256,238669.867,194951.618,168210.350,138447.167,116722.462,97347.108,87205.614,74626.486,66467.118,57632.073,51846.976
 66.1,5.127,0.000,10.513,1.480,698751.353,414563.018,328694.604,265532.695,217346.174,184464.322,156815.906,132803.701,111549.240,98599.573,84849.609,76672.371,63968.616,60312.123
 68.5,7.854,1.999,1.445,8.086,767086.247,444073.246,354601.755,295047.915,239894.762,206497.266,173971.953,147389.252,127655.722,110409.363,96650.025,87388.556,76030.005,69912.432
 71.0,10.565,5.466,7.355,5.520,794058.866,457419.292,364565.245,300846.629,246524.270,206336.222,178080.518,150375.131,127644.502,110094.225,98391.040,88763.606,76205.095,69633.676
 73.7,2.123,3.378,0.000,9.802,802561.698,470395.715,372588.671,310422.474,256804.168,209741.114,179352.740,153338.766,129283.418,115486.180,101746.545,92145.954,78716.667,71048.757
 76.4,7.631,2.015,7.185,4.709,818343.676,502899.219,407530.725,341372.870,277027.451,235853.128,197792.495,169368.930,144284.328,125720.002,115325.867,101853.894,90934.708,80757.966
 79.1,7.728,4.540,7.428,1.423,825516.290,531379.624,435698.310,364137.435,301731.340,254610.529,219013.028,187713.310,160733.232,142325.599,129461.788,112827.573,97168.088,88679.004
 82.0,5.651,0.440,3.735,6.706,832117.273,561891.959,476186.831,385810.415,327786.680,280963.280,236970.358,203773.785,179486.566,155776.335,138606.813,124409.557,107965.307,98224.108
 85.1,2.757,14.228,1.171,0.540,823525.198,599871.187,499712.599,420262.552,355464.269,302041.038,261083.182,223768.775,196642.933,173850.969,154627.614,138563.916,121590.328,108799.733
 88.2,0.000,3.097,8.257,8.224,853170.443,641360.750,532167.111,451205.628,387096.705,325678.951,288749.556,246675.396,218356.754,190520.126,171404.151,151595.445,132957.224,122826.047
 91.4,4.032,0.000,2.548,6.643,876006.928,682402.138,566151.011,481243.942,414531.829,356889.920,315657.236,273539.628,242393.186,213591.004,187435.078,168011.251,151695.854,132805.628
 94.7,5.725,7.011,6.000,5.061,912473.824,723771.223,601280.774,513063.625,458770.304,385673.515,343996.323,297420.931,263367.953,233257.126,206221.072,184576.741,167803.292,147634.086
 98.2,2.780,10.780,5.297,7.709,963181.828,765848.779,641259.615,557206.907,494376.082,417699.330,375397.951,324769.370,283192.013,257208.476,227205.470,199679.359,187537.464,165199.567
101.8,3.466,2.618,7.019,0.864,1012473.009,811591.244,688664.330,592997.307,530730.258,449191.006,409622.568,354770.619,309218.637,283227.399,247758.611,223937.920,204272.670,178990.598
105.5,2.943,0.000,3.265,0.274,1054639.471,855386.960,733901.930,637035.664,567471.599,486133.821,438546.555,376447.428,340704.362,307350.612,272014.257,245816.009,222730.326,197232.582
109.4,1.906,8.188,10.448,4.595,1079824.500,888930.346,772984.656,668329.268,600303.635,521059.010,470317.420,412484.162,366488.282,333542.992,297420.888,266317.865,241560.133,217291.947
113.4,0.770,1.466,3.268,1.664,1119036.233,926753.203,815536.148,708764.299,639351.716,561655.082,501654.821,440213.339,401770.308,358535.208,322554.512,290377.797,259115.683,236601.244
117.6,0.000,1.551,11.366,4.263,1179878.842,974465.414,852145.833,752026.595,673553.896,586869.964,537593.289,468845.374,429007.558,383758.718,345860.665,310092.965,284242.320,259139.466
121.9,7.182,8.682,4.609,0.000,1215922.389,1005613.813,884644.121,790502.351,709354.234,617508.690,564316.776,496674.592,452075.818,401864.242,370187.905,330099.569,303864.707,274170.303
126.3,7.743,0.836,1.070,6.703,1283974.548,1042481.391,923003.719,818033.425,737699.430,654904.210,594897.671,527019.092,475581.660,430752.201,393263.038,354725.304,323420.519,294894.668
131.0,4.115,8.807,4.335,6.900,1329611.164,1072142.080,955083.654,850928.110,764920.426,678519.362,626392.881,549609.720,503665.957,458185.099,412359.366,377607.873,344116.669,313028.941
135.8,0.000,2.112,8.189,0.000,1353854.183,1093714.301,977447.964,873096.142,790585.448,701785.362,646930.086,572238.884,524736.424,475848.227,433872.380,397376.707,365478.732,332493.438
140.7,3.954,11.718,5.622,5.772,1343436.785,1104346.327,998857.115,895253.069,805878.453,726270.061,663025.358,593902.157,545143.709,496728.565,451195.186,412961.059,375034.790,345809.635
145.9,5.782,4.356,0.000,4.294,1335626.653,1107805.098,1004246.116,909527.549,815522.629,738109.161,672392.449,612025.616,558836.625,507374.146,469306.675,423807.909,386398.884,359076.326
151.2,2.330,3.837,10.950,4.034,1317723.726,1101422.389,1002968.744,911927.534,821149.088,749730.142,687238.819,626838.008,575640.561,518341.328,481132.595,441117.682,401775.155,372017.843
156.8,4.728,8.116,5.971,14.499,1288099.476,1088973.899,993425.888,911256.687,820949.745,753008.895,691923.572,633149.704,579973.369,528280.457,491194.676,447943.583,410255.996,380874.376
162.5,6.358,7.122,14.448,0.000,1255878.587,1064012.473,976229.378,900887.317,820691.500,746661.914,693494.662,635199.146,579788.113,532980.223,491615.930,451352.876,418523.266,383465.027
168.5,8.313,0.000,8.886,9.245,1209717.263,1035540.716,951289.353,888255.344,810948.003,739778.989,684249.807,628639.838,578887.820,535860.283,490696.212,449724.517,420337.771,386934.136
174.7,11.662,1.199,1.882,4.695,1151552.397,995397.282,921996.884,854373.102,790046.899,723665.150,670654.543,617660.111,574754.148,532447.957,490187.495,448879.572,416545.544,384423.394
181.1,2.758,6.946,6.830,4.494,1087901.572,946204.417,883094.801,820633.564,762397.288,705868.377,654773.912,605264.481,555963.308,518063.088,480926.188,445602.032,410897.859,380061.791
187.7,6.296,0.655,5.092,11.904,1012383.870,890465.905,835973.055,778792.593,725870.990,678359.995,629839.947,582575.974,540439.136,503566.352,466402.315,433096.598,401711.011,372033.210
194.6,11.085,3.874,3.261,4.900,928563.660,822324.553,782782.937,730917.430,684724.048,637001.938,594988.632,553226.052,517582.243,481220.548,446893.623,415590.800,386249.394,360417.511
201.7,0.000,0.915,0.000,7.406,837648.331,754362.727,719555.123,680282.959,640023.610,598195.159,561725.924,523000.407,487474.089,452556.952,426054.673,392770.825,367218.165,346023.946
209.1,0.000,4.292,2.482,0.000,744237.987,681802.332,651237.561,619757.503,587792.478,549790.098,517539.389,481990.278,453015.461,425068.201,394931.901,368184.886,346755.589,324525.927
216.7,2.386,7.504,4.494,2.496,662619.246,605668.629,583538.929,554790.474,531964.941,498884.181,474082.761,442319.565,415387.544,390865.775,365964.867,341679.989,320960.195,301735.784
224.7,0.000,2.521,0.000,7.548,576697.785,531946.423,516054.053,493058.664,471818.203,444103.451,424894.026,400418.512,373481.979,353776.140,332957.977,311994.619,294436.942,276371.208
232.9,0.518,7.625,7.175,10.136,495286.038,459854.401,448339.529,425853.868,413309.365,392987.105,376261.322,353251.084,330612.780,314735.180,297830.607,278441.960,264576.523,249479.236
241.4,0.000,5.125,5.125,3.515,415967.549,391108.868,384932.169,363139.774,354484.475,341623.565,324836.583,307606.569,290517.211,276155.909,263646.893,246573.419,235891.998,219737.751
250.3,1.446,0.000,0.000,5.158,341928.073,325819.885,323379.949,307616.021,299218.189,290460.769,276037.700,264487.980,249543.380,238118.822,226703.997,213684.100,203704.162,191886.627
259.5,0.000,0.000,0.000,5.226,278631.081,267065.875,266555.676,256774.906,248784.327,242771.874,231991.704,223248.260,213240.171,200772.445,192924.059,183646.010,174642.471,164957.160
269.0,0.000,0.000,1.042,0.000,221066.707,217305.081,214051.798,206674.670,202658.340,198275.793,190122.573,183354.429,174589.288,165557.991,160184.757,152241.094,144558.211,138610.611
278.8,0.000,2.664,0.745,0.000,172845.442,168886.939,167751.329,165260.248,159586.621,157735.052,152965.381,146298.701,140702.344,135459.545,129467.913,124664.769,118618.609,113606.538
289.0,0.000,0.000,0.000,5.392,132954.165,132261.899,132592.178,129123.552,125065.051,124040.336,121201.703,117141.041,112311.081,107407.653,103156.635,99612.190,95418.321,90923.636
299.6,0.000,4.076,5.452,0.000,100415.408,100738.966,99580.150,98003.904,95911.409,95938.829,93908.454,89969.871,87097.351,83141.664,80336.844,78235.542,75237.600,70116.716
310.6,0.000,1.395,0.000,0.000,74721.128,75628.201,73895.071,73978.014,72755.086,71836.928,70390.101,68299.103,67544.071,63658.273,61710.649,58217.394,58042.654,54538.726
322.0,5.621,2.805,5.610,0.000,53932.370,53968.567,54129.958,53867.785,53273.300,52067.635,52272.442,51003.685,49225.790,46679.650,46176.261,44443.862,42952.799,41373.059
333.8,5.675,2.832,0.000,0.000,37815.094,38232.655,38411.811,39400.158,38061.076,37749.956,36977.679,36470.657,34805.696,33864.217,33541.746,32302.286,31677.526,29942.372
346.0,0.000,0.000,0.000,0.000,26262.869,26221.897,27532.976,27480.216,27366.578,26377.934,25598.741,25734.681,24600.805,24485.470,23695.100,22645.279,22091.780,20937.660
358.7,0.000,0.000,1.126,0.000,18384.963,18120.443,19032.159,19372.093,19261.852,18644.209,17423.380,17924.675,16894.278,16650.742,16599.415,15037.602,15816.750,14312.571
371.8,2.970,0.000,0.000,0.000,12379.211,12223.726,12843.863,13589.737,13493.893,12576.146,12291.120,12233.027,11649.801,11438.074,11189.350,10609.021,11061.331,10179.476
385.4,3.017,0.000,0.000,0.000,8182.163,8335.940,8491.910,9432.450,8857.883,8310.975,8309.637,8025.091,7347.970,7668.617,7543.918,7058.098,7362.157,6886.910
399.5,0.000,0.000,0.000,3.037,5790.019,5444.889,5588.162,6592.210,6228.882,5495.268,5227.671,5390.436,5032.355,4809.238,4728.108,4544.257,4850.344,4680.791
414.2,1.712,0.000,0.000,0.000,3928.180,3881.157,3862.611,4714.383,4457.002,3533.252,3660.176,3722.075,3401.780,3117.809,3055.902,2790.329,3130.946,3123.410
429.4,0.000,0.000,0.000,0.000,2513.075,2659.033,2559.740,3297.168,3117.064,2571.575,2572.645,2571.390,2105.180,2249.940,1791.617,1777.000,2226.629,2184.447
445.1,22.428,0.000,0.000,0.000,1863.651,1861.189,1670.557,2515.461,2201.595,1726.399,1902.164,1740.807,1361.144,1419.812,1218.039,1294.329,1462.917,1344.210
461.4,45.636,0.000,0.000,0.000,1320.571,1218.522,1297.161,1803.754,1645.210,1369.746,1624.862,1409.377,900.536,1003.965,855.773,887.864,901.031,909.714
478.3,23.222,0.000,0.000,0.000,845.189,851.368,1198.187,1518.831,1291.038,1031.018,1184.645,1212.340,654.600,803.503,631.946,724.719,613.374,647.028
495.8,6.713,0.000,0.000,0.000,826.000,815.280,1187.640,1482.637,1097.760,849.948,1067.353,962.689,437.893,570.921,428.733,690.876,477.785,396.615
514.0,3.418,0.000,0.000,0.000,682.371,757.656,1266.166,1383.344,1026.885,854.782,985.309,873.319,522.800,343.936,476.297,606.076,425.295,323.151
532.8,0.000,0.000,0.000,0.000,817.451,1600.508,1416.508,1243.714,957.791,869.354,1032.825,877.888,493.151,294.748,480.110,620.190,439.092,369.374
552.3,0.000,0.000,0.000,0.000,1353.522,1270.324,1458.695,1150.235,1242.651,962.166,930.775,734.290,604.636,338.868,424.874,535.936,484.509,378.510
572.5,0.000,0.000,0.000,0.000,1554.882,1380.742,1066.705,925.892,1034.943,881.769,889.621,541.978,565.219,251.489,261.511,365.696,433.394,424.057
593.5,0.000,0.000,0.000,0.000,1667.610,1395.175,823.954,807.815,819.954,492.662,543.909,310.949,450.625,185.874,227.487,261.475,345.435,406.527
615.3,0.000,0.000,0.000,0.000,1395.727,1139.126,673.516,571.637,519.654,449.419,387.639,171.159,230.425,107.670,134.044,201.239,201.036,290.583
637.8,0.000,0.000,7.619,0.000,1097.471,926.547,529.316,403.509,325.827,211.501,247.262,134.986,122.158,55.499,121.947,133.133,140.918,209.917
661.2,0.000,0.000,3.862,0.000,610.178,617.038,333.783,245.146,195.309,119.926,149.878,109.478,122.727,70.432,111.312,76.604,83.804,106.998
685.4,0.000,0.000,0.000,0.000,388.323,378.899,150.600,214.985,116.050,150.448,118.150,156.679,47.179,39.862,105.744,71.444,56.205,71.468
710.5,8.020,0.000,0.000,0.000,284.682,230.413,179.768,135.441,95.698,162.006,144.464,98.481,65.974,27.917,161.379,51.951,43.955,34.138
Scan Time (s),155,155,155,155,155,155,155,155,155,155,155,155,155,155,155,155,155,155
Retrace Time (s),4,4,4,4,4,4,4,4,4,4,4,4,4,4,4,4,4,4
Scan Resolution (Hz),50,50,50,50,50,50,50,50,50,50,50,50,50,50,50,50,50,50
Scans Per Sample,1,1,1,1,1,1,1,1,1,1,1,1,1,1,1,1,1,1
Sheath Flow (L/min),3.000,3.000,3.000,3.000,3.000,3.000,3.000,3.000,3.000,3.000,3.000,3.000,3.000,3.000,3.000,3.000,3.000,3.000
Aerosol Flow (L/min),0.976,0.977,0.977,0.978,0.979,0.978,0.978,0.979,0.979,0.979,0.978,0.979,0.979,0.979,0.978,0.978,0.978,0.978
Bypass Flow (L/min),0.00,0.00,0.00,0.00,0.00,0.00,0.00,0.00,0.00,0.00,0.00,0.00,0.00,0.00,0.00,0.00,0.00,0.00
Low Voltage (V),11.02,11.01,11.01,11.01,11.01,11.00,11.00,11.00,11.00,10.99,10.99,10.99,10.99,10.99,10.99,10.99,10.99,10.98
High Voltage (V),9227.72,9224.74,9224.43,9226.03,9225.72,9227.00,9228.92,9232.12,9235.00,9238.19,9241.38,9243.29,9242.97,9241.38,9241.38,9240.10,9238.50,9236.13
Lower Size (nm), 16.0, 16.0, 16.0, 16.0, 16.0, 16.0, 16.0, 16.0, 16.0, 16.0, 16.0, 16.0, 16.0, 16.0, 16.0, 16.0, 16.0, 16.0
Upper Size (nm),723.4,723.4,723.4,723.4,723.4,723.4,723.4,723.4,723.4,723.4,723.4,723.4,723.4,723.4,723.4,723.4,723.4,723.4
Density (g/cm³),1.0,1.0,1.0,1.0,1.0,1.0,1.0,1.0,1.0,1.0,1.0,1.0,1.0,1.0,1.0,1.0,1.0,1.0
td + 0.5 (s),1.53,1.53,1.53,1.53,1.53,1.53,1.53,1.53,1.53,1.53,1.53,1.53,1.53,1.53,1.53,1.53,1.53,1.53
tf (s),6.24,6.24,6.24,6.24,6.24,6.24,6.24,6.24,6.24,6.24,6.24,6.24,6.24,6.24,6.24,6.24,6.24,6.24
D50 (nm),732.8,732.2,732.2,731.9,731.5,732.0,732.0,731.8,731.9,732.0,732.6,732.2,732.2,732.2,732.6,732.5,732.4,732.3
Neutralizer Status,ON,ON,ON,ON,ON,ON,ON,ON,ON,ON,ON,ON,ON,ON,ON,ON,ON,ON
Median (nm),138.666,95.797,102.883,108.342,118.758,127.722,133.153,137.155,140.162,143.314,145.448,148.149,149.862,151.554,153.152,154.461,155.989,157.146
Mean (nm),212.187,111.258,132.358,126.199,124.381,133.096,138.578,142.592,145.904,148.861,151.180,153.656,155.416,157.075,158.716,160.074,161.642,162.789
Geo. Mean (nm),128.046,85.117,95.448,103.339,109.145,118.636,125.043,129.581,133.322,136.470,139.023,141.631,143.565,145.331,147.005,148.387,149.976,151.158
Mode (nm),461.384,85.053,162.531,156.788,135.773,145.902,145.902,151.247,151.247,156.788,162.531,162.531,156.788,168.485,162.531,162.531,168.485,168.485
Geo. Std. Dev.,2.981,2.156,2.281,1.939,1.718,1.663,1.611,1.581,1.557,1.543,1.530,1.520,1.511,1.504,1.500,1.496,1.492,1.489
Total Conc. (#/cm³),6.116606e+000,4.250765e+000,4.867216e+000,4.277070e+000,7.069855e+005,5.447960e+005,4.731316e+005,4.176748e+005,3.732979e+005,3.330541e+005,3.030974e+005,2.720607e+005,2.476282e+005,2.259608e+005,2.070090e+005,1.892091e+005,1.740158e+005,1.599717e+005
Title,,,,,,,,,,,,,,,,,,
User Name,VANCELAB,VANCELAB,VANCELAB,VANCELAB,VANCELAB,VANCELAB,VANCELAB,VANCELAB,VANCELAB,VANCELAB,VANCELAB,VANCELAB,VANCELAB,VANCELAB,VANCELAB,VANCELAB,VANCELAB,VANCELAB
Sample ID,,,,,,,,,,,,,,,,,,
Instrument ID,,,,,,,,,,,,,,,,,,
Lab ID,,,,,,,,,,,,,,,,,,
Leak Test and Leakage Rate,,,,,,,,,,,,,,,,,,
Instrument Errors,Normal Scan,Normal Scan,Normal Scan,Normal Scan,Normal Scan,Normal Scan,Normal Scan,Normal Scan,Normal Scan,Normal Scan,Normal Scan,Normal Scan,Normal Scan,Normal Scan,Normal Scan,Normal Scan,Normal Scan,Normal Scan
Comment,,,,,,,,,,,,,,,,,,
