Sample File,C:\Users\vancelab\Desktop\Chamber\Raw data\Chamber_Water_SMPS_AgedSmoke_LRH_20230509.S80
Classifier Model,3080
DMA Model,3081
DMA Inner Radius(cm),0.00937
DMA Outer Radius(cm),0.01961
DMA Characteristic Length(cm),0.44369
CPC Model,3788 High Flow
Reference Gas Viscosity (Pa*s),1.83245e-005
Reference Mean Free Path (m),6.73e-008
Reference Gas Temperature (K),296.15
Reference Gas Pressure (kPa),101.3
Channels/Decade,64
Multiple Charge Correction,TRUE
Nanoparticle Aggregate Mobility Analysis,FALSE
Diffusion Correction,TRUE
Gas Density,0.0012
Units,dw/dlogDp
Weight,Number
Sample #,1,2,3,4,5,6,7,8,9,10,11,12,13,14,15,16,17,18,19,20,21,22,23,24,25,26,27,28,29,30,31,32,33,34,35,36,37,38,39,40,41,42,43,44,45,46,47,48,49,50,51,52
Date,05/09/23,05/09/23,05/09/23,05/09/23,05/09/23,05/09/23,05/09/23,05/09/23,05/09/23,05/09/23,05/09/23,05/09/23,05/09/23,05/09/23,05/09/23,05/09/23,05/09/23,05/09/23,05/09/23,05/09/23,05/09/23,05/09/23,05/09/23,05/09/23,05/09/23,05/09/23,05/09/23,05/09/23,05/09/23,05/09/23,05/09/23,05/09/23,05/09/23,05/09/23,05/09/23,05/09/23,05/09/23,05/09/23,05/09/23,05/09/23,05/09/23,05/09/23,05/09/23,05/09/23,05/09/23,05/09/23,05/09/23,05/09/23,05/09/23,05/09/23,05/09/23,05/09/23
Start Time,13:06:00,13:09:00,13:12:00,13:15:00,13:18:00,13:21:00,13:24:00,13:27:00,13:30:00,13:33:00,13:36:00,13:39:00,13:42:00,13:45:00,13:48:00,13:51:00,13:54:00,13:57:01,14:00:00,14:03:00,14:06:00,14:09:00,14:12:00,14:15:00,14:18:00,14:21:00,14:24:00,14:27:00,14:30:00,14:33:00,14:36:00,14:39:00,14:42:00,14:45:00,14:48:00,14:51:00,14:54:00,14:57:00,15:00:00,15:03:00,15:06:00,15:09:00,15:12:00,15:15:00,15:18:00,15:21:00,15:24:00,15:27:00,15:30:00,15:33:00,15:36:00,15:39:00
Diameter Midpoint
 16.3,279.558,217.346,372.875,265.592,335.181,373.27,248.846,497.298,279.558,715.433,248.846,186.635,178.863,310.664,372.875,179.652,265.592,124.423,248.452,209.969,279.952,117.44,62.2116,155.529,217.741,93.3174,210.757,31.1058,271110,65815,21986.6,7640.61,3048.93,1150.52,794.39,342.164,217.741,93.3174,62.2116,62.2116,31.1058,0,31.1058,0,0,31.1058,31.1058,0,0,0,0,0
 16.8,350.534,527.264,278.238,203.72,343.218,278.238,161.393,233.689,204.478,292.112,161.393,321.323,211.036,116.845,219.815,181.825,129.96,175.267,58.4224,64.9802,307.449,51.1059,116.845,204.478,87.6335,87.6335,123.403,204.478,278353,74456.8,25321.7,9551.08,4294.59,1858.57,1038.43,278.238,175.267,146.056,29.2112,29.2112,116.845,29.2112,0,29.2112,29.2112,0,0,0,0,29.2112,0,29.2112
 17.5,309.659,390.779,178.055,480.544,343.049,370.548,350.219,164.994,289.33,412.485,178.055,247.491,164.994,164.994,205.554,192.493,274.99,54.998,302.489,192.493,178.055,123.057,82.4969,164.994,54.998,164.994,117.166,109.996,297317,85981.3,29941.3,11344.9,5224.42,2369.23,946.552,515.213,227.162,302.489,54.998,109.996,27.499,0,27.499,27.499,54.998,0,27.499,0,0,27.499,0,0
 18.1,330.112,251.445,258.666,310.492,233.217,180.927,252.373,207.304,271.066,155.014,233.217,129.565,206.84,207.304,155.478,181.391,129.565,103.652,259.13,155.478,25.913,103.652,181.391,51.826,77.739,0,148.257,103.652,308314,94411.6,33779.6,16165.7,5667.15,2826.91,1513.03,510.575,485.59,258.666,155.014,25.4489,77.739,51.3619,25.913,25.913,25.913,0,0,0,51.826,51.826,0,0
 18.8,242.931,292.387,243.366,187.212,121.465,260.092,97.1723,145.758,138.626,114.333,145.758,72.8792,138.626,162.484,145.758,194.345,24.2931,89.605,162.484,65.3119,57.7447,24.2931,121.465,24.2931,41.0189,24.2931,24.7281,145.758,323762,98975.4,38601,16622.7,7208.7,4016.18,2281.34,1517.79,803.262,594.218,203.938,203.938,170.051,97.6073,65.3119,48.5861,0,48.5861,24.2931,24.2931,0,16.7258,0,0
 19.5,160.539,283.911,183.473,245.187,298.144,167.683,68.8025,183.473,98.8807,144.749,206.408,22.9342,75.9465,121.815,91.7367,68.8025,77.5034,144.749,84.6474,84.6474,106.025,0,45.8683,137.605,167.683,54.5692,137.605,4982.4,337804,110587,45279.7,19049.3,9502.54,5194.46,2172.63,1721.78,987.836,686.577,398.636,367.001,160.539,68.8025,144.749,68.8025,0,68.8025,0,22.9342,0,30.0781,0,0
 20.2,21.6705,251.825,86.6822,186.813,86.6822,173.364,195.035,65.0116,108.353,109.526,151.694,86.6822,86.6822,130.023,44.5141,65.0116,36.2926,86.6822,78.4607,144.645,65.0116,65.0116,43.3411,130.023,66.1846,36.2926,65.0116,84168.5,350003,120297,48310.2,22254.1,11436.8,6443.47,3552.55,1922.15,1238.09,712.771,462.655,318.01,303.388,131.196,86.6822,65.0116,44.5141,43.3411,0,65.0116,0,43.3411,21.6705,0
 20.9,122.969,81.9791,204.792,55.5837,81.9791,76.0785,96.5733,61.1718,81.6697,101.051,20.3383,40.7579,81.9791,20.4948,142.354,96.5733,80.7132,184.453,14.5942,101.364,61.4843,61.4507,20.3383,61.4843,60.3749,19.3854,19.8731,219960,344872,123575,56544.3,25873.2,12843.6,7045.47,4143.45,2693.69,1667.91,972.334,772.395,349.882,208.394,181.714,222.652,141.152,37.0621,26.9487,30.523,2.89543,11.9476,0,0,15.9423
 21.7,116.528,77.3453,135.779,180.211,77.6851,70.5352,83.2766,45.6791,64.929,97.0947,38.8367,97.0977,19.4213,194.213,19.4213,44.091,26.2637,58.0931,25.0128,38.8425,77.6851,19.42,38.8367,58.1557,0,19.4213,19.2337,532623,350643,130645,60157.3,28060.1,15104.6,8409.42,5223.33,3112.54,1633.6,995.315,716.683,596.688,429.669,154.618,204.078,182.598,79.1968,118.088,16.8314,74.3078,15.4119,0,67.054,10.7877
 22.5,110.441,55.3074,110.166,110.442,55.1253,104.125,55.1253,84.9311,48.8097,18.2483,54.8545,36.877,0,36.6879,18.4385,18.2511,48.8138,73.289,36.416,36.877,18.2494,36.6879,55.3155,0,36.877,36.6868,36.8731,616743,350014,142651,66304.6,33268.8,17547.6,10357.5,5939.26,4056.96,2247.93,1460.9,1116.2,592.886,558.155,431.388,197.868,191.579,109.677,98.459,88.6489,116.459,102.66,17.3686,112.698,7.30411
 23.3,105.109,132.765,140.586,80.2071,115.038,52.1409,35.035,35.0291,115.246,70.072,52.9934,70.074,34.7501,52.5535,35.037,0,17.5185,17.9564,35.4749,35.037,0,27.6516,17.5185,17.5178,17.3112,35.035,35.037,744500,351850,148213,69175,36619.4,21301.1,12151.8,7695.81,4634.03,2828.73,1795.31,1316.86,1170.44,532.579,441.094,448.163,304.562,152.595,278.625,61.1442,178.518,45.9958,47.8481,32.5007,95.1472
 24.1,16.5908,40.1694,52.4633,23.375,23.1466,35.8772,16.5908,32.9579,23.5833,32.9601,16.5863,16.5908,66.0213,55.1588,16.5861,16.5908,0,16.3692,0,33.1721,0,56.765,0,0,0,0,16.5908,976027,350170,152490,76364,39562.2,24145,13441,8555.09,5332.69,3561.21,2604.1,1659.36,1199.81,815.414,696.097,509.907,407.251,348.303,225.599,153.572,204.407,95.1164,123.781,68.3893,32.7486
 25.0,47.493,31.4341,13.0088,47.5023,31.6588,76.5979,0,47.2635,0,31.6682,31.4377,15.8341,31.6682,105.459,15.6,0,0,0,63.3364,31.2,47.2384,0,11.4961,0,0,0,11.4961,1.53927e+006,346826,162840,83001.7,43659.7,28329.1,15931.2,10518.5,6409.06,4541.13,3400.74,2246.7,1618.64,1351.14,872.236,901.759,659.702,515.008,385.769,154.893,234.938,220.968,142.072,133.255,108.445
 25.9,14.8898,60.5381,29.7625,45.4036,34.0835,30.2691,60.5381,14.8722,30.0211,30.2691,14.8813,0,0,30.2691,15.1345,0,0,15.1345,0,15.1345,0,15.1345,19.2669,0,0,0,34.3571,1.98305e+006,347933,166333,91000.9,49948.4,30676.2,18655.7,12034.5,8364.86,5505.06,4102,3135.96,1971.18,1682.64,1154.16,883.881,769.625,480.438,507.574,172.513,433.074,277.769,275.148,133.032,165.667
 26.9,28.9731,28.9731,14.24,28.9731,10.5981,0,28.9731,0,14.4865,14.4865,28.4719,0,28.9532,14.4865,28.9731,0,14.24,0,14.4865,0,0,14.4865,14.2387,14.4865,0,0,42.4093,2.16362e+006,345794,167743,93315.3,54184.7,33113.1,20967.7,13006.4,9117.74,6435.68,4406.32,3859.69,2356.2,2097.58,1572.57,1317.89,1023.8,713.795,412.507,462.382,279.526,210.235,231.625,314.754,326.246
 27.9,0,0,13.7633,27.4988,45.2303,0,13.7633,13.7633,31.4111,0,0,13.4976,13.5073,13.7633,55.0533,13.503,27.4988,0,0,0,0,0,13.7633,0,0,13.7354,96.1443,1.87868e+006,339729,173042,96351.6,57824.7,34507.5,23367.8,15355.8,10461.1,7277.05,5286.44,4272.13,3078.2,2337.69,1869.27,1514.15,1013.07,661.887,714.527,544.856,511.683,503.632,453.35,433.724,269.228
 28.9,13.212,52.8482,0,12.8944,9.42962,13.1769,13.212,0,22.0406,26.4241,0,20.0822,0,0,0,0,26.1416,13.212,0,0,13.1413,10.0068,0,12.8935,13.212,0,13.0746,1.49396e+006,331106,177709,103287,62156.7,39178.2,26091.7,17067.1,12543.3,8711.35,6698.54,5136.52,4004.41,2576.73,2696.62,1957.3,1730.46,1022.23,949.366,641.157,515.092,589.281,457.397,508.011,268.805
 30.0,0,0,12.5047,0,0,0,0,25.142,24.8943,25.1868,12.5934,18.6383,0,0,0,0,12.5934,0,0,0,0,2.70345,12.5934,0,0,0,50.0231,1.09226e+006,329666,181298,105363,65424.3,42252.1,30166.7,19827.6,14220.4,10217.3,6818.68,5509.08,4489.73,3020.94,2954.63,1873.71,1835.09,1401.1,1129.81,842.2,941.355,687.759,494.486,308.711,366.322
 31.1,0,23.9058,11.5203,12.0671,0,11.8385,0,0,12.0668,0,0,0,0,0,0,24.1338,0,12.0113,0,0,0,0,0,7.60837,0,0,11.5661,769896,324559,185059,111973,71296.8,48091.3,32554.1,22597.1,16557.8,12331.8,8806.71,7081.68,5019.59,4313.43,3564.5,2459.33,2123.65,1607.7,1219.78,1118.33,1082.09,741.452,741.59,737.851,595.452
 32.2,11.678,0,0,11.3751,11.678,0,11.678,46.6502,0,11.678,0,0,0,11.6111,0,11.0051,0,0,0,0,11.6111,11.6111,0,3.97896,0,11.678,0,698661,323370,186449,116238,75599.9,52020.2,35162.8,25310.7,18510.2,13899.6,10814.2,7761.96,6085.75,4808.23,4682.42,3222.07,2825.65,2232.84,1825.85,1660.2,1456.42,1206.96,1154.12,989.883,671.283
 33.4,0,0,0,0,11.1018,22.3555,0,0,0,0,0,0,15.4721,0,0,0,0,0,0,0,4.12547,0,0,0,11.1777,0,0,1.27845e+006,313955,189287,118305,78748.9,54507.4,37553.2,27920.8,20171.4,15514.9,12105.8,9381.13,8000.51,5441.22,4707.57,3769.52,3210.25,3134.46,2533.02,1957.67,1720,1287.44,1211.66,1072.45,1077.73
 34.6,0,0,0,10.1466,21.2716,0,0,10.6688,0,10.794,0,0,16.6592,0,0,0,0,10.794,0,0,6.40588,0,0,0,0,0,0,2.44722e+006,308416,190608,124621,84664.3,59016.5,41559.4,31018.2,23291.1,18199.6,13588.2,10426.1,8520.07,6687.95,5932.44,4730.82,4096.16,3400.23,2729.53,2617.1,2106.65,1786.42,1465.73,1487.32,1137.55
 35.9,0,10.3579,10.3579,0,0,0,0,10.151,0,0,9.82249,0,0,10.3579,10.3579,0,0,0,0,20.7158,10.0207,0,0,0,0,0,0,2.36439e+006,307247,194005,129287,89186.9,62608.9,46229.6,36005.1,26432.2,20172.2,16110.2,11881.9,10292.8,8265.18,6982.02,5655.69,4878.29,4426.6,3432.49,3185.65,2601.73,2016.22,1803.64,1337.54,1428.98
 37.2,9.8944,0,19.9172,0,10.0228,0,0,10.0228,10.0228,0,9.09641,0,0,0,0,0,0,0,0,0,39.9627,0,0,0,0,0,0,1.65045e+006,311707,202437,136666,96248.3,68051.7,50313.1,37553.3,29763.1,22765.4,19003.2,14184,11921.2,10058.4,8074.79,6404.82,5731.15,4805.6,4500.9,3969,2965,2828.02,2170.88,2154.77,1889.45
 38.5,0,0,9.15015,0,0,0,0,9.49875,0,0,18.5986,0,0,0,0,0,9.15105,0,0,0,0,0,9.1991,0,0,0,38.4346,1.1427e+006,309567,202410,140050,101048,73820.3,54542,42518.6,31804.5,25318.6,21027.5,17207.1,13331.3,10648.1,9717.39,8177.25,6687.81,5580.01,4634.89,4606.77,3488.1,2920.12,2709.9,2354.87,2333.11
 40.0,0,0,0,0,0,0,0,0,0,0,0,9.17649,8.84254,0,0,8.99142,0,0,0,9.34563,9.34563,0,0,0,0,0,6.51783,772409,310391,210924,150059,107663,80620,58244,46294.6,34416.7,28498.6,23483.6,19825,16130.8,13288.1,10965.7,9650.24,8226.94,7101.2,6075.87,5184.32,4371.84,3707.96,3526.01,3024.09,2887.52
 41.4,0,0,0,9.0078,0,0,0,0,18.0156,0,9.0078,0,0,0,0,0,9.0078,0,0,0,0,0,0,9.0078,0,9.0078,3.32652,534167,317876,215991,154545,109287,84624.5,64822.1,50918.8,40078.8,33739.5,27004.7,20971.2,17946.5,15360.5,12856.7,10879.1,9201.15,7770.85,7037.21,6335.43,5968.21,4907.91,4107.36,3704.56,3494.77
 42.9,0,0,0,8.53316,0,8.52982,0,0,8.74759,0,0,0,0,0,8.74759,0,0,0,8.74759,0,17.1522,8.31205,0,8.74759,0,0,8.03468,392191,322944,222670,163796,120184,91543.8,72067.4,56535.7,44461.2,36032.9,29174.2,24995.2,20986.8,17698,15313.3,12848.6,10980.9,10122.2,8401.09,7780.19,6952.97,5712.26,5038.5,4839.01,4356.42
 44.5,0,7.84957,16.7084,0,0,7.84957,0,8.44771,0,0,0,0,0,0,0,0,0,0,0,0,25.3431,7.74077,0,0,0,8.44771,15.433,340991,330166,235443,167879,126079,99361.9,78104.7,61706.9,51014.6,41192.5,33996.4,27854.8,23125.9,20218.4,17588.2,15177.4,13359.1,11869.2,9952.39,8553.74,7622.99,7097.1,6174.3,5387.28,5175.21
 46.1,0,7.86577,0,7.90107,0,0,0,0,7.94521,0,0,0,0,0,0,15.8665,8.21657,16.1832,0,0,0,0,0,8.21657,0,0,0,360247,341835,249253,183481,137401,107021,82728.4,68039,55727.5,45464.9,36962.3,31739.6,26672.6,23183.4,19600.5,17798.3,15453.7,14001.5,12007.9,10363,9828.71,8095.08,7387.15,7040.63,5996.08
 47.8,0,0,0,0,0,0,0,7.34975,7.30144,0,0,0,0,7.94902,0,7.67947,0,0,0,0,7.94902,7.94902,0,0,0,0,4.19481,414309,352447,250720,193874,148180,114186,92972.7,73291.9,60876.6,51877.3,41734.2,35498.8,30836.2,27456.8,22817.4,20238.9,18237.5,15716.1,14712.4,13197.3,10624.5,10417.8,9325.74,8061.89,7375.23
 49.6,0,0,0,15.1518,7.40457,0,7.4977,1.57773,0,0,15.4854,0,14.8568,0,0,0,7.74269,0,0,0,0,0,0,0,0,0,7.41685,447723,368800,273295,205190,158007,125893,103039,81824.1,68529.6,57184.4,48669.7,42072.4,36085.7,30521.4,26388.9,23873.1,20642.6,18726.4,16713.6,15072,12700.6,11895,10931.5,9567.55,9367.27
 51.4,0,0,0,0,0,0,0,4.62962,0,0,7.16003,0,0,0,0,0,0,0,0,0,7.54647,0,0,0,7.28986,7.21706,0,513074,381160,284108,217960,170866,136159,109507,91196.1,74767.7,64545.4,55210,48191.1,40777.1,35064.6,29967.8,26395.1,23295.2,21574.1,20453.7,18128.2,15302.9,14648.5,13355,12481.6,10904.1
 53.3,0,0,0,7.0625,0,0,14.7193,0,0,0,14.403,0,0,0,0,0,0,0,0,0,0,0,0,0,0,0,0,607988,397717,301426,230777,185017,149165,120116,100685,83991,70319.3,62797,52930.3,46881.4,39827.2,35662.1,31740.9,28259.3,26105.4,22523.1,20251.4,19502,16382.7,15792,13686.9,13060.1
 55.2,7.18168,0,7.18168,0,0,14.1672,0,0,0,0,14.0129,0,0,0,6.91767,0,7.18168,0,0,0,7.18168,0,0,0,0,0,0,666191,419115,317728,249093,195762,157535,134460,109103,93702.3,80052.7,68308.8,58372.8,52456.7,45170.1,40142.3,37654.1,32561.2,30084.6,25694.8,23508.9,22130.1,19418.9,17770.5,15680.1,14300.6
 57.3,35.0597,7.01194,6.70836,13.6011,6.82119,0,0,6.74239,0,7.01194,0,0,7.01194,0,0,7.01194,6.66532,0,0,0,0,0,21.0358,0,0,6.49384,6.00187,767959,439394,328993,265076,214590,171819,145882,123806,102960,86833.8,77655.1,67043.8,58786.2,52434,46605,41051.7,37936.5,33800.4,30639.5,27211.8,25757.2,22516.3,20703.3,19232.3,17528.3
 59.4,0,6.84993,5.6738,0,6.33707,0,5.72004,0,0,0,0,6.84993,6.02953,0,0,0,0,0,0,0,0,0,3.60214,0,0,0,102.246,824165,461280,352229,284405,229223,188896,158647,132072,114730,100546,85146.1,76999.8,66204.9,58673,51938.6,47794.3,43480.5,37296.2,35748.1,31805.7,27987,26204.5,23873.8,22422.8,20654.9
 61.5,0,6.69517,5.92529,0,5.87258,0,5.84901,0,0,0,0,0,0,0,0,0,0,6.69517,0,0,6.4419,0,3.17441,0,0,0,13.3903,835884,481892,370959,299797,245091,204374,172165,148301,127264,109015,94200.9,84330.2,74332.4,67590.2,58667.6,55144.2,49162.2,44471.7,40300.4,36701.9,32838.5,30214.3,26727,25486.9,23907.6
 63.8,0,6.54942,0,6.44907,0,6.54942,0,0,0,5.7237,0,0,0,0,0,0,0,0,0,0,0,13.0988,0,0,0,0,0,871145,503509,385024,319750,266085,214868,188457,160420,138372,120016,103835,91035.8,82951.2,73630.8,65179.3,60021.1,54048,50066.3,46636.9,40399,37296.8,35336.8,31505.7,29170.8,29012.7
 66.1,2.53959,6.41701,4.90521,5.77133,0,6.41701,0,0,0,0,0,0,0,3.91671,0,6.41701,0,0,0,2.9664,0,0,6.41701,0,0,0,38.355,946732,523110,413201,339276,280648,235671,203697,173753,151069,133562,116266,103855,89299.3,82681,73811.6,69309.2,61894.9,56656.9,51622.5,46410.8,43758.9,39730.8,36019.6,34014.7,32736
 68.5,7.91174,0,5.88661,0,5.68514,4.14758,0,0,6.19711,0,12.6442,0,3.52399,0,0,4.92974,0,5.70768,5.78897,3.39958,0,0,6.32211,0,0,0,63.2211,961392,545006,438338,359364,302188,253348,219680,190179,168387,145590,129871,115931,102285,92117.2,85754,76014.8,69898,64980.7,58117.1,53738.3,50038.4,45233,41032.8,37770.1,36600.2
 71.0,5.98359,0,3.99337,6.11322,0,5.90704,1.73475,12.0325,6.1988,4.19915,0,0,5.6614,0,6.04817,0,0,0,12.2199,0,0,0,0,0,5.54179,0,5.9714,937269,562642,447123,373873,304303,261778,227525,190572,171849,150105,134915,119307,106863,98385.3,87877.4,80746.1,72723.4,67119.3,59460.9,57297.7,50865.3,47927.8,44011.2,39919.6,38010.9
 73.7,5.56888,0,11.1549,0,5.96326,0,2.65125,0,6.0327,0,0,0,5.63715,0,0,0,0,6.097,0,0,0,0,5.40891,5.97499,0,6.11064,0,955945,575527,460579,383888,320588,272373,237982,208447,182941,160690,140956,130304,115845,103367,95318.1,88185.4,77235.3,72700.3,63941,59795.2,54698.4,49048.5,47238.1,43360,41482.1
 76.4,5.88707,3.34298,0,5.62921,5.68998,0,0,11.4627,0,0,5.99278,0,5.64009,0,4.95548,5.85098,0,0,0,0,0,5.8269,0.590155,5.9758,3.97937,0,5.37961,1.03775e+006,611302,483163,399940,338413,285914,250287,218970,194254,166975,150828,140935,127295,113652,103766,95632.1,87896.4,78520.4,73100,67342.9,62697.5,56866.6,52520.1,47853.9,44608.6
 79.1,0,0,0,0,5.73632,2.90553,0,11.4614,5.50273,0,0,0,0,0,5.16987,4.58799,0,0,0,0,0,0,0,5.59644,2.87721,0,16.4086,1.10516e+006,624815,504904,419504,358129,308024,269864,233768,209225,186245,166218,147664,134901,124401,112413,103961,95496.8,86532.5,79005.9,73078.5,68536.8,63406.5,59155.9,54102.9,50437.1
 82.0,0,0,0,0,3.92028,0.586494,5.53333,5.53969,0,0,4.30106,0,0,0,0,0,0,0,0,4.40935,0,0,0,0,2.38534,0,0,1.17798e+006,638023,523780,434955,372861,328676,284948,253350,227077,198305,175106,162539,146783,133388,121638,113934,103280,94937.6,88364.6,80819.2,73739.3,69802.6,64659.6,61181.5,56702.5
 85.1,0,0,3.31778,4.62026,0,0,0,0,5.55204,0,0,0,0,0,0,0,3.78818,5.54681,5.52467,11.0459,0,0,0,0,0,5.66221,11.0388,1.20617e+006,662040,539815,449940,393069,344663,302331,266848,241080,216084,188324,175022,157435,143877,133395,122828,109942,105101,96575.2,86702.4,82031.2,77216.2,71940.2,66055,62401.6
 88.2,0,0,10.0217,0,5.0143,5.02511,11.0471,0,0,10.9505,0,0,8.02119,0,0,3.69227,11.2358,0,11.0236,0,0,0,0,0,4.29517,0,0,1.25525e+006,679894,561215,478405,410902,364636,316026,278712,253438,228580,201738,187153,172266,155513,143325,133158,120049,114656,103207,95478.7,91320.5,82567.9,77261.9,72073.9,69264.4
 91.4,0,0,3.07705,2.71162,5.3653,0,3.37003,5.5972,5.06369,4.57914,4.02676,3.56269,0,0,10.2157,5.63498,0,0,0,0,2.21531,0,0,0,0,0,0,1.26367e+006,692348,586444,502575,428189,378449,330914,294100,267006,241806,219059,194887,184345,166190,156199,143368,131271,118886,110822,105598,97479.6,92001.9,84270.9,80099.7,75647.6
 94.7,0,0,0,0,0,0,1.95469,0,5.25694,5.16482,0,0,11.2168,9.19018,5.23483,0,0,0,0,0,0,0,0,0,0,5.58074,4.68061,1.22202e+006,719818,603730,517253,441181,394156,343696,307858,282041,251411,228950,210730,193762,175896,166242,150878,141083,130113,118502,113046,106416,96746.1,91397.7,85781.9,78396
 98.2,3.02445,0,10.7129,4.57544,0,0,4.70194,1.12584,4.99282,0,0,0,0,15.6714,0,0,13.1709,0,0,0,4.68528,0,0,0,0,0,0,1.24501e+006,744069,625732,534941,458327,406128,359820,318987,298577,264466,238272,222543,206716,186612,177773,162433,150480,137273,130806,121270,112355,104080,97927.2,90660.7,87236.5
101.8,11.0765,0,1.06845,0,4.06834,13.8888,15.2882,0,0,4.95566,0,5.52532,17.8716,0,7.84037,8.89307,6.42832,3.92439,3.4052,0,4.9429,4.97861,0,0,7.79544,5.38,0,1.30847e+006,762878,635667,541842,476539,419886,371260,336367,306477,274435,252808,231130,216395,200044,182545,172985,159154,146539,137340,129319,119585,110363,104179,100411,94277.3
105.5,0,0,11.4447,0.205293,4.91056,0.140705,5.30627,1.86755,0,10.6694,0,0,1.30476,6.12152,0,4.4449,4.89323,0,0,0,0,5.02646,0,0,2.4037,0,0,1.27343e+006,766386,642935,553122,493617,434050,387321,346553,319792,284466,259494,242919,226516,200049,192959,181354,169873,156027,147272,135879,128337,118990,111624,105764,99120.4
109.4,2.77503,3.67119,0,0,0,0,0,1.53798,0,0,9.68053,0,2.15057,3.75186,0,0,0,0,0,0,0,2.99929,0,0,0,0,0,1.21519e+006,776872,654164,562701,502268,446421,389893,359874,326788,296438,273028,252101,238480,216967,201309,191567,175708,163940,152839,142908,135006,125901,119161,109269,104759
113.4,0,12.9943,14.505,0,0,8.4004,4.74908,0,9.69304,2.7315,0,3.9709,1.61218,0,4.75214,0,3.88597,5.287,15.3488,0,0,0,0,0,9.47396,0,2.64412,1.17026e+006,778395,672258,578502,507551,457133,398851,368690,337199,305131,283478,258468,246858,226128,210581,198157,184403,172689,158959,148754,138883,133033,122596,119555,112268
117.6,0,5.90436,1.40794,2.10817,0,0,1.4301,0,0,4.69991,0,0,0,0,1.59181,5.38974,0,0,5.11156,0,0,0,2.61317,0,0,3.79262,7.18703,1.09964e+006,784614,669286,585843,510599,461966,409034,375816,344667,314164,292380,271636,253996,229557,219505,205637,188416,179890,167886,158314,148089,138087,128383,120814,114438
121.9,5.34137,10.0463,0,2.79824,6.14392,7.44321,0,0.747041,10.4223,4.48091,5.14635,5.37351,0,2.50431,0,0,0,0,5.05378,5.22372,0,15.8985,0,0,0,3.17045,0,1.03081e+006,784848,675203,590309,516862,470103,421930,379687,347368,315519,297456,277725,263148,241243,227303,215950,196790,185109,174580,163801,151711,144076,134408,128141,122560
126.3,1.18574,7.21706,10.1142,5.35734,14.4016,17.7146,6.85316,0,0,0,5.28229,0,0,3.27367,3.45451,0,10.7235,0,0,0,0,3.43681,0,4.31728,8.93539,0,1.57863,962682,782890,672539,592261,520530,474484,427546,390756,355741,325907,302107,284250,271921,248662,234445,221857,204908,194371,181747,172333,161042,149529,140012,135312,127807
131.0,6.74962,2.32636,2.4926,0,1.81191,2.94774,0,0,3.62523,0,0,15.1593,15.296,0,2.69093,10.2866,0,0,0,4.48522,0,13.761,0,0,5.34849,2.0929,0,903036,773904,670762,597198,522822,472493,427795,393198,359425,325738,309125,287904,274578,254921,236186,223725,210123,198623,187118,176141,165923,154158,144051,138370,131188
135.8,0,0,9.27586,2.44465,0,0,0,0,0,3.43777,7.39902,8.50151,0,0,0,0,0,0,5.28892,0,8.94429,0,0,0,5.25108,0,11.2746,862699,765006,662543,586674,528184,473138,435283,395281,358339,333296,311140,291278,277681,261390,240276,230217,213734,200300,193505,180730,166570,158981,151662,144333,133548
140.7,0,5.0745,5.30836,22.8649,2.96157,14.9985,19.5289,0,2.60821,0,3.70822,5.04442,0,5.29129,0,0,0,0,0,0,0,4.57508,0,5.15583,0,0,1.02149,827757,748721,650537,579376,522459,474173,432515,390420,362716,334350,314968,294791,280874,262669,246175,233292,216954,205934,196990,183628,171297,162129,155196,146299,139103
145.9,4.33436,0,2.30563,5.80064,9.41271,0,0,18.2083,0,3.03103,0,3.73924,0,0,0,3.00254,0,0,0,0,0,4.26674,2.06013,0,4.72832,0,0,809370,734249,637840,563526,515387,469519,429385,388970,360594,337380,314213,297376,284685,265177,248149,235795,216736,210073,197547,186847,175656,166245,158416,148217,144762
151.2,2.93358,9.11969,0,0,0,0,4.82085,7.96051,3.98828,0,7.24779,0,0,7.38291,10.0491,7.40967,5.21053,10.6832,0,0,4.03233,0,10.8844,8.7891,5.34912,0,0,782935,705340,616895,551367,499176,451928,423335,384002,356295,330116,311311,298590,281864,266175,248908,233295,219472,211908,199142,188660,175094,166920,158779,152896,144099
156.8,4.54517,3.59605,23.2711,6.61023,4.12206,0,0,0,0,0,8.37202,0,9.89279,3.29068,10.3529,5.3628,5.3628,0,9.8661,9.9498,0,0,0,5.00012,0,0,0,761244,677622,596902,534999,484218,442596,410933,375928,350184,329617,305735,291800,281216,263735,249541,229735,221655,212769,200770,189483,179356,168545,158972,151928,146577
162.5,9.13829,3.0325,9.69391,0,0,10.4514,0,16.131,0,0,0,4.95196,0,0,5.34903,0,0,5.24487,5.37699,4.66033,0,0,0,3.42819,0,0,0,730187,650936,569558,515768,467733,427977,400059,369689,342345,317368,300548,288136,275051,261190,246900,231491,219532,210243,200222,188016,177628,167554,160623,153473,148171
168.5,0,0,3.10016,16.1751,8.32736,0,8.991,8.50205,0,0.668939,5.30296,0,14.0281,0,11.812,5.18434,3.50517,0,0,1.96158,110.26,10.7834,0,0,0,0,11.8942,697176,615412,542923,492256,446476,410360,384992,353071,333316,310889,294592,282377,270022,258320,244297,228895,217591,208011,199176,187393,180000,167603,159666,153411,145725
174.7,0,0,5.25679,0,0,8.54116,0,0,4.42993,9.65771,0,4.2541,10.7627,3.27562,20.1836,0,4.86449,0,0,3.07943,28.0372,2.79406,0,2.42456,5.33027,0,0,673842,575394,513401,464728,424280,390073,367637,338839,323953,306803,287703,274669,263768,251981,236569,224091,214333,206021,195267,185896,175067,167274,160442,151980,144592
181.1,0,9.13212,10.7399,8.88471,0,0,12.5787,0,0,0,0,0,0,16.3455,9.70413,0,3.73928,0,0,1.89524,28.3962,8.38344,5.44849,0,0,0,2.93496,635853,532997,480062,439098,405974,372984,349912,323124,309095,290561,271105,264054,256045,244404,231439,217196,208437,197458,190465,180004,171971,163959,156150,149768,142742
187.7,0,0,0,5.37674,0,0,5.34874,13.4422,0,0,0,0,0,5.49124,3.8063,5.49124,10.9825,0,0,0,11.3797,0,4.77897,0,3.19294,0,10.9825,598040,488197,443168,406758,377352,347314,329882,306689,292317,276923,263923,249460,242358,233090,221776,209862,201136,193291,186299,176423,169158,159789,152914,146410,139042
194.6,3.34955,7.52419,0,0,0,4.05335,0.30452,3.47084,0,0,0,0,5.50828,4.42891,9.83386,16.5249,0,0,0,5.50828,0,5.13272,0,0,5.50828,0,5.50828,553576,440367,404047,372041,346557,320383,303444,280548,270509,256428,246885,239711,231637,220425,211717,198013,192122,183141,177639,168078,160385,153769,148560,138410,134683
201.7,0,3.45308,6.09022,0,9.11386,2.1458,10.157,0,5.43558,7.87402,0,0,0,0,0,0,0,3.67055,5.55289,0,0,6.41183,1.15897,0,0,0,11.1058,518964,397037,367049,336952,315566,289694,281377,260715,251811,239743,228993,223913,215927,208610,200606,188750,184282,174037,171957,162652,152268,147560,142578,136397,129358
209.1,9.12199,22.2585,4.59644,5.59869,0,2.66878,0,5.09755,0,0,11.1974,0,0,3.8391,0,5.59869,0,0,0,0,0,4.73267,10.6859,0,0,0,0,458878,352971,325801,299805,282190,264941,255380,240427,230378,220414,213926,208385,200795,192482,187581,178278,171356,164592,158304,153764,144901,141482,132803,128237,123349
216.7,4.45339,0,0,4.79284,0,2.53456,4.48394,4.45339,10.2246,15.8703,0,5.6457,0,0,0,0,0,0,0,0,14.4762,0,0,0,0,0,3.38742,396219,308915,288933,267378,247323,237961,226877,217807,207249,201910,193338,188511,184878,180700,175258,165202,160668,150496,149915,143863,134424,131725,124988,122013,115634
224.7,0,0,0,4.78535,0,0,0,0,0,1.07592,0,1.75678,0,0,0,0,0,0,11.3879,0,0,0,0,0,0,0,16.233,336524,265966,251733,233468,218016,209997,204470,191851,186350,181379,174408,170034,168796,164593,159666,154239,146671,142937,136507,133364,127274,121790,116758,112872,107324
232.9,5.19784,0,5.19784,0,5.24713,0,0.901419,11.4869,0,0,0,4.64364,0,0.305289,0,0,0,0,0,5.74347,0,5.74347,4.64364,4.25443,0,0,17.2304,279823,226661,215726,199773,189358,183102,175832,169658,164937,158779,155743,152803,151491,148365,144730,139509,133977,128741,126532,121164,116751,112157,108300,104751,97368.2
241.4,0,0,4.94115,11.6486,5.82431,0,0,0,5.82431,0,0,0,0,11.339,0,0,0,0,5.70123,0,4.40307,0,0,0,0,0,29.1216,231078,188406,182377,170984,160049,157417,152863,146674,145173,138127,138944,134194,132562,133925,129104,124393,119946,115931,114949,109352,106867,104491,100832,94666.7,90842.3
250.3,0,2.68665,8.56369,0,0,0,0,0,0,5.87704,0,0,0,0,0,0,0,0,0,0,0,0,11.7541,0,0,0,11.7541,187040,157558,149278,140173,136014,132322,127874,124154,124370,119454,120569,118176,116741,116704,113021,109603,105368,102893,102070,98295.8,96486.1,92757.8,88469,85198.4,82361.6
259.5,0,5.93115,0,0,0,0,5.86886,0,3.07163,5.93115,0,0,4.79667,5.93115,0,0,0,0,0,0,0.263551,0,0,5.93115,0,0,11.8623,149434,124611,120957,114244,114213,110920,105396,102764,104737,101248,103792,102914,101437,102099,98145.1,93895.1,92380.7,90420.6,88576.8,86517.6,84152.7,82414.2,80984.7,75608.3,71600.1
269.0,4.41079,0,6.00723,0,5.83702,10.418,3.26808,6.00723,0,0,0,6.00723,3.50355,13.8745,0,0,4.41079,0,6.00723,6.00723,0,0,0,0,0,0,6.00723,119673,100344,96573.2,93190.4,90565.4,89556.8,86663.5,86132.6,86433.4,84668.2,85636.4,85262.6,85764.5,85153.5,84690.7,80643.2,80086.3,78927,76669.7,76221.6,72151.7,72772.2,69640.8,67142.6,63342.4
278.8,1.85702,0,0,6.06895,6.06895,3.93235,0,0,0,0,0,0,0,4.18976,0,0,0,6.06895,0,0,0,6.06895,6.06895,0,0,0,6.06895,90692.2,78026.3,74631.2,73593.1,72988.1,72360.7,70117.1,68833.8,69793.2,68045.4,70224.1,70392.1,71962.1,71745.4,71662.9,70215.4,68337.8,66213.5,65275.8,63734.4,62087.3,61389.8,59528.9,58514.3,55412.5
289.0,0,0,0,3.59029,18.4981,0,6.16602,0,0,6.16602,8.24779,0,0,0,0,0,3.80752,0,0,0,0,6.16602,0,0,6.16602,32.1672,6.16602,68717,58106.3,56215.1,55891.3,56248.9,55554.2,55375.5,55758.8,55748.1,56299.5,57458.4,57569.2,58617.6,59912,60506.3,59197.4,56992,56267.4,55429.6,54756.1,53037,52202.7,51158.6,49364.9,46571.7
299.6,0,6.11242,0,0,0,0,0,6.26647,0,12.5329,7.30673,0,0,0,6.19991,0,0,0,0,0,0,0,0,0,6.26647,48.4699,0,50397.2,43832.8,43473.2,42562.7,41986.7,42876,42847.2,43121.9,44396.4,44318.2,47251.1,46525.8,46451.5,47940.7,48979.6,47470.4,46617.1,47432.7,46257,44695.1,45040.5,44314.9,43216.8,41639.9,40799.7
310.6,0,6.33428,0,0,0,0,0,6.33428,0,12.6686,0,0,0,0,0,0,0,0,0,0,0,0,0,6.33428,0,30.4739,0,36578.8,30990.5,31216.3,31221.3,31362.4,32090.6,31500.6,32664.7,33881.3,34853.8,35935.9,36292.1,37527.2,39255.4,38207.8,38111,39089,37595.7,37884.2,37302,36132.2,36286.4,35485.2,33945.7,33856.3
322.0,12.8816,6.44078,0,0,6.44078,6.44078,0,0,0,6.44078,0,0,0,6.44078,6.44078,0,0,0,0,0,0,0,10.6733,6.44078,0,26.0426,0,25654.5,21797.9,21970.5,21990.1,22722.6,23266.2,23870.5,24532.5,25442.7,26505,26575.5,29434,29720.7,29778.6,30213.6,30453.4,29767.4,30411.9,29926.2,29716.7,29160.2,29762.9,28863.1,28262.3,27336.6
333.8,0,0,0,0,0,6.55114,0,0,0,6.55114,0,6.55114,6.55114,0,0,0,0,0,0,6.10272,6.10272,0,2.24606,0,0,67.2834,0,17347.7,14941.4,16295.7,15821.1,16042.6,16939.8,17259.2,17766,18856.5,19046.4,20823.2,21760.2,22431.3,23445.2,23812.6,23932.9,23427.1,24631.4,23949.8,23435.9,23272.4,23740.1,23967.4,22528.7,22192.7
346.0,0,0,0,0,0,0,0,0,0,0,0,0,0,26.5036,0,0,0,0,0,2.6709,0,0,0,0,0,14.2021,0,11148.3,10503.1,10415.3,10344.1,10462.3,11232.6,12069.3,12739.1,13001.1,13629.2,15642.6,15900.8,16985.3,17424.1,17275,17840.1,18390.1,17607.7,18443.2,18806.2,18174.1,18764.9,18596.2,17937,17630.8
358.7,0,0,0,0,0,6.74318,0,0,0,0,0,0,0,0,0,0,0,0,0,6.74318,6.74318,0,0,0,0,36.467,6.74318,7280.53,6804.87,6756.3,6808.51,7594.44,7615.51,7973.8,8854.89,9601.79,9941.14,10888.9,10903.9,12180.9,12543.8,13485.3,13394.6,13903.9,13569.2,14246.4,14319,14094.2,14581.2,14466.3,14262.1,14021.3
371.8,0,0,0,0,6.86492,0,0,0,6.86492,0,0,6.86492,0,0,2.11303,6.86492,0,0,0,0,13.7298,0,6.86492,20.5948,0,36.5317,0,4368.42,3768,3969.38,4208.32,4716.72,5145.96,5263.65,5881.37,6767.23,7251.42,7916.39,7929.2,8885.32,9228.52,9313.14,9456.21,10357.5,9738.93,10748.4,10600.6,10906.4,10861,10681.3,10186.8,10420.9
385.4,0,0,0,0,0,0,10.6982,0,0,0,0,0,0,0,1.04768,0,0,0,6.99135,0,0,0,0,0,0,38.6636,0,2627.33,2500.84,2720.89,2882.09,2954.93,3165.46,3530.97,4123.52,4252.71,4643.62,5337.17,5449.96,5786.84,6416.35,7321.03,7683.29,7005.98,7729.89,7774.91,7739.3,7454.79,8295.04,7838.42,8252.69,7658.51
399.5,0,11.8133,0,0,0,7.07738,0,0,0,0,7.07738,0,0,0,0,0,0,0,0,0,0,0,0,0,0,21.2321,0,1640.92,1564.42,1597.73,1733.89,1804.43,2006.61,2341.65,2652.08,3056.24,2943.49,3674.22,3881.53,4396.91,4463.6,4859.46,4995.03,5335.51,5128.68,5212.62,5459.34,5963.29,5478.94,5548.77,5638.3,5690.11
414.2,0,7.21226,7.21226,0,0,7.21226,0,0,0,0,0,0,0,0,0,0,0,0,0,0,0,7.21226,0,0,0,7.21226,0,836.308,824.807,995.003,1058.74,976.338,1297.58,1434.6,1693.61,1935.18,1773.42,2278.55,2518.59,2861.23,3131.64,3475.3,3386.4,3268.25,3593.64,3799.24,3929.04,4140.06,4495.55,4365.65,4297.56,4487.99
429.4,0,0,0,0,6.85275,0,0,0,7.35261,0,22.0578,0,0,0,0,0,0,0,0,0,7.35261,0,0,0,0,0,0,560.99,561.046,572.892,722.692,744.806,578.555,904.536,1140.26,1223.97,1427.35,1392.5,1637.47,1914.59,2193.68,2067.44,2844.96,2460.35,2629.93,2769.96,2831.72,3167.14,2867.99,3226.18,2940.54,3011.3
445.1,0,0,0,0,0.506372,0,0,0,0,0,0,0,7.44841,0,0,0,0,0,0,0,7.44841,0,0,0,0,29.7937,0,296.572,307.41,446.135,337.028,389.255,496.073,526.703,670.931,747.616,652.402,1060.02,1203.14,1311.15,1382.4,1467.3,1673.99,1584.45,1736.46,1766.33,2123.59,1826.74,2053.85,2190.97,2026.27,2045.64
461.4,7.59861,0,0,0,0,7.59861,0,0,0,0,0,0,0,0,0,0,7.59861,0,0,0,7.59861,0,0,0,0,22.7958,0,179.259,73.6964,199.372,235.513,186.509,317.886,350.526,314.867,358.213,484.618,677.572,714.34,848.883,887.428,951.02,1109.68,1000.46,1200.23,1300.68,1363.38,1447.39,1403.83,1469.11,1286.79,1676.81
478.3,7.75522,0,0,0,0,0,0,7.75522,0,0,0,0,0,0,0,0,0,0,0,0,0,0,0,0,0,7.75522,0,96.7342,91.3159,94.6553,118.665,136.513,100.074,204.563,230.91,234.581,384.114,418.548,433.75,473.837,509.378,620.288,727.114,585.749,634.617,1005.66,918.99,854.457,844.365,948.854,966.935,969.297
495.8,0,0,0,7.86247,0,7.86247,0,0,0,0,0,0,0,0,0,0,0,0,0,0,0,0,0,0,0,15.7249,0,52.7201,35.59,70.7622,40.7175,55.0373,62.8997,122.077,131.345,182.66,196.067,232.987,316.245,284.453,298.697,348.683,367.142,470.417,394.603,411.012,504.032,619.652,666.827,671.804,744.616,653.913
514.0,0,0,0,0,0,0,0,0,0,0,8.03067,8.03067,0,0,0,0,0,0,0,0,0,0,8.03067,0,0,8.03067,0,54.7794,24.092,40.1534,45.2764,32.1227,80.3067,48.184,85.4298,78.8714,85.4669,96.368,209.578,229.364,153.326,208.142,324.952,249.076,395.844,313.358,377.493,407.511,364.413,307.344,475.37,446.935
532.8,0,0,0,0,0,0,0,0,0,0,0,0,0,0,0,0,0,0,0,0,24.4383,0,0,0,0,0,0,19.464,24.4383,32.5844,20.9575,24.4383,40.7305,0,45.3958,48.8766,43.9023,114.045,68.1558,125.179,105.405,117.032,162.922,150.801,118.032,260.181,279.152,317.389,206.33,250.233,300.603,277.658
552.3,0,0,0,0,0,0,0,0,0,0,0,0,0,0,0,0,0,0,0,0,0,0,0,0,0,0,0,5.04698,16.5301,16.5301,21.5771,0,8.26507,48.7547,13.3121,16.5301,37.2715,33.0603,72.7142,33.0603,38.1073,90.9158,98.3451,125.805,93.4556,150.475,144.875,172.052,140.664,122.587,130.016,187.872
572.5,0,0,0,0,0,0,0,0,0,0,0,0,0,0,0,0,0,28.2902,0,0,0,0,0,0,0,8.45177,0,8.45177,16.9035,0,25.3553,0,28.2902,17.7581,25.3553,16.9035,43.1134,50.7106,27.0645,33.8071,25.3553,84.5177,43.1134,42.2588,64.6611,87.9361,101.403,130.195,77.7751,92.9694,178.342,96.759
593.5,0,0,0,0,0,0,0,0,0,0,0,0,0,0,0,0,0,5.60071,0,8.58027,8.58027,0,0,0,0,8.58027,0,42.9013,6.31898,8.58027,0,8.58027,14.181,17.1605,8.58027,8.58027,8.58027,8.58027,23.4795,17.1605,23.4795,17.1605,42.9013,40.64,65.6626,17.1605,69.002,42.9013,74.9611,34.3211,83.5414,114.883
615.3,0,0,0,0,0,0,0,0,0,0,0,0,0,0,0,0,0,0,0,0,0,0,0,0,0,0,0,0,0,0,0,0,0,0,0,0,0,0,0,0,0,0,0,0,0,0,0,0,0,0,0,0
637.8,0,0,0,0,0,0,0,0,0,0,0,0,0,0,0,0,0,0,0,0,0,0,0,0,0,0,0,0,0,0,0,0,0,0,0,0,0,0,0,0,0,0,0,0,0,0,0,0,0,0,0,0
661.2,0,0,0,0,0,0,0,0,0,0,0,0,0,0,0,0,0,0,0,0,0,0,0,0,0,0,0,0,0,0,0,0,0,0,0,0,0,0,0,0,0,0,0,0,0,0,0,0,0,0,0,0
685.4,0,0,0,0,0,0,0,0,0,0,0,0,0,0,0,0,0,0,0,0,0,0,0,0,0,0,0,0,0,0,0,0,0,0,0,0,0,0,0,0,0,0,0,0,0,0,0,0,0,0,0,0
710.5,0,0,0,0,0,0,0,0,0,0,0,0,0,0,0,0,0,0,0,0,0,0,0,0,0,0,0,0,0,0,0,0,0,0,0,0,0,0,0,0,0,0,0,0,0,0,0,0,0,0,0,0
Scan Up Time(s),155,155,155,155,155,155,155,155,155,155,155,155,155,155,155,155,155,155,155,155,155,155,155,155,155,155,155,155,155,155,155,155,155,155,155,155,155,155,155,155,155,155,155,155,155,155,155,155,155,155,155,155
Retrace Time(s),10,10,10,10,10,10,10,10,10,10,10,10,10,10,10,10,10,10,10,10,10,10,10,10,10,10,10,10,10,10,10,10,10,10,10,10,10,10,10,10,10,10,10,10,10,10,10,10,10,10,10,10
Down Scan First,FALSE,FALSE,FALSE,FALSE,FALSE,FALSE,FALSE,FALSE,FALSE,FALSE,FALSE,FALSE,FALSE,FALSE,FALSE,FALSE,FALSE,FALSE,FALSE,FALSE,FALSE,FALSE,FALSE,FALSE,FALSE,FALSE,FALSE,FALSE,FALSE,FALSE,FALSE,FALSE,FALSE,FALSE,FALSE,FALSE,FALSE,FALSE,FALSE,FALSE,FALSE,FALSE,FALSE,FALSE,FALSE,FALSE,FALSE,FALSE,FALSE,FALSE,FALSE,FALSE
Scans Per Sample,1,1,1,1,1,1,1,1,1,1,1,1,1,1,1,1,1,1,1,1,1,1,1,1,1,1,1,1,1,1,1,1,1,1,1,1,1,1,1,1,1,1,1,1,1,1,1,1,1,1,1,1
Impactor Type(cm),0.071,0.071,0.071,0.071,0.071,0.071,0.071,0.071,0.071,0.071,0.071,0.071,0.071,0.071,0.071,0.071,0.071,0.071,0.071,0.071,0.071,0.071,0.071,0.071,0.071,0.071,0.071,0.071,0.071,0.071,0.071,0.071,0.071,0.071,0.071,0.071,0.071,0.071,0.071,0.071,0.071,0.071,0.071,0.071,0.071,0.071,0.071,0.071,0.071,0.071,0.071,0.071
Sheath Flow(lpm),3,3,3,3,3,3,3,3,3,3,3,3,3,3,3,3,3,3,3,3,3,3,3,3,3,3,3,3,3,3,3,3,3,3,3,3,3,3,3,3,3,3,3,3,3,3,3,3,3,3,3,3
Aerosol Flow(lpm),1.5,1.5,1.5,1.5,1.5,1.5,1.5,1.5,1.5,1.5,1.5,1.5,1.5,1.5,1.5,1.5,1.5,1.5,1.5,1.5,1.5,1.5,1.5,1.5,1.5,1.5,1.5,1.5,1.5,1.5,1.5,1.5,1.5,1.5,1.5,1.5,1.5,1.5,1.5,1.5,1.5,1.5,1.5,1.5,1.5,1.5,1.5,1.5,1.5,1.5,1.5,1.5
CPC Inlet Flow(lpm),1.5,1.5,1.5,1.5,1.5,1.5,1.5,1.5,1.5,1.5,1.5,1.5,1.5,1.5,1.5,1.5,1.5,1.5,1.5,1.5,1.5,1.5,1.5,1.5,1.5,1.5,1.5,1.5,1.5,1.5,1.5,1.5,1.5,1.5,1.5,1.5,1.5,1.5,1.5,1.5,1.5,1.5,1.5,1.5,1.5,1.5,1.5,1.5,1.5,1.5,1.5,1.5
CPC Sample Flow(lpm),0.3,0.3,0.3,0.3,0.3,0.3,0.3,0.3,0.3,0.3,0.3,0.3,0.3,0.3,0.3,0.3,0.3,0.3,0.3,0.3,0.3,0.3,0.3,0.3,0.3,0.3,0.3,0.3,0.3,0.3,0.3,0.3,0.3,0.3,0.3,0.3,0.3,0.3,0.3,0.3,0.3,0.3,0.3,0.3,0.3,0.3,0.3,0.3,0.3,0.3,0.3,0.3
Low Voltage,14.0228,14.0228,14.0228,14.0228,14.0228,14.0228,14.0228,14.0228,14.0228,14.0228,14.0228,14.0228,14.0228,14.0228,14.0228,14.0228,14.0228,14.0228,14.0228,14.0228,14.0228,14.0228,14.0228,14.0228,14.0228,14.0228,14.0228,14.0228,14.0228,14.0228,14.0228,14.0228,14.0228,14.0228,14.0228,14.0228,14.0228,14.0228,14.0228,14.0228,14.0228,14.0228,14.0228,14.0228,14.0228,14.0228,14.0228,14.0228,14.0228,14.0228,14.0228,14.0228
High Voltage,9507.79,9507.79,9507.79,9507.79,9507.79,9507.79,9507.79,9507.79,9507.79,9507.79,9507.79,9507.79,9507.79,9507.79,9507.79,9507.79,9507.79,9507.79,9507.79,9507.79,9507.79,9507.79,9507.79,9507.79,9507.79,9507.79,9507.79,9507.79,9507.79,9507.79,9507.79,9507.79,9507.79,9507.79,9507.79,9507.79,9507.79,9507.79,9507.79,9507.79,9507.79,9507.79,9507.79,9507.79,9507.79,9507.79,9507.79,9507.79,9507.79,9507.79,9507.79,9507.79
Lower Size(nm),15.9634,15.9634,15.9634,15.9634,15.9634,15.9634,15.9634,15.9634,15.9634,15.9634,15.9634,15.9634,15.9634,15.9634,15.9634,15.9634,15.9634,15.9634,15.9634,15.9634,15.9634,15.9634,15.9634,15.9634,15.9634,15.9634,15.9634,15.9634,15.9634,15.9634,15.9634,15.9634,15.9634,15.9634,15.9634,15.9634,15.9634,15.9634,15.9634,15.9634,15.9634,15.9634,15.9634,15.9634,15.9634,15.9634,15.9634,15.9634,15.9634,15.9634,15.9634,15.9634
Upper Size(nm),723.394,723.394,723.394,723.394,723.394,723.394,723.394,723.394,723.394,723.394,723.394,723.394,723.394,723.394,723.394,723.394,723.394,723.394,723.394,723.394,723.394,723.394,723.394,723.394,723.394,723.394,723.394,723.394,723.394,723.394,723.394,723.394,723.394,723.394,723.394,723.394,723.394,723.394,723.394,723.394,723.394,723.394,723.394,723.394,723.394,723.394,723.394,723.394,723.394,723.394,723.394,723.394
Density(g/cc),1,1,1,1,1,1,1,1,1,1,1,1,1,1,1,1,1,1,1,1,1,1,1,1,1,1,1,1,1,1,1,1,1,1,1,1,1,1,1,1,1,1,1,1,1,1,1,1,1,1,1,1
Title,,,,,,,,,,,,,,,,,,,,,,,,,,,,,,,,,,,,,,,,,,,,,,,,,,,,
Status Flag,Conditioner Temperature Error ,Conditioner Temperature Error ,Conditioner Temperature Error ,Conditioner Temperature Error ,Conditioner Temperature Error ,Conditioner Temperature Error ,Conditioner Temperature Error ,Conditioner Temperature Error ,Conditioner Temperature Error ,Conditioner Temperature Error ,Conditioner Temperature Error ,Conditioner Temperature Error ,Conditioner Temperature Error ,Conditioner Temperature Error ,Conditioner Temperature Error ,Conditioner Temperature Error ,Conditioner Temperature Error ,Conditioner Temperature Error ,Conditioner Temperature Error ,Conditioner Temperature Error ,Conditioner Temperature Error ,Conditioner Temperature Error ,Conditioner Temperature Error ,Conditioner Temperature Error ,Conditioner Temperature Error ,Conditioner Temperature Error ,Conditioner Temperature Error ,Conditioner Temperature Error ,Conditioner Temperature Error ,Conditioner Temperature Error ,Conditioner Temperature Error ,Conditioner Temperature Error ,Conditioner Temperature Error ,Conditioner Temperature Error ,Conditioner Temperature Error ,Conditioner Temperature Error ,Conditioner Temperature Error ,Conditioner Temperature Error ,Conditioner Temperature Error ,Conditioner Temperature Error ,Conditioner Temperature Error ,Conditioner Temperature Error ,Conditioner Temperature Error ,Conditioner Temperature Error ,Conditioner Temperature Error ,Conditioner Temperature Error ,Conditioner Temperature Error ,Conditioner Temperature Error ,Conditioner Temperature Error ,Conditioner Temperature Error ,Conditioner Temperature Error ,Conditioner Temperature Error 
td(s),0.286,0.286,0.286,0.286,0.286,0.286,0.286,0.286,0.286,0.286,0.286,0.286,0.286,0.286,0.286,0.286,0.286,0.286,0.286,0.286,0.286,0.286,0.286,0.286,0.286,0.286,0.286,0.286,0.286,0.286,0.286,0.286,0.286,0.286,0.286,0.286,0.286,0.286,0.286,0.286,0.286,0.286,0.286,0.286,0.286,0.286,0.286,0.286,0.286,0.286,0.286,0.286
tf(s),5.51527,5.51527,5.51527,5.51527,5.51527,5.51527,5.51527,5.51527,5.51527,5.51527,5.51527,5.51527,5.51527,5.51527,5.51527,5.51527,5.51527,5.51527,5.51527,5.51527,5.51527,5.51527,5.51527,5.51527,5.51527,5.51527,5.51527,5.51527,5.51527,5.51527,5.51527,5.51527,5.51527,5.51527,5.51527,5.51527,5.51527,5.51527,5.51527,5.51527,5.51527,5.51527,5.51527,5.51527,5.51527,5.51527,5.51527,5.51527,5.51527,5.51527,5.51527,5.51527
D50(nm),593.091,593.091,593.091,593.091,593.091,593.091,593.091,593.091,593.091,593.091,593.091,593.091,593.091,593.091,593.091,593.091,593.091,593.091,593.091,593.091,593.091,593.091,593.091,593.091,593.091,593.091,593.091,593.091,593.091,593.091,593.091,593.091,593.091,593.091,593.091,593.091,593.091,593.091,593.091,593.091,593.091,593.091,593.091,593.091,593.091,593.091,593.091,593.091,593.091,593.091,593.091,593.091
Median(nm),18.369,18.716,19.0638,18.8424,18.4105,18.5839,18.3784,18.3335,18.3663,17.5849,18.8866,17.7899,18.4984,19.1267,18.1224,18.387,17.7919,19.5813,18.1541,18.8912,19.0941,20.1627,18.7563,18.5402,19.0781,23.4379,22.2057,66.4266,86.735,99.3574,106.597,111.939,116.091,119.959,122.674,125.338,128.072,130.738,133.061,135.284,137.781,139.288,140.134,142.049,143.558,145.244,146.415,147.505,148.952,150.074,150.848,151.335
Mean(nm),29.4455,29.7863,30.5687,29.0388,31.0861,33.7379,31.5302,31.9214,28.3869,29.3883,36.6814,31.932,32.6353,35.5412,31.2063,29.8471,31.1378,39.5816,29.5238,33.8561,61.7956,42.9213,43.0289,35.0451,31.7578,167.316,49.1776,80.4999,95.6818,107.059,114.163,119.661,123.967,127.739,130.802,133.811,136.506,139.382,141.716,144.087,146.537,148.288,149.526,151.285,152.721,154.515,155.836,157,158.607,159.725,160.505,161.023
Geo. Mean(nm),21.7016,21.9056,22.9498,22.1673,22.2597,22.5951,22.7944,22.6742,21.8723,21.1534,23.5986,21.9632,23.3313,23.612,22.4251,22.3384,22.4975,23.2684,21.7539,22.5522,30.6361,27.1847,25.5019,22.7291,22.8156,68.3966,31.7681,63.6538,75.6339,89.0394,97.6804,104.223,109.217,113.434,116.808,120.013,122.82,125.696,128.117,130.558,132.909,134.631,135.867,137.595,139.036,140.778,142.048,143.135,144.663,145.752,146.572,147.055
Mode(nm),16.8485,16.8485,16.2531,17.4658,16.8485,16.2531,17.4658,16.2531,17.4658,16.2531,16.2531,16.8485,16.8485,16.2531,16.2531,18.7688,17.4658,20.908,17.4658,16.2531,16.8485,17.4658,18.1056,16.8485,16.2531,17.4658,16.2531,34.5989,121.881,121.881,130.975,135.773,126.346,135.773,135.773,140.746,145.902,140.746,151.247,145.902,151.247,156.788,145.902,156.788,156.788,156.788,156.788,168.485,156.788,162.531,162.531,162.531
Geo. Std. Dev.,1.71911,1.73377,1.77265,1.70031,1.79231,1.87542,1.82221,1.8405,1.67811,1.76616,1.9499,1.8308,1.85457,1.93524,1.84235,1.77779,1.8209,1.95825,1.76906,1.85843,2.6601,2.16481,2.15309,1.93592,1.86366,4.23091,2.23374,1.99242,2.0797,1.91569,1.81271,1.74404,1.69819,1.66599,1.64225,1.62384,1.61071,1.6008,1.59055,1.5811,1.57697,1.57245,1.56809,1.56477,1.56054,1.55754,1.55521,1.55423,1.55232,1.55045,1.54738,1.54668
Total Concentration(#/cm³),38.6038,47.11,41.0504,42.8959,38.9098,39.3588,30.9395,33.4463,31.7159,40.2584,28.7027,23.6339,24.1967,30.1483,27.4562,22.5435,20.993,20.1514,23.6219,20.8382,26.4854,14.0903,15.6351,18.1416,14.9073,17.4981,27.2557,1.01933e+006,573493,431171,352107,298618,260805,231717,207395,189693,172812,159952,149650,141191,131759,123855,116355,109050,103119,97712.6,92163.2,86817.6,82182.9,77836.4,73914.7,70290.2
Comment,,,,,,,,,,,,,,,,,,,,,,,,,,,,,,,,,,,,,,,,,,,,,,,,,,,,
