Sample File,C:\Users\VanceLab\Desktop\CASA_InLab_Sp23\Chamber\Chamber_Butanol_SMPS_AgedSmoke_LRH_20230512_nodryer_01.S82,
AIM Version,10.3.1.0
Classifier Model,3082       ,Classifier S/N,3082021905001   ,Classifier Firmware Version,2.60
Neutralizer Model,3088,Neutralizer S/N,3088011906004
Impactor (cm),0.071,Impactor S/N,7100764
DMA Model,3081,DMA S/N,3081A1903007
DMA Inner Radius (cm),0.937
DMA Outer Radius (cm),1.961
DMA Characteristic Length (cm),44.369
HV Polarity,NEG,
Detector Model,3750,Detector S/N,3750190603,Nano Enhancer , None
Detector Sample Flow (L/min),1.00,Detector Inlet Flow (L/min),1.00
Reference Gas Viscosity (Pa*s),1.832450e-005
Reference Mean Free Path (m),6.730000e-008
Reference Gas Temperature (K),296.15
Reference Gas Pressure (kPa),101.30
Sutherland Constant (K),110.40
Tube Length (cm),25.40
Tube Diameter (cm),0.48
Channels/Decade,64
Multiple Charge Correction,TRUE
Nanoparticle Agglomerate Mobility Analysis,FALSE
Diffusion Correction,TRUE
Units,dw/dlogDp
Weight,Number
Sample #,1,2,3
Date,5/12/2023,5/12/2023,5/12/2023
Start Time,12:07:00,12:10:00,12:13:00
Sample Temp (C),22.3,22.4,22.5
Sample Pressure (kPa),80.5,80.5,80.5
Relative Humidity (%),7.5,7.5,7.5
Mean Free Path (m),8.44348e-008,8.44712e-008,8.45075e-008
Gas Viscosity (Pa*s),1.82911e-005,1.82958e-005,1.83006e-005
Diameter Midpoint (nm)
 16.3,0.000,905.058,935.039
 16.8,0.000,440.077,473.806
 17.5,0.000,299.104,258.222
 18.1,0.000,174.490,135.910
 18.8,0.000,27.396,45.724
 19.5,0.000,25.868,34.542
 20.2,0.000,16.163,0.000
 20.9,7.451,7.347,15.155
 21.7,0.000,0.000,0.000
 22.5,0.000,0.000,6.202
 23.3,0.000,5.563,0.000
 24.1,11.679,0.000,4.515
 25.0,0.000,4.092,0.000
 25.9,2.809,0.000,0.000
 26.9,18.716,8.235,2.362
 27.9,4.638,20.847,11.306
 28.9,17.590,18.467,0.000
 30.0,17.385,22.364,12.640
 31.1,16.218,28.106,58.433
 32.2,49.716,70.973,34.965
 33.4,55.421,43.196,42.185
 34.6,34.605,65.567,74.104
 35.9,94.507,70.875,86.245
 37.2,98.563,157.759,142.159
 38.5,97.717,80.744,94.158
 40.0,161.379,144.660,118.321
 41.4,184.470,159.245,208.980
 42.9,270.488,251.194,146.663
 44.5,218.962,376.685,226.998
 46.1,483.418,408.325,244.073
 47.8,634.692,566.263,443.380
 49.6,1058.978,808.849,621.273
 51.4,1459.913,990.147,974.864
 53.3,1651.984,1415.133,1191.285
 55.2,2300.969,1844.203,1794.716
 57.3,2864.824,2440.223,2410.417
 59.4,3432.920,2988.503,3058.400
 61.5,3982.340,3694.935,3684.192
 63.8,5617.287,4864.872,4728.099
 66.1,6655.319,6199.703,5941.233
 68.5,7725.172,7321.795,6943.023
 71.0,7363.987,7760.044,7176.172
 73.7,7741.609,7685.943,6913.749
 76.4,8881.164,9352.224,8251.211
 79.1,10410.908,9861.542,9426.508
 82.0,11408.348,11278.403,10855.954
 85.1,13992.537,13020.296,11651.425
 88.2,15892.911,15108.755,13862.541
 91.4,18212.569,17449.632,14957.941
 94.7,19436.713,19401.663,17058.393
 98.2,22641.486,21512.603,19702.833
101.8,25172.625,23657.088,21369.536
105.5,29186.341,25966.796,23508.476
109.4,30856.294,28640.412,27196.659
113.4,35705.208,31665.240,30077.499
117.6,39127.885,35758.397,33378.531
121.9,43942.763,39807.237,37394.105
126.3,49374.133,45052.694,42937.088
131.0,54285.155,49542.850,46923.422
135.8,60375.917,55496.466,51317.935
140.7,64636.757,58243.338,56754.168
145.9,69945.524,63516.701,61573.079
151.2,73989.070,70266.718,67301.786
156.8,80087.995,75077.537,72279.476
162.5,85226.442,80454.831,76233.487
168.5,91032.621,84524.278,81268.597
174.7,94315.619,88120.275,84010.162
181.1,99076.755,92440.848,87926.267
187.7,101822.325,94741.041,90418.767
194.6,103482.179,96055.147,91466.269
201.7,102251.654,98776.681,92462.632
209.1,102961.798,96666.463,92366.266
216.7,102827.544,96663.021,91143.206
224.7,101906.320,96066.732,90802.258
232.9,98557.944,92976.655,88519.376
241.4,95120.431,89761.708,85108.583
250.3,89417.404,84575.284,79885.852
259.5,84482.179,78610.961,75761.931
269.0,77575.424,73048.113,70197.013
278.8,71275.366,66790.364,65305.716
289.0,63745.781,61758.968,59468.829
299.6,56094.972,54123.000,52268.233
310.6,49500.734,47851.429,45565.857
322.0,42874.649,40439.564,39101.535
333.8,35605.048,34122.115,33343.064
346.0,30146.566,28817.810,28529.582
358.7,24550.078,23450.241,23005.559
371.8,19863.929,18577.424,17963.894
385.4,15120.931,14992.430,14691.303
399.5,11852.116,10884.157,11016.431
414.2,8529.311,8514.551,8390.316
429.4,6526.874,6369.834,6144.992
445.1,4721.215,4569.516,4380.861
461.4,3323.451,3295.452,3186.738
478.3,2273.944,2290.575,2261.675
495.8,1532.915,1625.056,1464.424
514.0,1075.113,1066.069,962.717
532.8,720.917,702.931,684.019
552.3,449.423,503.531,434.637
572.5,323.496,297.338,253.492
593.5,164.828,158.559,162.156
615.3,116.238,105.705,98.739
637.8,63.300,52.845,65.044
661.2,59.172,45.076,31.238
685.4,46.220,3.542,17.727
710.5,14.427,21.559,14.387
Scan Time (s),155,155,155
Retrace Time (s),4,4,4
Scan Resolution (Hz),50,50,50
Scans Per Sample,1,1,1
Sheath Flow (L/min),3.000,3.000,3.000
Aerosol Flow (L/min),1.06,1.06,1.06
Bypass Flow (L/min),0.00,0.00,0.00
Low Voltage (V),11.05,11.05,11.05
High Voltage (V),9216.21,9218.70,9219.09
Lower Size (nm), 16.0, 16.0, 16.0
Upper Size (nm),723.4,723.4,723.4
Density (g/cm³),1.0,1.0,1.0
td + 0.5 (s),1.53,1.53,1.53
tf (s),6.12,6.11,6.11
D50 (nm),700.9,699.5,699.9
Neutralizer Status,ON,ON,ON
Median (nm),194.705,195.582,196.086
Mean (nm),202.747,203.389,204.218
Geo. Mean (nm),188.710,189.046,189.891
Mode (nm),194.564,201.691,201.691
Geo. Std. Dev.,1.477,1.486,1.485
Total Conc. (#/cm³),4.238321e+004,3.979690e+004,3.786650e+004
Title,,,
User Name,VANCELAB,VANCELAB,VANCELAB
Sample ID,,,
Instrument ID,,,
Lab ID,,,
Leak Test and Leakage Rate,,,
Instrument Errors,Normal Scan,Normal Scan,Normal Scan
Comment,,,
