Sample File,C:\Users\VanceLab\Desktop\CASA_InLab_Sp23\Chamber\Chamber_Butanol_SMPS_FreshSmoke_HRH_20230412.S82,
AIM Version,10.3.1.0
Classifier Model,3082       ,Classifier S/N,3082021905001   ,Classifier Firmware Version,2.60
Neutralizer Model,3088,Neutralizer S/N,3088011906004
Impactor (cm),0.071,Impactor S/N,7100764
DMA Model,3081,DMA S/N,3081A1903007
DMA Inner Radius (cm),0.937
DMA Outer Radius (cm),1.961
DMA Characteristic Length (cm),44.369
HV Polarity,NEG,
Detector Model,3750,Detector S/N,3750190603,Nano Enhancer , None
Detector Sample Flow (L/min),1.00,Detector Inlet Flow (L/min),1.00
Reference Gas Viscosity (Pa*s),1.832450e-005
Reference Mean Free Path (m),6.730000e-008
Reference Gas Temperature (K),296.15
Reference Gas Pressure (kPa),101.30
Sutherland Constant (K),110.40
Tube Length (cm),25.40
Tube Diameter (cm),0.48
Channels/Decade,64
Multiple Charge Correction,TRUE
Nanoparticle Agglomerate Mobility Analysis,FALSE
Diffusion Correction,TRUE
Units,dw/dlogDp
Weight,Number
Sample #,1,2,3,4,5,6,7,8,9,10,11,12,13,14,15,16,17,18,19,20,21,22,23,24,25
Date,4/12/2023,4/12/2023,4/12/2023,4/12/2023,4/12/2023,4/12/2023,4/12/2023,4/12/2023,4/12/2023,4/12/2023,4/12/2023,4/12/2023,4/12/2023,4/12/2023,4/12/2023,4/12/2023,4/12/2023,4/12/2023,4/12/2023,4/12/2023,4/12/2023,4/12/2023,4/12/2023,4/12/2023,4/12/2023
Start Time,10:55:00,10:58:00,11:01:00,11:04:00,11:07:00,11:10:00,11:13:00,11:16:00,11:19:00,11:22:00,11:25:00,11:28:00,11:31:00,11:34:00,11:37:00,11:40:00,11:43:00,11:46:00,11:49:00,11:52:00,11:55:00,11:58:00,12:01:00,12:04:00,12:07:00
Sample Temp (C),22.4,22.4,22.5,22.5,22.5,22.5,22.6,22.6,22.6,22.6,22.6,22.6,22.6,22.6,22.6,22.7,22.6,22.7,22.6,22.7,22.6,22.6,22.6,22.6,22.6
Sample Pressure (kPa),79.5,79.5,79.5,79.5,79.5,79.5,79.5,79.5,79.5,79.5,79.5,79.4,79.4,79.4,79.4,79.3,79.3,79.3,79.3,79.3,79.3,79.3,79.2,79.2,79.2
Relative Humidity (%),19.9,19.9,19.8,19.8,19.8,19.8,19.8,19.8,19.8,19.8,19.8,19.8,19.8,19.8,19.8,19.8,19.9,19.9,19.9,19.9,19.9,19.9,19.9,19.9,19.9
Mean Free Path (m),8.55337e-008,8.55337e-008,8.55705e-008,8.55705e-008,8.55705e-008,8.55705e-008,8.56073e-008,8.56073e-008,8.56073e-008,8.56073e-008,8.56073e-008,8.57151e-008,8.57151e-008,8.57151e-008,8.57151e-008,8.58601e-008,8.58232e-008,8.58601e-008,8.58232e-008,8.58601e-008,8.58232e-008,8.58232e-008,8.59316e-008,8.59316e-008,8.59316e-008
Gas Viscosity (Pa*s),1.82958e-005,1.82958e-005,1.83006e-005,1.83006e-005,1.83006e-005,1.83006e-005,1.83054e-005,1.83054e-005,1.83054e-005,1.83054e-005,1.83054e-005,1.83054e-005,1.83054e-005,1.83054e-005,1.83054e-005,1.83102e-005,1.83054e-005,1.83102e-005,1.83054e-005,1.83102e-005,1.83054e-005,1.83054e-005,1.83054e-005,1.83054e-005,1.83054e-005
Diameter Midpoint (nm)
 16.3,20.830,0.000,20.835,0.000,17145.052,7282.289,4399.321,2552.536,1804.593,1445.996,1045.189,1061.681,950.043,693.902,791.731,732.574,535.986,629.615,499.177,448.665,418.955,483.986,282.002,378.006,367.514
 16.8,0.000,0.000,0.000,19.495,16919.656,8058.802,3950.066,2172.181,1419.938,1075.670,730.943,527.790,446.863,454.639,337.377,333.083,177.887,368.772,278.414,233.338,186.428,171.642,209.433,193.362,244.545
 17.5,0.000,18.297,0.000,0.000,17546.584,7760.154,3804.509,2056.597,1164.165,828.448,613.356,348.952,236.279,323.190,115.912,130.370,158.288,104.861,122.051,105.204,131.337,103.715,68.347,82.695,85.102
 18.1,24.161,8.610,0.000,0.000,18334.808,8513.017,4312.957,2236.739,1395.569,916.423,513.796,276.017,267.109,216.576,208.925,81.848,85.980,65.828,32.838,57.786,74.204,65.119,40.384,80.332,40.084
 18.8,34.066,0.000,16.248,24.371,19494.156,9473.842,4662.716,2759.300,1366.199,926.006,621.541,452.521,258.683,241.985,101.809,92.035,105.652,53.976,30.771,61.885,69.532,38.137,45.306,22.582,45.069
 19.5,15.238,7.620,0.000,0.000,21267.435,10206.891,5242.015,3050.304,1826.284,1026.507,757.214,570.038,299.402,284.784,151.709,109.542,80.619,94.689,72.670,43.841,29.191,36.030,14.269,35.561,7.097
 20.2,7.195,0.000,7.195,7.195,21648.107,10852.812,6163.767,3565.464,2204.378,1214.430,695.431,586.777,374.623,308.989,199.013,168.486,138.447,158.239,89.235,69.016,82.718,34.035,80.881,26.877,26.823
 20.9,0.000,13.477,0.000,6.763,22894.850,11854.084,6605.856,3951.064,2361.698,1367.431,988.369,572.893,457.850,408.339,223.072,166.124,133.582,173.861,80.163,50.791,51.322,49.866,43.733,19.251,26.708
 21.7,0.000,18.909,0.000,0.000,23753.760,12857.273,7264.287,4403.498,2593.397,1692.635,1176.293,842.602,548.417,420.207,290.431,186.446,130.591,191.980,106.040,77.431,51.175,67.270,96.735,33.380,47.770
 22.5,12.176,5.851,0.000,12.039,26334.698,14099.638,7902.552,5019.765,3253.162,1884.835,1414.602,985.483,581.711,493.808,291.687,269.579,214.480,176.115,195.984,93.631,107.443,101.059,80.136,72.670,45.977
 23.3,17.108,5.530,0.000,0.000,26946.778,15834.409,8675.014,5668.840,3364.607,2226.625,1764.319,1186.465,925.377,578.544,529.609,352.103,329.886,180.007,182.279,137.411,143.941,142.105,93.384,102.872,73.568
 24.1,21.981,16.420,10.576,10.544,29005.309,16845.268,10199.510,5917.069,4686.515,3021.061,2018.186,1522.653,1152.776,741.580,492.103,440.036,389.225,236.705,282.097,252.479,187.166,188.584,132.090,91.944,72.255
 25.0,14.551,4.840,10.160,10.488,31898.641,18218.341,11733.922,7022.081,5102.389,3186.947,2315.366,1686.524,1299.026,805.679,792.210,462.632,354.360,338.567,301.249,247.835,258.834,170.734,139.041,86.342,107.659
 25.9,0.814,9.631,4.740,19.470,34081.092,19962.054,13098.205,8335.229,5490.313,3586.298,2702.180,1987.992,1454.284,981.614,986.691,714.366,516.142,505.259,424.220,338.724,313.097,231.296,191.029,149.535,129.137
 26.9,14.428,19.087,9.222,3.808,35795.293,21365.831,14063.593,8609.730,6443.887,4558.307,2998.186,2506.498,1611.849,1437.663,1209.814,891.218,714.592,640.533,511.708,414.193,395.731,290.605,273.229,233.479,157.683
 27.9,4.193,4.049,22.878,9.358,38328.464,23871.096,15552.860,10525.705,7074.226,5395.303,3538.536,2677.812,2283.834,1901.569,1292.002,1031.152,832.294,712.259,577.204,612.612,392.346,350.996,364.975,287.521,144.917
 28.9,3.725,12.239,8.032,17.913,41508.600,24941.028,16716.365,11499.992,8168.289,6186.671,4325.085,3274.606,2554.672,2211.747,1636.088,1270.109,949.138,794.061,631.028,599.838,543.389,465.314,374.079,333.597,246.518
 30.0,8.183,12.074,3.209,4.326,45335.447,27850.540,19287.645,13220.652,9173.690,6931.370,5628.985,3774.859,3133.038,2274.706,2115.089,1761.433,1285.884,1136.225,811.679,664.030,555.259,609.536,548.716,462.090,377.299
 31.1,3.156,31.764,19.166,45.093,46019.417,30308.656,20777.075,14380.882,10391.681,8110.951,6102.720,4835.115,3466.059,2817.698,2168.023,1731.099,1596.070,1499.967,1062.984,905.965,653.234,748.565,635.744,539.928,392.670
 32.2,6.785,14.905,22.821,12.475,50995.105,33710.167,23300.577,16013.392,12141.556,8713.260,7023.690,5561.946,4366.851,3555.699,2670.994,2211.292,1770.492,1601.141,1483.047,1146.657,959.324,830.231,670.681,593.349,624.282
 33.4,18.681,14.061,14.118,23.185,53351.237,35823.538,26421.373,18926.491,13900.029,10317.423,8548.751,6682.616,5167.138,3831.837,3448.526,2468.004,2060.957,2076.935,1665.676,1335.133,1134.188,1139.510,839.823,826.034,760.060
 34.6,13.860,13.338,25.192,26.061,58320.589,39213.481,28684.895,21268.489,15706.629,11581.907,9384.757,6821.248,5554.597,4448.251,3918.554,3078.247,2727.292,2169.890,1600.755,1577.781,1576.350,1203.135,1076.057,855.632,825.446
 35.9,6.107,19.407,20.053,7.182,62204.142,42408.386,32048.821,23415.789,17856.493,13095.567,10505.193,8248.790,6799.658,5229.625,4344.598,3643.545,3122.762,2658.838,2308.608,1715.825,1674.033,1462.747,1410.525,1106.118,1046.905
 37.2,15.370,18.900,11.896,31.415,66337.537,46890.227,35053.328,26197.218,20285.135,14816.706,12376.747,9370.967,8147.902,6359.639,5734.869,4295.120,3739.066,3192.199,2605.284,2451.635,2015.875,1646.082,1497.019,1428.432,1288.869
 38.5,7.831,15.152,17.609,33.738,72206.426,51119.488,38380.200,28013.495,22191.133,16886.435,14139.737,11185.795,9147.948,7345.395,6386.633,4870.710,4208.328,3861.694,3237.128,3204.130,2733.875,2222.976,1929.255,1684.192,1501.348
 40.0,13.358,17.151,14.120,0.000,76061.792,54656.055,41183.803,32182.166,24429.223,19222.063,16270.549,12404.187,10611.958,8053.767,6842.734,6262.311,5430.166,4383.324,3753.431,3131.773,2960.288,2472.441,2295.361,1972.189,1853.270
 41.4,19.630,30.958,23.472,0.000,82223.827,60356.538,45673.309,35367.479,27475.753,21900.475,18547.268,13910.317,12558.850,9786.060,8370.821,6682.266,6173.102,5224.278,4469.033,3933.936,3554.621,3060.844,2643.049,2247.889,2128.613
 42.9,10.048,20.021,25.075,0.000,88361.995,66198.896,49838.944,39402.944,31710.479,24794.364,19915.949,16302.746,14017.348,11022.509,9046.339,8157.832,7252.155,5941.225,5435.201,4873.242,4506.791,3494.224,3155.677,2990.399,2426.739
 44.5,20.588,31.031,34.589,0.000,93836.247,71508.540,54837.577,43373.936,35196.643,28028.843,22857.868,18008.155,15894.087,12856.858,10980.945,9135.226,8230.428,6775.172,6373.096,5155.978,5086.080,4464.364,3691.879,3312.694,2943.128
 46.1,24.741,19.571,20.806,0.000,101985.345,78732.945,59851.758,47338.214,39453.030,30947.071,26898.347,21399.332,17847.179,15147.127,12823.157,10695.934,9813.129,8498.551,7116.177,6412.813,5834.642,5100.236,4243.911,4117.193,3352.536
 47.8,10.244,24.810,25.495,0.000,109266.767,84517.366,66442.665,52274.422,43843.247,34651.795,30002.580,24132.012,20003.578,17263.621,14668.609,12478.385,11181.715,9334.743,8740.169,7428.500,6778.197,6136.552,5360.496,4978.682,4130.685
 49.6,17.566,23.903,12.727,0.000,119973.073,93042.383,72538.823,59774.518,48095.624,39041.573,33407.629,27755.863,23155.811,20500.506,17519.775,15065.925,13344.733,11556.986,10743.540,9132.389,7841.418,7315.609,6633.303,5980.551,5013.329
 51.4,13.116,32.700,21.535,0.000,129330.673,100706.027,80771.484,65630.487,53860.439,43643.538,38103.333,32060.040,26416.557,23616.398,20635.500,17493.446,15514.698,13718.246,12705.130,11011.257,9982.445,8686.532,7399.017,7160.131,6012.062
 53.3,29.287,30.311,26.738,0.000,141325.305,108611.167,88178.612,71661.294,60345.392,49565.271,42679.890,35597.931,30258.907,26337.796,22778.447,20107.522,17723.178,15756.768,14396.404,12087.254,11370.042,10379.275,8960.220,8405.823,7232.735
 55.2,27.204,20.961,35.482,0.000,149872.109,118556.047,95217.388,79872.218,67263.812,56033.587,47047.282,41124.668,35537.015,30296.323,25787.366,22800.368,20183.251,18396.111,15826.226,14608.282,12844.411,11837.597,10347.989,9416.034,8367.111
 57.3,36.505,25.562,28.966,0.000,161999.250,126947.446,105094.929,88400.592,74096.961,63416.651,51315.343,44474.975,38513.128,33576.468,28896.441,25836.368,22644.169,21059.599,18608.141,17536.915,14772.072,13884.190,11648.483,11227.796,9411.995
 59.4,32.560,39.745,19.272,9867.707,173492.345,138843.260,111953.529,96846.019,82024.552,68960.444,55601.581,50390.934,43216.669,38455.174,32280.811,28975.507,25661.008,23691.009,20602.961,18972.090,17073.239,15690.757,13694.173,12673.914,11633.816
 61.5,21.276,55.023,27.901,57928.490,184875.411,150111.506,123830.881,105571.745,88516.684,75857.205,63975.871,57035.811,48668.814,42485.864,36679.500,32714.241,29719.983,26700.483,23639.766,21457.489,19477.112,17425.081,15591.626,14103.622,13716.211
 63.8,28.481,34.140,27.298,175411.981,200610.581,161826.232,134933.670,115240.043,97162.367,83091.401,69623.358,62321.238,54176.597,46641.058,41611.175,36298.064,33024.281,30684.267,26251.351,23885.993,21711.970,19459.700,17611.260,16194.659,15202.606
 66.1,39.119,49.015,39.147,288566.844,215853.292,174704.196,144361.868,123489.146,105676.226,91399.496,76414.498,68437.894,59534.824,52921.461,46878.172,40245.241,36153.035,33717.503,29274.986,26398.777,24166.080,22830.644,20528.721,18771.701,16949.270
 68.5,42.251,29.031,21.643,336360.893,229875.246,187118.723,157263.823,134537.272,113637.709,100246.697,85862.336,75449.222,66095.365,57740.367,50716.251,44212.877,41113.661,37749.627,32331.018,29812.104,26963.874,25070.640,21950.859,20704.466,18767.292
 71.0,49.943,31.830,28.183,325094.124,233883.490,192399.094,160533.872,136251.649,120325.749,101651.306,86586.068,78147.684,69223.028,59595.446,52129.625,45142.810,42766.811,38674.240,33294.965,30780.540,28515.755,26414.498,23650.622,21133.830,19495.061
 73.7,44.836,28.766,34.469,265475.018,239532.207,197424.012,165199.095,140363.505,122969.602,104747.898,88460.709,79770.956,70375.777,61137.715,54322.346,44941.152,41935.951,39539.990,34510.956,32065.039,28964.981,26429.680,24132.158,21367.926,19132.031
 76.4,42.433,50.060,48.901,181171.901,251694.098,210330.618,174443.518,151245.483,131332.768,113704.016,96315.537,87086.369,76638.038,66916.472,59290.153,50420.992,46840.950,43006.144,38267.827,35560.316,31369.923,28022.936,26047.063,24010.554,22130.173
 79.1,64.513,44.263,22.699,93756.251,260683.701,220893.705,184591.445,162506.472,138732.056,121507.587,104837.617,93064.872,81320.788,72418.908,63481.130,57048.886,52008.379,45906.083,41314.851,37915.356,35564.276,31872.002,27594.647,26609.190,24323.090
 82.0,28.622,53.997,51.883,23735.594,276890.595,234616.135,195804.980,171649.749,147939.198,127937.915,111743.670,98770.662,86457.326,79417.714,66751.344,61768.419,54730.604,49876.494,43447.266,40917.176,38889.246,34925.123,31927.202,29191.478,26635.632
 85.1,47.356,41.303,33.762,0.000,287549.945,245118.244,210061.978,181779.676,156863.428,137447.783,121061.101,107455.740,94295.513,84430.075,74288.027,66365.383,60859.302,52974.715,48577.582,43896.890,42018.362,37357.280,34365.110,31217.267,28563.059
 88.2,39.951,45.695,55.185,0.000,306238.326,261139.614,223299.916,195925.744,164820.223,148509.224,132230.150,112253.130,102535.152,90075.765,80449.754,70782.578,66087.868,59733.629,53173.729,49511.235,45876.816,40755.265,38308.463,34586.477,31356.152
 91.4,26.987,27.438,50.518,20785.420,323947.255,276664.229,237992.017,206223.385,178950.239,156754.739,140263.557,120875.197,109657.441,96439.365,86060.569,77948.506,70135.014,63611.365,56159.530,53570.635,48918.352,45034.624,40539.385,37922.218,34354.153
 94.7,43.744,54.563,49.948,98082.497,338643.288,289568.856,250160.414,216188.944,192013.946,168376.580,149183.091,130180.870,118211.399,103578.761,90467.996,82239.091,77517.584,68333.146,62310.953,57866.902,54444.409,46169.254,43687.276,39996.469,36592.387
 98.2,53.590,55.815,42.390,195286.909,355634.530,302657.878,266572.837,231671.458,201258.773,175319.824,159022.503,140172.712,123921.372,110657.848,98688.180,89093.118,82347.019,71990.338,67647.802,63298.603,58230.185,49428.449,48572.610,43855.831,40491.482
101.8,48.371,39.713,52.990,299438.844,372281.299,320196.682,279568.956,244486.344,216217.433,186420.576,164627.629,150012.440,132082.518,118973.287,106152.602,95099.040,88201.288,80031.073,74541.881,68036.971,62771.746,55488.730,51323.258,48140.684,43697.491
105.5,46.242,33.385,66.208,380508.452,387643.330,331731.759,297226.939,256529.605,227198.887,200946.832,178053.807,158774.482,140168.773,126066.874,112129.567,101377.258,95254.263,87291.414,78104.416,71940.217,65801.401,58464.122,54702.437,51594.086,47579.943
109.4,67.180,58.934,54.732,441607.981,401678.538,344298.273,306441.748,273079.833,233666.779,214263.146,188161.966,168774.123,148650.897,133086.313,119947.501,108326.420,101338.693,92475.678,83686.374,78351.399,71307.292,63904.409,59521.966,55650.796,51043.673
113.4,55.747,46.806,78.011,497664.682,416199.675,361956.819,321818.243,284581.605,248924.818,222958.330,197835.295,176119.957,159019.152,141927.210,127405.073,115816.125,106934.249,97566.969,89124.859,83588.701,76763.672,69504.449,63747.990,58299.671,53564.414
117.6,36.509,50.734,39.775,563236.790,426642.889,371140.437,335264.430,292540.106,261464.937,231918.613,206479.748,185003.284,167722.023,147460.946,135849.976,120296.848,112975.536,103859.274,94006.717,87714.681,80599.077,73908.438,67697.401,61679.217,58182.560
121.9,61.914,38.131,33.549,622443.365,434784.007,379872.899,337434.639,302501.066,264376.000,241570.319,214917.483,192630.742,175335.338,153230.058,139230.186,127470.319,119654.877,108360.365,99139.033,91969.944,84688.563,78848.020,72646.019,65826.608,61466.922
126.3,47.320,60.001,39.365,669080.398,449510.547,392564.911,350052.657,312375.020,276969.356,249460.684,221531.602,201645.243,182773.269,162232.696,147112.345,132024.641,123825.261,114058.984,104580.260,97854.105,88533.116,82621.958,75880.392,71573.763,64851.324
131.0,68.638,52.340,53.825,685233.876,451092.204,401887.728,360253.656,318631.662,284786.498,257019.982,226892.462,207601.174,188855.503,167932.012,152347.146,137859.205,130204.095,117983.948,108414.720,99880.583,92306.052,85825.430,79436.569,74043.527,67616.647
135.8,67.024,58.627,32.249,681426.721,453085.050,399890.960,361589.762,324215.376,289281.269,259044.719,234801.922,210582.351,193965.982,173703.231,156631.309,141673.002,134680.600,121910.542,113520.520,106228.973,96381.420,89812.577,82928.533,76690.142,70335.138
140.7,46.091,52.540,37.187,665815.392,452464.990,403615.533,362221.186,325674.810,292938.803,265563.475,237366.529,214491.958,197426.305,177516.354,159559.407,143058.070,138479.660,125609.182,116311.801,109056.197,99576.668,92022.844,85284.891,79433.100,72741.228
145.9,70.836,36.972,64.791,640872.698,444459.304,402930.823,363447.802,330598.977,293191.914,266420.743,241019.349,216869.176,199040.895,178628.494,163110.367,147293.910,140017.066,129007.078,119704.253,111669.505,101855.793,94281.778,87314.151,81621.634,75217.274
151.2,65.910,32.315,67.960,615261.978,441142.922,394659.233,357556.020,325564.337,293383.430,266658.996,242176.716,216880.173,201606.905,181063.834,164124.842,147602.360,141839.158,130656.401,120121.040,112994.120,104040.722,97057.065,88928.925,82372.400,77153.941
156.8,70.030,79.376,69.555,599653.530,428054.421,388070.041,351268.914,320795.837,285795.019,262947.105,239932.795,216951.318,198045.444,180532.606,163293.262,148783.585,142946.087,130463.892,120853.456,113186.012,104422.608,96784.466,90754.219,83678.227,77956.609
162.5,57.558,65.725,46.163,581758.604,413982.078,376064.761,333734.872,313819.283,283411.291,260434.135,235169.847,212130.796,198342.929,177720.591,163027.845,148717.928,141520.010,127517.685,120254.437,113642.775,105761.032,96549.766,89359.821,84111.417,77823.058
168.5,54.800,69.377,54.391,561687.779,395347.860,363933.314,329965.239,302794.576,276203.042,249840.281,229287.747,206785.908,194352.848,175272.054,160970.916,146069.206,138296.894,125860.349,118518.802,112342.890,103320.018,96655.360,90051.553,83649.663,78412.121
174.7,65.294,62.897,64.653,537825.919,377306.604,349635.838,317003.655,290460.984,267410.428,242549.939,220935.430,203052.484,189599.206,169510.979,155453.444,142066.126,137215.870,126565.790,116857.882,110168.209,102467.963,94969.076,87950.632,83093.989,75822.104
181.1,42.204,40.396,57.914,505505.707,358114.388,330704.038,304502.513,277570.181,253303.195,232983.385,213354.278,192975.028,182508.723,164060.811,147932.242,136620.930,132568.103,122023.490,114201.501,107268.923,99082.321,92607.551,86954.390,80713.782,75133.889
187.7,61.591,81.620,63.974,470495.998,335088.617,309970.251,284545.735,263095.358,240462.410,219950.561,201131.865,183096.985,172480.187,155861.282,143102.327,131488.016,126245.421,117167.390,108961.231,103370.934,95775.794,89388.740,83899.353,77431.601,72074.100
194.6,50.957,40.220,35.710,425102.958,308510.676,285346.156,260659.706,243293.696,225270.434,204260.403,190030.083,171610.105,162166.549,145120.561,134139.707,123568.315,120741.658,109659.506,103097.468,96590.994,91609.763,85413.298,79361.646,73321.888,69340.111
201.7,42.093,45.743,64.321,376112.624,280760.439,261197.018,240601.609,224927.249,205870.653,188552.206,176233.334,159328.110,150262.798,136352.001,124274.401,116418.641,112081.574,104616.884,97209.301,91305.561,85927.824,81134.846,74402.781,70050.944,65327.718
209.1,50.505,47.052,45.613,321355.911,252942.078,234946.359,218994.295,202829.875,186484.105,171963.038,159035.929,145343.412,138069.430,125670.744,114353.145,105848.988,102731.633,95701.389,90645.806,84377.917,79121.483,74030.047,68883.715,64720.538,60823.050
216.7,50.083,42.434,35.776,276647.933,225553.857,209847.885,196866.918,181302.775,168409.995,155901.385,144494.672,132434.409,124405.781,111802.946,103087.329,97452.247,94475.597,87208.899,82127.131,76584.998,72577.868,68435.839,63424.909,59710.453,56800.064
224.7,46.159,45.889,34.903,234494.567,196384.685,184808.144,172022.977,161542.873,149266.988,137463.772,128748.644,116772.868,112941.058,100707.248,92974.469,88210.697,84211.835,77128.134,72873.916,69872.862,65718.629,61173.016,58073.762,53930.955,50511.586
232.9,37.586,45.580,40.302,197844.719,169074.098,160608.933,149344.328,138012.727,129712.612,120873.390,112916.594,103091.332,98919.117,88298.065,81779.741,77715.485,74347.048,68478.461,64618.601,62029.788,58775.949,55944.712,51137.204,48731.644,45694.501
241.4,41.856,24.746,32.585,166062.831,143902.983,136528.855,127874.155,118708.669,110889.790,101998.702,95967.703,89013.576,84236.601,76450.421,70187.969,67099.593,65064.012,60569.274,56823.570,54068.280,51279.147,48183.326,45871.448,42466.039,39979.451
250.3,32.617,31.372,31.032,137043.870,120406.237,114163.478,107387.380,97925.127,93422.957,86796.998,80659.763,75225.911,71828.503,65344.655,60301.882,56875.765,55945.909,51902.705,49090.359,45910.599,43964.143,41897.579,39224.078,37158.783,33846.421
259.5,27.250,27.774,26.726,112479.298,98796.928,94047.183,89857.625,81858.508,77792.087,71717.996,67981.879,61624.999,60523.467,54997.775,49851.399,48510.904,48377.325,43559.281,41408.314,39473.323,37099.820,35930.513,33501.257,31591.327,29857.807
269.0,11.312,21.552,27.305,91223.100,80465.629,76296.063,71765.963,66730.643,62788.061,58858.571,55112.682,51211.081,49240.412,44810.367,40810.712,39661.784,39303.199,36790.644,33961.723,32567.442,30984.907,30002.990,27304.452,25921.125,24282.023
278.8,13.913,19.277,18.816,72664.095,63943.720,60781.961,56841.628,53311.358,49437.291,46602.385,44326.537,39925.562,38683.851,36357.823,32860.618,32046.209,31515.937,29044.240,27993.664,26231.881,24595.039,24122.133,22268.142,21778.515,20389.197
289.0,13.645,31.158,17.637,57355.021,49883.078,47172.069,44624.897,41890.456,39393.832,36562.099,34649.369,32240.447,29676.358,28460.852,25377.780,24928.373,24828.609,22365.868,22070.601,20473.907,19933.736,19020.407,17966.319,17361.601,16536.419
299.6,7.575,12.025,18.700,43387.532,37506.550,35616.569,33274.396,31866.574,30277.418,27919.839,26769.670,24639.171,22779.734,22376.085,19711.280,19380.974,18989.160,17527.378,17001.149,16386.106,15194.509,14792.451,14122.245,13632.574,12726.563
310.6,8.774,15.544,15.545,32485.328,28329.869,26819.628,25274.273,24206.926,22456.687,21003.958,19814.718,18036.984,17647.064,16185.317,14463.206,14772.078,14208.945,13217.546,13033.249,12199.345,11997.784,11106.959,11003.043,10545.444,9600.266
322.0,4.580,22.897,11.449,23694.567,21165.350,19621.636,18498.202,17760.676,16681.470,15606.195,14335.551,13306.737,12624.704,12249.065,10702.017,10766.101,10733.984,9453.073,9576.541,9178.397,8772.852,8526.506,8115.334,7782.703,7285.597
333.8,16.182,9.247,2.312,17005.965,14620.094,13942.935,13502.625,12416.325,11612.143,11022.445,9865.179,9622.665,8904.619,8402.922,7485.194,7687.691,7356.170,6848.958,6468.441,6444.752,6438.425,6122.481,5549.295,5702.315,5299.198
346.0,9.387,2.347,11.734,12050.380,10292.057,10064.446,9229.300,8673.335,8008.050,7911.883,6938.773,6628.030,6466.632,5723.269,5455.370,5399.770,5169.967,4811.794,4745.505,4621.486,4461.269,4219.858,4046.874,3965.475,3749.514
358.7,4.765,4.818,2.383,8453.066,7116.883,6952.691,6113.775,5787.092,5540.344,5286.119,4561.697,4441.762,4072.174,3942.500,3660.756,3475.952,3519.372,3233.896,3092.918,3165.663,3044.623,3170.517,2702.511,2818.822,2626.386
371.8,0.000,9.626,7.260,5519.908,5062.756,4446.249,4262.963,4063.781,3661.690,3369.541,3084.774,2941.942,2747.888,2715.047,2441.142,2379.412,2331.331,2287.817,2064.183,2038.608,2011.834,1931.271,1808.514,1790.071,1677.535
385.4,0.000,2.459,4.917,3735.489,2947.011,2748.174,2772.375,2587.221,2355.422,2252.335,1995.338,1770.612,1808.492,1634.541,1569.008,1557.999,1537.770,1369.869,1380.230,1355.962,1248.130,1227.505,1238.305,1112.866,1008.215
399.5,2.485,0.000,4.969,2465.894,2134.937,1918.734,1789.863,1642.529,1467.404,1327.497,1238.184,1123.595,1085.730,1051.312,989.651,989.320,1045.862,831.037,853.740,879.051,771.258,773.856,751.592,785.824,726.439
414.2,2.525,5.050,5.051,1662.058,1254.398,1268.238,1148.376,977.553,977.767,875.206,809.503,721.417,715.427,679.526,562.452,676.220,557.244,483.904,469.325,463.224,542.913,502.389,432.815,407.960,425.397
429.4,0.000,0.000,2.568,1166.428,886.537,812.284,803.954,567.078,627.058,514.369,537.215,424.104,455.696,409.328,326.243,348.161,395.819,306.463,344.067,340.738,258.488,304.649,318.554,280.987,261.183
445.1,2.611,0.000,0.000,676.567,590.727,488.995,485.504,405.869,385.661,340.051,291.847,269.661,256.504,254.723,182.214,217.453,207.693,198.959,216.202,183.094,178.044,193.265,213.380,157.969,164.292
461.4,2.657,0.000,2.657,503.916,432.067,314.978,286.102,287.757,239.852,233.370,179.760,196.238,167.538,113.004,114.529,105.960,115.876,133.222,102.309,106.544,145.907,85.430,95.007,75.572,82.066
478.3,8.113,0.000,0.000,322.551,216.260,258.960,188.784,131.683,158.782,140.026,102.235,118.068,71.965,90.977,79.660,95.469,89.105,67.800,52.063,66.470,61.662,68.201,56.341,53.726,68.963
495.8,0.000,0.000,0.000,211.907,156.502,127.843,122.080,105.465,88.576,95.476,87.113,59.640,59.332,64.823,64.120,55.795,53.037,63.324,57.947,51.777,63.429,34.013,44.117,36.242,33.598
514.0,2.787,2.787,2.787,156.015,153.283,94.451,89.540,75.442,80.448,60.790,36.039,35.889,32.958,48.654,29.407,42.813,43.208,24.183,24.141,29.632,18.840,37.303,10.571,21.090,21.055
532.8,0.000,0.000,0.000,146.261,93.849,71.165,45.654,55.520,41.145,53.849,28.242,11.250,19.586,30.077,22.705,21.807,13.756,24.637,16.397,19.211,16.451,16.286,16.154,8.057,16.088
552.3,0.000,0.000,0.000,90.109,52.170,29.009,37.780,24.645,24.615,34.570,14.392,28.663,19.961,29.113,19.774,15.023,9.686,15.133,11.140,8.390,27.944,8.299,8.232,8.211,16.396
572.5,0.000,0.000,0.000,57.087,32.505,35.491,32.592,38.451,24.833,15.871,14.673,11.689,17.444,14.347,8.640,15.841,10.135,7.326,11.358,19.961,14.245,14.103,0.000,2.791,0.000
593.5,0.000,0.000,0.000,32.874,35.924,26.967,39.023,26.968,25.647,28.555,11.892,11.842,5.891,14.552,11.671,17.218,11.584,5.763,8.630,5.778,2.887,5.715,11.337,2.827,5.645
615.3,0.000,0.000,0.000,27.442,15.271,27.322,15.313,24.458,18.295,15.179,17.942,9.062,11.659,17.817,2.977,5.855,11.820,11.760,8.805,2.947,5.889,5.831,8.675,5.769,2.880
637.8,0.000,0.000,0.000,27.012,18.706,22.037,25.008,15.603,24.898,18.593,12.648,3.083,18.774,6.062,6.077,13.695,6.032,3.001,5.991,6.017,6.012,5.951,5.904,8.833,2.939
661.2,0.000,0.000,0.000,23.100,6.322,15.819,0.000,3.164,25.245,16.015,9.418,12.504,12.440,0.000,9.243,0.000,21.406,0.000,0.000,6.101,0.000,0.000,0.000,0.000,0.000
685.4,0.000,0.000,0.000,0.000,0.000,0.000,0.000,0.000,0.000,0.000,0.000,0.000,0.000,0.000,0.000,0.000,0.000,0.000,0.000,0.000,0.000,0.000,0.000,0.000,0.000
710.5,0.000,0.000,0.000,0.000,0.000,0.000,0.000,0.000,0.000,0.000,0.000,0.000,0.000,0.000,0.000,0.000,0.000,0.000,0.000,0.000,0.000,0.000,0.000,0.000,0.000
Scan Time (s),155,155,155,155,155,155,155,155,155,155,155,155,155,155,155,155,155,155,155,155,155,155,155,155,155
Retrace Time (s),4,4,4,4,4,4,4,4,4,4,4,4,4,4,4,4,4,4,4,4,4,4,4,4,4
Scan Resolution (Hz),50,50,50,50,50,50,50,50,50,50,50,50,50,50,50,50,50,50,50,50,50,50,50,50,50
Scans Per Sample,1,1,1,1,1,1,1,1,1,1,1,1,1,1,1,1,1,1,1,1,1,1,1,1,1
Sheath Flow (L/min),3.000,3.000,3.000,3.000,3.000,3.000,3.000,3.000,3.000,3.000,3.000,3.000,3.000,3.000,3.000,3.000,3.000,3.000,3.000,3.000,3.000,3.000,3.000,3.000,3.000
Aerosol Flow (L/min),1.17,1.17,1.17,1.17,1.17,1.16,1.16,1.16,1.17,1.17,1.17,1.18,1.18,1.20,1.20,1.22,1.20,1.21,1.21,1.21,1.21,1.22,1.23,1.23,1.24
Bypass Flow (L/min),0.00,0.00,0.00,0.00,0.00,0.00,0.00,0.00,0.00,0.00,0.00,0.00,0.00,0.00,0.00,0.00,0.00,0.00,0.00,0.00,0.00,0.00,0.00,0.00,0.00
Low Voltage (V),10.96,10.96,10.95,10.95,10.95,10.95,10.95,10.95,10.95,10.95,10.95,10.94,10.94,10.95,10.95,10.93,10.94,10.94,10.94,10.94,10.94,10.94,10.93,10.94,10.94
High Voltage (V),9162.33,9163.18,9164.75,9164.75,9164.75,9165.32,9167.17,9167.74,9167.17,9166.32,9164.91,9162.22,9160.81,9159.12,9155.21,9155.20,9148.09,9152.70,9149.47,9150.48,9150.30,9150.02,9144.29,9141.55,9140.72
Lower Size (nm), 16.0, 16.0, 16.0, 16.0, 16.0, 16.0, 16.0, 16.0, 16.0, 16.0, 16.0, 16.0, 16.0, 16.0, 16.0, 16.0, 16.0, 16.0, 16.0, 16.0, 16.0, 16.0, 16.0, 16.0, 16.0
Upper Size (nm),723.4,723.4,723.4,723.4,723.4,723.4,723.4,723.4,723.4,723.4,723.4,723.4,723.4,723.4,723.4,723.4,723.4,723.4,723.4,723.4,723.4,723.4,723.4,723.4,723.4
Density (g/cm³),1.0,1.0,1.0,1.0,1.0,1.0,1.0,1.0,1.0,1.0,1.0,1.0,1.0,1.0,1.0,1.0,1.0,1.0,1.0,1.0,1.0,1.0,1.0,1.0,1.0
td + 0.5 (s),1.52,1.52,1.52,1.52,1.52,1.52,1.52,1.52,1.52,1.52,1.52,1.52,1.52,1.52,1.52,1.52,1.52,1.52,1.52,1.52,1.52,1.52,1.52,1.52,1.52
tf (s),5.96,5.96,5.96,5.96,5.96,5.96,5.96,5.96,5.96,5.95,5.95,5.94,5.93,5.91,5.92,5.89,5.90,5.90,5.89,5.90,5.90,5.88,5.87,5.86,5.86
D50 (nm),662.0,662.0,662.1,662.1,662.7,663.1,663.8,663.1,662.2,660.5,660.2,658.5,656.6,652.2,653.2,647.0,650.3,648.5,647.8,649.4,649.0,645.4,642.3,641.4,640.8
Neutralizer Status,ON,ON,ON,ON,ON,ON,ON,ON,ON,ON,ON,ON,ON,ON,ON,ON,ON,ON,ON,ON,ON,ON,ON,ON,ON
Median (nm),115.138,111.572,113.151,141.640,117.360,122.033,125.311,128.047,130.361,132.308,134.283,135.339,137.443,138.349,139.352,140.804,142.308,142.873,144.231,144.947,145.706,146.938,147.483,148.014,148.799
Mean (nm),127.157,126.380,129.650,147.825,123.612,128.180,131.493,134.117,136.391,138.363,140.205,141.383,143.280,144.227,145.119,146.817,148.207,148.670,150.012,150.731,151.493,152.693,153.306,153.937,154.601
Geo. Mean (nm),103.237,102.209,105.954,139.161,107.820,113.275,117.227,120.344,122.879,125.191,127.191,128.576,130.583,131.614,132.667,134.325,135.807,136.304,137.701,138.496,139.196,140.350,141.081,141.655,142.380
Mode (nm),145.902,187.688,113.419,130.975,135.773,140.746,145.902,145.902,151.247,151.247,151.247,156.788,151.247,151.247,151.247,156.788,156.788,151.247,156.788,162.531,162.531,151.247,156.788,162.531,168.485
Geo. Std. Dev.,2.010,1.997,1.962,1.425,1.748,1.695,1.659,1.632,1.615,1.597,1.586,1.575,1.567,1.561,1.554,1.550,1.544,1.542,1.537,1.533,1.533,1.532,1.527,1.527,1.523
Total Conc. (#/cm³),4.096973e+001,4.173924e+001,3.978909e+001,2.299009e+005,2.436553e+005,2.089244e+005,1.824642e+005,1.612335e+005,1.425295e+005,1.270062e+005,1.135117e+005,1.016056e+005,9.271190e+004,8.273349e+004,7.450280e+004,6.769413e+004,6.401579e+004,5.838778e+004,5.375832e+004,5.022499e+004,4.648096e+004,4.287043e+004,3.962623e+004,3.686608e+004,3.407439e+004
Title,,,,,,,,,,,,,,,,,,,,,,,,,
User Name,VanceLab,VanceLab,VanceLab,VanceLab,VanceLab,VanceLab,VanceLab,VanceLab,VanceLab,VanceLab,VanceLab,VanceLab,VanceLab,VanceLab,VanceLab,VanceLab,VanceLab,VanceLab,VanceLab,VanceLab,VanceLab,VanceLab,VanceLab,VanceLab,VanceLab
Sample ID,,,,,,,,,,,,,,,,,,,,,,,,,
Instrument ID,,,,,,,,,,,,,,,,,,,,,,,,,
Lab ID,,,,,,,,,,,,,,,,,,,,,,,,,
Leak Test and Leakage Rate,,,,,,,,,,,,,,,,,,,,,,,,,
Instrument Errors,Normal Scan,Normal Scan,Normal Scan,Normal Scan,Normal Scan,Normal Scan,Normal Scan,Normal Scan,Normal Scan,Normal Scan,Normal Scan,Normal Scan,Normal Scan,Normal Scan,Normal Scan,Normal Scan,Normal Scan,Normal Scan,Normal Scan,Normal Scan,Normal Scan,Normal Scan,Normal Scan,Normal Scan,Normal Scan
Comment,,,,,,,,,,,,,,,,,,,,,,,,,
