Sample File,C:\Users\vancelab\Desktop\Chamber\Raw data\Chamber_Water_SMPS_AgedSmoke_LRH_20230518_dryerNodryer.S80
Classifier Model,3071
DMA Model,3081
DMA Inner Radius(cm),0.00937
DMA Outer Radius(cm),0.01961
DMA Characteristic Length(cm),0.44369
CPC Model,3788 High Flow
Reference Gas Viscosity (Pa*s),1.83245e-005
Reference Mean Free Path (m),6.73e-008
Reference Gas Temperature (K),296.15
Reference Gas Pressure (kPa),101.3
Channels/Decade,64
Multiple Charge Correction,TRUE
Nanoparticle Aggregate Mobility Analysis,FALSE
Diffusion Correction,TRUE
Gas Density,0.0012
Units,dw/dlogDp
Weight,Number
Sample #,1,2,3,4,5,6,7,8,9,10,11,12,13,14,15,16,17,18,19,20,21,22,23,24,25,26
Date,05/18/23,05/18/23,05/18/23,05/18/23,05/18/23,05/18/23,05/18/23,05/18/23,05/18/23,05/18/23,05/18/23,05/18/23,05/18/23,05/18/23,05/18/23,05/18/23,05/18/23,05/18/23,05/18/23,05/18/23,05/18/23,05/18/23,05/18/23,05/18/23,05/18/23,05/18/23
Start Time,14:00:00,14:03:00,14:06:00,14:09:00,14:12:00,14:15:00,14:18:00,14:21:00,14:24:00,14:27:00,14:30:00,14:33:00,14:36:00,14:39:01,14:42:00,14:45:00,14:48:00,14:51:00,14:54:00,14:57:00,15:00:00,15:03:00,15:06:00,15:09:00,15:12:00,15:15:00
Diameter Midpoint
 16.3,0,0,0,55653.4,27199.8,16897.4,9996.67,6916.04,4101.78,3075.81,1959.14,1908.04,1203.63,925.289,559.904,427.596,528.799,124.423,150.78,152.901,124.423,90.689,62.2116,62.2116,31.1058,90.689
 16.8,0,0,0,61686.9,30889.2,19468,12161,9093.92,5639.97,3724.34,2850.53,1757.55,1509.05,1273.13,584.081,669.477,593.865,262.901,253.116,226.373,253.116,226.373,58.4224,116.845,116.845,90.1018
 17.5,0,0,0,71534.9,34966.8,21734.4,14209.6,7842.15,6596.85,5043.71,3549.52,2346.86,1472.35,1343.93,1342.13,801.223,881.911,329.988,504.193,251.243,267.722,174.205,164.994,93.517,176.014,82.4969
 18.1,0,0,0,76067.2,39900,25240.2,15738.4,11491.8,8265.94,5265.07,3221.01,3572.13,2676.45,1630.44,1054.32,1102.98,689.267,576.414,495.511,500.655,332.812,391.859,265.458,151.421,145.094,155.478
 18.8,0,0,0,79597.4,42882.5,26418,18189.9,12515.5,8750.38,6701.01,5053.74,3703,3189.95,2174.37,1457.51,1334.85,1003.64,900.54,790.373,684.868,531.977,405.85,451.47,188.413,214.471,97.1723
 19.5,0,0,0,87526.7,45208.8,31207.1,20613.9,15074.5,10897,8326.86,6046.51,4551.68,4012.39,2521.16,2251.88,1496.32,1403.69,923.855,1052.7,773.45,686.535,612.133,601.111,367.836,313.989,183.473
 20.2,0,0,0,91844.5,47329.3,33118,21892.3,16622.7,11495,8826.84,7139.7,5212.81,3792.24,3068.69,2719.44,2071.85,1656.74,1269.2,1200.82,817.797,743.532,512.408,549.337,501.789,469.703,220.912
 20.9,0,0,0,92748.1,53546.3,36169.7,26598,18989.3,13715.5,10080.1,7910.54,6896.45,4587.5,3829.15,2777.63,2347.49,2299.25,1581.06,1187.76,812.978,1053.94,928.046,667.156,426.987,602.545,548.132
 21.7,0,0,0,96634.3,57420.2,40981.2,28411.9,21247.2,15751.4,12077.9,9459.72,7390.35,5782.16,4216.6,4085.36,3225.46,2499.78,1995.54,1299.95,1322.81,1087.64,916.71,742.381,769.132,660.661,555.011
 22.5,0,0,0,100688,61380.7,43571.1,31446,24383.5,17830.3,13276.3,10463.2,9250.99,6454.89,5151.73,4451.78,3559.5,2905.78,2640.31,1998.89,1727.14,1544.93,1197.33,1143.26,1078.25,1139.19,808.69
 23.3,0,0,0,101965,65977.5,46118.3,34649.9,27535.6,19738.7,16111.8,12885.1,9679.53,7618.96,6803.28,5229.93,4216.15,3881.14,3089.36,2104.54,2086.53,1825.99,1439.49,1301.84,1052.91,885.998,579.955
 24.1,0,0,0,110040,70965.5,51696.1,35755.3,29290.3,22526.4,17050.1,14271.5,11120.5,8870.53,6265.09,6023.81,4994.07,4136.41,3554.29,2913,2381.99,2284.38,2002.37,1942.85,1610.23,1440.6,1243.58
 25.0,0,0,0,114377,72620.3,53563.2,38857.5,31591.8,25126.6,20224,15579.3,11688.4,10165.4,8036.38,6914.87,6155.35,5384.68,3983.94,3528.33,3543.54,2378.87,2349.73,2459.98,1949.54,1510.7,1571.06
 25.9,0,0,0,116878,78525.3,58757.3,43719.8,35610.9,26948.5,21601,17765,13658.3,11482.7,9665.15,7763.84,6899.52,5395.21,4511.79,4000.55,3368.91,3212.73,2905.98,2803.45,2272.12,1839.12,1887.83
 26.9,0,0,0,121808,81376.6,60190.7,48492,38394.6,29920,23615.5,19886.5,17037.2,13188.7,11315.5,9442.19,7956.05,6748.02,5573.48,4907.75,4522.1,4021.36,3329.99,3064.31,2435.33,3140.08,1969.03
 27.9,0,0,0,129081,82207,63342,49280.1,40797.8,32670.2,27162.4,21592.7,17984.4,14502.6,11995.2,10513.5,8406.85,7894.59,6736.36,6296.85,5159.17,4796.51,4243.15,3595.46,3009.47,2667.44,2351.78
 28.9,0,0,0,128287,89413.5,67964.8,54050.8,43720.1,35196.9,28277.9,24122.8,20066.7,16673.7,14006.9,12276.9,10394.4,8436.25,7815.19,6932.68,5534.85,4929.43,4538.44,3793.75,3985.04,3138.45,2917.75
 30.0,0,0,0,130774,92395.2,71373.5,57082.9,45991.9,38341.3,30624.3,27162,21782.4,18464.5,15027.7,12908.8,11912.9,10064.2,8408.79,7637.41,6781.56,6661.11,5127.84,4801.15,4169.31,3967.72,3398.73
 31.1,0,0,0,130883,96118.5,74439.1,60752.4,49894.2,40497.4,34629.9,28187.1,22870.3,20288,16823.7,14678.1,13163.5,11230.6,9686.08,8584.76,7656.89,6752.45,6282.28,5876.41,5051.93,4598.87,3852.09
 32.2,0,0,0,135946,98503.3,78954.1,64292.1,52238.5,43645,36878.9,30427,25841.7,21745.9,18899.7,16381.9,14163,12099.2,11081.6,9768.34,8299.03,7853.49,6974.29,6629.22,5585.25,4527.95,4327.79
 33.4,0,0,0,134322,99819.3,82612.3,65046.9,56093.1,45491.1,39131,32656.8,28649.1,23842.9,20258,18340.7,15881.4,13264.3,12807.4,10770.7,9702.33,8424,7535.56,7061.46,6471.14,6528.31,5193.1
 34.6,0,10.794,0,138617,101951,83838.5,66724.5,59104.2,49413.1,42141.6,34933.5,29828.5,26778.9,23568.8,20336.8,16865.1,14971.6,13475.1,12272.8,10915.7,10329.6,8678.68,8291.31,7568.42,6385.39,6291.91
 35.9,0,0,0,140464,107801,87392.9,71657.5,61018.5,52229,44258.2,38383,33954,28342.8,25354,21937.8,19597.7,16624.5,15303.8,13900.9,11968.3,11226.9,10565.2,9210.4,8217.68,7454.49,7119.14
 37.2,0,0,0,143900,111197,92527.3,75310.8,63639,54476.6,47774,40677.8,35863.2,31361,26206.5,24102.6,22036,19091.2,16723.8,14399.7,13640.8,12162.5,11648.1,10573.5,9427.8,7921.81,7860.24
 38.5,0,0,0,145476,113575,94693,78649,67008.4,57482.1,52552.9,43228.9,37790.1,31518.7,29210.2,26699.7,22416.1,20697.6,17753.5,16579.4,15555.3,13965.4,12805.8,11357.9,10174.1,9617.27,8380.37
 40.0,0,0,0,148688,116451,97158.3,82856.5,70914,61841.5,52220.5,47011.8,41067.2,35426.1,31304.1,28805.8,25534.8,22555.8,20144.9,18227,16867.7,15227.6,14085.3,12781.8,12125.6,11183.6,9986.92
 41.4,9.0078,0,0,153330,119032,101733,85571.8,74443,65429.1,56293.3,49360.6,42769.9,37879.2,33225.9,30659.7,27315.8,24152.4,22215.4,19984.3,18496.9,15658.2,14671.3,14170.1,14180.4,12290.2,10512.9
 42.9,0,0,0,159727,126538,105657,89162.7,76589.5,67599.1,58418,53040.9,45752,42131.1,35503.9,32429.1,29946.8,27637.8,25377.9,21638,20132.4,18863.9,16785,15539.5,15244.5,12934.6,12537.6
 44.5,0,0,0,162928,132268,107973,93436.8,81732.3,72577.1,63462.9,56685,49208.9,42676.6,41284.2,35552,32890.3,28965.8,26365.5,23121.8,22325.1,20518.2,18904.6,17256.9,15973.4,14389.8,14043.3
 46.1,8.21657,0,0,169502,133634,113242,98728.3,87729.3,77939.7,68479.4,60914.2,52464.7,47107,43160.2,39110.9,35196.3,32218.9,28595,26892.1,24789,21814.5,20667.3,18940.4,18362.9,16997,15467.7
 47.8,0,0,0,174499,141828,120411,103420,91487.9,79965.9,71016,63762.3,55485,51219.7,45755.7,41548.7,37730.1,33331.5,32547.5,29073.9,27493.1,23947.3,22928.8,20393.9,20110.1,18358.3,17094.2
 49.6,0,0,0,182457,147627,126162,110824,94605.7,86596.6,77072.3,67503.7,60869.2,56120.4,50044.3,45945.7,41931.7,38897.6,35688.6,32030.7,28867.9,26356.6,24889,24155.8,22686,20674.7,18935.5
 51.4,0,0,0,191677,155472,133502,115955,101926,92011.6,82683,72731.4,64013.7,62541.1,54923.9,48084.1,45411.8,40997.6,38786.9,34984.5,33881.6,29362.5,27075.6,26443.6,24455.6,21901.6,20554.1
 53.3,0,0,369684,199293,160599,139985,121704,109626,98977,88075.2,77950.7,71486.9,65929.6,59460,55109.9,49536.4,45475.4,41530.8,38959,35039.1,31940,31944.9,28463.7,27810.8,24712.4,23931.8
 55.2,0,0,1.23513e+006,207775,168827,147319,129378,118289,105941,94307.8,85310.2,76203.3,69999.9,63774.4,58458.4,55760.5,49025,46434.4,41627.3,37865,35981.9,34223.9,30996.2,28512.5,27080.4,24993.2
 57.3,0,0,2.52007e+006,215308,179439,159480,135805,122751,110786,100135,91300.8,83329.7,76049.3,69524.8,62679.3,59001,54001.6,51167.6,44772.7,42165,38906.6,35975.7,35992.2,32221.1,30955.8,27911.6
 59.4,0,0,3.87042e+006,227187,190562,164364,145172,134080,121186,108082,97174.9,88219.8,80273.7,75262.7,67977.5,64159,57602.7,54929.2,49990,47279.6,43681.5,40193.6,38070.4,35268.2,33460.3,31975.1
 61.5,0,0,3.99582e+006,238952,198423,175658,157309,138334,126980,113866,106090,95258.2,85862.2,81190,74572.6,68441.7,63464,59748.6,54216.3,51769.6,46865.7,43912.6,41332.6,38213.1,35496.2,33618.2
 63.8,0,0,3.06899e+006,246829,209996,183820,164498,149249,135732,122431,112755,102817,94635.8,84526.1,79537.1,75211,67997.7,62810.2,58271.8,54560.4,52192.8,47714.5,46205.1,42810.4,40397.4,38468.4
 66.1,0,0,2.31059e+006,258548,220573,197093,175998,159119,143326,129824,117912,110471,104246,92610.1,83652.4,81876.7,74868.3,69273.1,64373.8,58158.5,57481.8,52038.5,50826.3,47910.7,45217.3,41802.4
 68.5,0,0,1.95479e+006,268836,231446,205859,187292,168447,150674,139654,129409,117140,108178,97686.9,90993.9,87097.3,81393.9,75517.3,70788.5,65146.2,60953.1,57609.7,53694.4,52161.9,48508,46419
 71.0,0,12.3976,1.69613e+006,275442,240168,211540,190454,173219,155285,143062,130992,123389,112177,102372,95562.4,90205.5,84479.6,78144.6,71828.6,66629.8,64017.8,59791.8,58147,53544.2,50960.7,48272.6
 73.7,0,0,1.45621e+006,282216,243347,217975,196861,179991,162129,147656,138343,126798,117504,109369,103003,95292.4,87661.3,82282.9,74869.2,72060.8,68121.2,63457.3,58519.6,56031.7,54075.2,51551.3
 76.4,0,0,1.04333e+006,292971,255061,227834,206205,188422,174229,156714,144979,134446,124129,113045,106601,99232.1,93199.1,87798.6,79631.5,77078.1,71217.9,68259.1,65100.7,61278.9,57570.4,54813
 79.1,0,0,663012,301665,269064,238153,215292,197740,182232,167432,154083,143066,133860,118835,113993,107475,100897,92576.8,87360.6,81228.8,78065.3,71779.1,70006.3,65928.5,60952.6,57860.5
 82.0,0,0,397282,308847,276728,249130,223064,205535,187797,174522,160391,149126,138914,127743,119011,113586,104036,96546.3,91588.8,88833,81524.4,78938.4,73150.1,69928.7,66229.6,62742.8
 85.1,0,0,216626,317785,282322,256313,235854,214630,198886,182166,169627,157103,146741,134980,125548,119232,112889,106147,96799.2,91166.7,85331.9,80774.7,77819.6,75142.4,69639.4,64242.4
 88.2,0,0,104204,325592,290978,263441,246452,221886,205704,190578,177216,165099,152964,142359,130416,126031,114708,108531,104136,96386.3,92482.9,85157.7,84390.3,78148.7,73417.9,68630.7
 91.4,0,0,41094.2,342229,300041,273636,249949,228485,212025,197888,180326,169370,159959,146658,139132,132025,122717,114230,107318,100259,96073.7,89720.5,85531.5,83834.4,77870.6,72731.3
 94.7,5.61637,0,5120.4,344207,310285,279826,257555,236138,218345,202249,188925,175493,165792,154332,143187,134881,127299,117659,111299,107176,100088,94846.1,90821.5,85017.6,79767.2,76224
 98.2,0,0,0,352649,317634,287693,263734,242514,228501,209153,195373,180410,171153,159085,150538,139891,131159,124609,115403,111548,104217,99666.4,96120.7,90317.6,84842.4,78922
101.8,0,0,0,354691,319943,287929,263559,247623,228683,212518,195197,186981,174929,162617,153173,146164,136269,128985,120335,115071,107696,101235,97657.7,93461.9,87171.8,82873.3
105.5,0,0,5397.22,356828,321611,295125,269888,249345,233369,213479,201403,187728,175795,164993,156078,148544,137602,129972,122592,117635,109938,104167,101580,96624.7,90222.1,84905.4
109.4,0,0,39148.7,356628,320916,295285,274449,252027,233819,218594,203647,191433,179101,169223,158962,151023,141565,133585,126069,118860,112407,106708,105271,97191.9,93127.7,86980.8
113.4,0,0,96258.8,357813,322068,297476,274381,253243,236070,222436,207382,192111,182464,174379,162392,153460,142778,136114,126499,120470,114603,109739,106497,100174,94680.1,89389.7
117.6,0,0,154320,355733,318988,292976,269746,252269,233895,219367,206563,193481,180876,174208,160266,151378,144851,139139,129183,122538,117458,109570,106554,100237,94729.3,89613.2
121.9,0,0,221321,350114,311115,290442,268416,247082,233751,215162,204040,193313,181574,172334,159486,151204,144763,138879,130060,121655,117837,110572,108095,102402,96122.7,91490.3
126.3,5.36175,0,285711,340933,309710,280588,262639,245197,227734,212792,201359,190433,181392,170672,159492,152681,142671,133913,129689,123477,116761,111980,108167,102396,97564,92961.1
131.0,0,0,323718,332178,293608,271829,251770,239958,223737,208222,196924,188765,175077,166319,156221,150434,144070,136240,127586,124106,117556,110080,107661,102816,97203.5,90989.3
135.8,0,0,344975,315756,284562,263821,247334,230856,215365,202527,193299,183035,171409,164447,154088,146068,140122,133146,126711,120074,117667,108347,107130,100618,94767.3,90755.1
140.7,0,0,349996,304223,272436,250751,238591,219694,208604,195961,184467,179167,167729,158656,149887,143877,134897,129832,121765,118788,113273,107084,104053,98119.5,94233.9,88495.1
145.9,0,0,331727,284405,257126,239165,226070,211519,198106,187048,173120,169812,159821,153388,145549,140496,131425,125799,118577,114512,108471,104828,101779,94004.1,91344.6,86080.5
151.2,0,0,325317,261838,240258,224285,209012,196533,186003,175935,166587,161331,149905,144858,137334,132590,126673,119767,113990,110147,104226,100151,97685.6,91727.8,87749.6,82623.2
156.8,0,0,337440,246229,222802,209175,198267,184472,173523,165408,156115,151359,143046,136883,131155,124888,120367,115563,110473,103623,98840.5,95492.2,94022.2,87788.5,84537.5,79908
162.5,0,0,345365,223338,203180,185980,180597,170214,160369,154205,145854,139994,133261,129018,122283,118339,112661,106529,103006,97460.4,94141.3,88620,88252.4,82670.6,79192.9,76007.4
168.5,0,0,331515,202561,181529,171715,165229,154783,148240,140340,132539,129489,122736,119686,113497,109969,105170,99479.9,94831,92228.9,87137.1,84915.4,81142.3,77809.5,72676,71874.7
174.7,0,0,308504,180710,164897,154056,148062,139762,132724,127664,121428,119513,114262,107253,103263,98621.1,97369.9,93269.7,88380.8,85353.4,81794.5,77611.1,76277.4,71649.5,70099.3,64784.5
181.1,0,0,282591,158470,145664,137539,130824,124696,119399,115432,107918,108076,102150,98699.7,95840,90088.4,86516,83726.2,80268.2,77341.4,74786.3,71131.1,69164.7,65598.1,63475.4,61162.6
187.7,0,0,244268,137838,127143,120813,113832,110348,105174,102348,96181.1,94923.8,91123.5,87731.5,83869.7,80068.2,79670.2,75058.2,73680.7,70310.8,67380.1,63512.5,63806.3,60157.6,56725.7,55504.4
194.6,0,0,203921,116734,108723,103287,99442.3,95035.4,91553,88095.7,84219.4,84696,80723.6,77830.5,74693.6,72982.5,70043.1,68588.5,65503.7,62193,61174.2,57584,56079.2,53330.1,51921.6,49193
201.7,0,0,167878,98410.5,94087.4,88580.3,85730.8,81265,79090.7,76470,73711.2,72132.4,69246.8,68193.1,65081.7,63526.5,60713.9,58560.5,57822.8,54825.9,53149.5,51127.9,50111.3,46831.5,46061.1,45031
209.1,0,0,133070,81945.4,76842.3,73904.7,71531.9,69615.2,66425,64360.4,62601,61697.4,61111.9,59266,56708.1,54999.3,52194.5,50858.1,50298.8,48493.1,45652.6,44555.7,43562.3,41795.7,39637.2,38885.7
216.7,0,0,103281,67496.1,64342.9,62175.7,60316.8,55443.7,55942.5,54952.1,52107,53308.5,50688.5,49224,48027.8,46688.3,45375.7,43690.4,43595.2,41476.2,39818.9,39593.4,37809.5,35944.7,34545.6,33946.5
224.7,0,0,77292.1,54245.1,52244.9,48838.7,47874.2,46423.3,44952.3,44570.7,42705.2,43685.1,42251.7,40903.7,40595.2,39243.7,38536,36918.4,36606.6,35296,34505.4,32514.8,32768.1,31176.4,29494,28624.6
232.9,0,0,55942.7,42755.7,40884,39167.9,38046.6,37893.4,36963.5,36578.2,34486.2,35992,34449.9,34237.9,33278.9,32288.8,32093.9,30689.1,30972.3,28514.2,28518.4,28157.3,27228.2,25925,24793.1,24519.2
241.4,0,0,41228.7,34249.2,32079.8,30016.2,30834.2,30348.7,29074.6,28914.4,28209,28827.7,27933.8,28191.7,26245.4,26340.3,26532.3,25842.9,25405.7,23909.2,23648.3,23331.5,22635.4,21538.5,20739.4,20554.4
250.3,0,0,30392.4,24754.2,23426.5,22951.9,23364.9,22941.4,23317.4,22264,22050,22799.9,22064.8,21528.3,21048.4,21583.5,21156.3,20663.6,20488.8,19649.3,19146.2,18339,18337.3,17709.7,16915.7,16210.1
259.5,0,0,21469.8,18397.1,18226.5,17997.5,17573.5,17185.7,17416.3,17257.4,17455.9,17958.5,17271.5,17173.8,16654.1,16079.5,16587.5,15571.7,16174.8,15365.9,15341.9,14442.9,14591.6,13441.7,13497.3,12974.1
269.0,0,0,13404,13151.5,13071.9,13154.3,13349.7,12722.4,12898.4,13070,12738.4,13010.7,12539.7,13414.2,12893.6,12588.9,13289.4,12369.3,12650,11962.8,11884.7,11871.3,11892.4,10818.4,10464.9,10203.8
278.8,0,0,9014.13,9994.1,8940.97,9128.79,9163.19,9309.38,9371.7,9078.6,9358.91,9444.88,9562.92,10280.2,9597.06,9553.75,9754.18,9505.49,9243.8,8886.73,8930.42,9045.27,8201.81,8395.44,8382.86,7761.26
289.0,0,0,6730.67,6565.72,6562.79,6351.99,6575.08,6666.38,6658.29,7103.17,6736.41,6809.9,7097.28,7152.14,7212.43,7650.75,7059.06,7217.77,7045.96,7090.61,6646.86,6622.29,6417.54,6663.81,6138.6,6090.78
299.6,0,0,4736.17,4332.59,4421.37,4449.49,4339.96,4516.83,4406.49,4585.56,5185.07,5207.21,4894.42,5199.46,5711.48,5037.93,5027.9,4947.29,4972.81,5108.36,4913.49,5039.76,4862.89,4826.34,4732.94,4579.36
310.6,0,0,2823.79,2498.38,2793.45,2962.34,3069.79,3051.64,3360.05,3127.14,3617.88,3781.6,3524.99,3596.05,3982.73,3602.56,3522.1,3644.74,3756.69,3552.52,3796.21,3505.37,3395.76,3387.31,3556.84,3460.94
322.0,0,0,1756.76,1775.78,1685.24,1753.02,2072.86,1703.66,2050.97,2089.54,2463.95,2476.82,2290.7,2373.29,2448.32,2357.94,2538.39,2669.14,2682.48,2550.15,2609.32,2686.1,2424.85,2512.08,2419.39,2333.65
333.8,0,0,1111.56,1186.5,1216.38,1151.14,1231.82,1179.52,1479.57,1409.55,1475.55,1552.47,1523.87,1744.1,1643.31,1698.43,1762.41,1758.66,1886.31,1715.88,1730.47,1696.49,1801.53,1688.69,1659.5,1694.83
346.0,0,0,591.503,798.372,601.927,655.939,707.659,855.878,816.287,847.425,935.623,900.461,987.508,964.885,1156.91,1050.53,1159.1,1146.99,1390.97,1219.78,1178.23,1206.16,1117.48,1131.36,1191.86,1216.82
358.7,0,0,375.613,443.315,336.439,346.037,495.707,518.756,597.705,534.906,631.238,587.403,729.383,674.484,592.532,695.19,720.922,896.565,794.832,858.398,815.431,662.985,797.848,829.247,692.482,717.511
371.8,0,0,286.125,312.512,267.96,263.882,309.377,297.095,263.53,349.339,336.609,334.158,404.206,397.569,464.592,495.657,478.69,514.029,528.145,496.01,493.787,528.231,488.549,538.354,520.438,474.363
385.4,0,0,178.041,166.843,148.476,156.66,129.159,187.353,195.88,190.953,271.107,139.949,210.327,222.188,306.319,222.05,259.139,328.817,316.898,227.624,304.651,292.688,208.327,342.213,324.432,338.063
399.5,0,7.07738,101.262,122.504,93.09,121.41,65.8749,128.477,93.1003,144.81,117.574,121.431,80.0296,162.78,153.371,150.185,164.713,162.217,170.097,249.022,139.911,211.477,192.204,195.436,196.541,142.5
414.2,0,0,79.8711,43.2525,72.1226,64.8998,57.6876,50.4858,115.386,43.263,21.6368,100.94,50.4753,72.1226,108.173,77.9475,115.69,115.932,63.5335,179.487,115.375,128.444,108.699,93.7489,158.638,123.66
429.4,0,0,28.853,36.763,14.7052,29.4104,14.7052,22.5873,58.8209,29.9399,44.1156,29.4104,74.0556,44.6451,37.822,102.379,43.5582,80.8508,102.379,72.9408,88.2313,88.2034,65.6161,15.2347,51.4682,81.3524
445.1,0,0,29.7937,14.8968,7.44841,22.3452,7.44841,29.2572,0,21.8088,22.3452,29.7937,58.9931,51.6025,36.1115,22.3452,14.8968,66.4993,7.44841,44.1541,37.1843,21.8088,29.7937,44.0963,44.6327,35.6328
461.4,0,0,0,7.59861,15.1972,7.59861,7.59861,0,7.59861,15.1972,29.1685,7.59861,38.052,45.5917,0.0589538,30.3945,22.7958,37.9931,7.59861,37.9931,15.2562,0,7.59861,7.65757,15.2562,15.1972
478.3,0,0,23.2656,15.5104,23.2656,0,0,0,0,0,1.25125,15.5104,7.75522,4.7573,15.5104,31.0209,7.75522,7.75522,7.75522,15.5104,23.2656,15.5104,20.2677,23.2656,7.75522,7.75522
495.8,0,0,7.86247,0,7.86247,0,7.86247,7.86247,0,0,7.86247,0,2.50594,10.9018,7.86247,0,23.5874,7.86247,0,0,7.86247,0,18.7643,0,7.86247,0
514.0,0,0,8.03067,0,0,0,0,0,7.68265,7.68265,8.03067,0,5.47112,16.0613,0,0,8.03067,15.7133,8.03067,8.03067,8.03067,16.0613,16.0613,8.03067,0,8.03067
532.8,0,0,8.1461,0,8.1461,8.1461,24.4383,0,0.353025,0.353025,0,4.31223,0,8.1461,0,0,0,0.353025,0,8.1461,8.1461,0,0,0,0,8.1461
552.3,0,0,0,0,8.26507,0,0,0,8.26507,16.5301,0,12.1549,0,0,8.26507,0,0,0,8.26507,0,0.321373,8.26507,0,0,0,8.26507
572.5,0,0,0,0,0,0,8.45177,0,0,8.45177,0,0,0,8.45177,16.9035,0,0,0,0,0,16.5749,8.45177,0,0,0,8.45177
593.5,0,0,8.58027,0,0,0,0,0,0,0,0,0,0,8.58027,0,0,0,8.58027,8.58027,7.52022,0,0,0,0,0,0
615.3,0,0,0,0,0,0,0,0,0,0,0,0,0,0,0,0,0,0,0,0,0,0,0,0,0,0
637.8,0,0,0,0,0,0,0,0,0,0,0,0,0,0,0,0,0,0,0,0,0,0,0,0,0,0
661.2,0,0,0,0,0,0,0,0,0,0,0,0,0,0,0,0,0,0,0,0,0,0,0,0,0,0
685.4,0,0,0,0,0,0,0,0,0,0,0,0,0,0,0,0,0,0,0,0,0,0,0,0,0,0
710.5,0,0,0,0,0,0,0,0,0,0,0,0,0,0,0,0,0,0,0,0,0,0,0,0,0,0
Scan Up Time(s),155,155,155,155,155,155,155,155,155,155,155,155,155,155,155,155,155,155,155,155,155,155,155,155,155,155
Retrace Time(s),10,10,10,10,10,10,10,10,10,10,10,10,10,10,10,10,10,10,10,10,10,10,10,10,10,10
Down Scan First,FALSE,FALSE,FALSE,FALSE,FALSE,FALSE,FALSE,FALSE,FALSE,FALSE,FALSE,FALSE,FALSE,FALSE,FALSE,FALSE,FALSE,FALSE,FALSE,FALSE,FALSE,FALSE,FALSE,FALSE,FALSE,FALSE
Scans Per Sample,1,1,1,1,1,1,1,1,1,1,1,1,1,1,1,1,1,1,1,1,1,1,1,1,1,1
Impactor Type(cm),0.071,0.071,0.071,0.071,0.071,0.071,0.071,0.071,0.071,0.071,0.071,0.071,0.071,0.071,0.071,0.071,0.071,0.071,0.071,0.071,0.071,0.071,0.071,0.071,0.071,0.071
Sheath Flow(lpm),3,3,3,3,3,3,3,3,3,3,3,3,3,3,3,3,3,3,3,3,3,3,3,3,3,3
Aerosol Flow(lpm),1.5,1.5,1.5,1.5,1.5,1.5,1.5,1.5,1.5,1.5,1.5,1.5,1.5,1.5,1.5,1.5,1.5,1.5,1.5,1.5,1.5,1.5,1.5,1.5,1.5,1.5
CPC Inlet Flow(lpm),1.5,1.5,1.5,1.5,1.5,1.5,1.5,1.5,1.5,1.5,1.5,1.5,1.5,1.5,1.5,1.5,1.5,1.5,1.5,1.5,1.5,1.5,1.5,1.5,1.5,1.5
CPC Sample Flow(lpm),0.3,0.3,0.3,0.3,0.3,0.3,0.3,0.3,0.3,0.3,0.3,0.3,0.3,0.3,0.3,0.3,0.3,0.3,0.3,0.3,0.3,0.3,0.3,0.3,0.3,0.3
Low Voltage,14.0228,14.0228,14.0228,14.0228,14.0228,14.0228,14.0228,14.0228,14.0228,14.0228,14.0228,14.0228,14.0228,14.0228,14.0228,14.0228,14.0228,14.0228,14.0228,14.0228,14.0228,14.0228,14.0228,14.0228,14.0228,14.0228
High Voltage,9507.79,9507.79,9507.79,9507.79,9507.79,9507.79,9507.79,9507.79,9507.79,9507.79,9507.79,9507.79,9507.79,9507.79,9507.79,9507.79,9507.79,9507.79,9507.79,9507.79,9507.79,9507.79,9507.79,9507.79,9507.79,9507.79
Lower Size(nm),15.9634,15.9634,15.9634,15.9634,15.9634,15.9634,15.9634,15.9634,15.9634,15.9634,15.9634,15.9634,15.9634,15.9634,15.9634,15.9634,15.9634,15.9634,15.9634,15.9634,15.9634,15.9634,15.9634,15.9634,15.9634,15.9634
Upper Size(nm),723.394,723.394,723.394,723.394,723.394,723.394,723.394,723.394,723.394,723.394,723.394,723.394,723.394,723.394,723.394,723.394,723.394,723.394,723.394,723.394,723.394,723.394,723.394,723.394,723.394,723.394
Density(g/cc),1,1,1,1,1,1,1,1,1,1,1,1,1,1,1,1,1,1,1,1,1,1,1,1,1,1
Title,,,,,,,,,,,,,,,,,,,,,,,,,,
Status Flag,Conditioner Temperature Error ,Conditioner Temperature Error ,Conditioner Temperature Error ,Conditioner Temperature Error ,Conditioner Temperature Error ,Conditioner Temperature Error ,Conditioner Temperature Error ,Conditioner Temperature Error ,Conditioner Temperature Error ,Conditioner Temperature Error ,Conditioner Temperature Error ,Conditioner Temperature Error ,Conditioner Temperature Error ,Conditioner Temperature Error ,Conditioner Temperature Error ,Conditioner Temperature Error ,Conditioner Temperature Error ,Conditioner Temperature Error ,Conditioner Temperature Error ,Conditioner Temperature Error ,Conditioner Temperature Error ,Conditioner Temperature Error ,Conditioner Temperature Error ,Conditioner Temperature Error ,Conditioner Temperature Error ,Conditioner Temperature Error 
td(s),1.1,1.1,1.1,1.1,1.1,1.1,1.1,1.1,1.1,1.1,1.1,1.1,1.1,1.1,1.1,1.1,1.1,1.1,1.1,1.1,1.1,1.1,1.1,1.1,1.1,1.1
tf(s),5.51527,5.51527,5.51527,5.51527,5.51527,5.51527,5.51527,5.51527,5.51527,5.51527,5.51527,5.51527,5.51527,5.51527,5.51527,5.51527,5.51527,5.51527,5.51527,5.51527,5.51527,5.51527,5.51527,5.51527,5.51527,5.51527
D50(nm),593.091,593.091,593.091,593.091,593.091,593.091,593.091,593.091,593.091,593.091,593.091,593.091,593.091,593.091,593.091,593.091,593.091,593.091,593.091,593.091,593.091,593.091,593.091,593.091,593.091,593.091
Median(nm),46.3524,70.6895,64.965,83.4529,88.7099,91.776,94.5648,96.4678,98.363,100.1,101.583,103.556,104.583,106.391,107.188,108.033,109.354,110.237,111.345,111.906,112.809,113.33,114.072,114.189,114.937,115.528
Mean(nm),69.5595,134.858,81.3446,89.9923,94.6549,97.5605,100.379,102.278,104.285,106.15,107.676,109.782,110.968,112.635,113.669,114.622,115.968,116.839,118.139,118.687,119.537,120.199,120.882,121.161,121.896,122.567
Geo. Mean(nm),62.3016,82.3164,75.1385,74.9555,80.4511,83.8084,87.0127,89.1807,91.466,93.5124,95.2434,97.4343,98.8177,100.565,101.661,102.747,104.117,105.079,106.351,107.015,107.89,108.56,109.343,109.659,110.406,111.083
Mode(nm),41.4178,71.0497,61.5265,113.419,113.419,113.419,109.411,113.419,113.419,113.419,113.419,117.574,113.419,113.419,113.419,113.419,117.574,117.574,121.881,130.975,121.881,126.346,126.346,130.975,126.346,126.346
Geo. Std. Dev.,1.58055,2.52822,1.4359,1.89849,1.83078,1.79343,1.76057,1.73842,1.71551,1.69853,1.68234,1.66955,1.6555,1.645,1.63776,1.62823,1.62207,1.61429,1.61045,1.60394,1.59994,1.59683,1.59115,1.58769,1.58492,1.58172
Total Concentration(#/cm³),0.440664,0.472953,471123,231042,193597,170996,153674,139703,127893,117523,108502,101435,94366.7,88061.8,82320.4,77905.9,73041.5,68853.9,64670.9,61300.9,58047.4,54858.4,53005.1,49978.4,47237.1,44713.5
Comment,,,,,,,,,,,,,,,,,,,,,,,,,,
