Sample File,C:\Users\VanceLab\Desktop\CASA_InLabTests\SMPS_20220912\FreshSmoke\CASA_INLAB_SMPS_20220912.S82,
AIM Version,10.3.1.0
Classifier Model,3082       ,Classifier S/N,3082021905001   ,Classifier Firmware Version,2.60
Neutralizer Model,3088,Neutralizer S/N,3088011906004
Impactor (cm),0.071,Impactor S/N,7100764
DMA Model,3081,DMA S/N,3081A1903007
DMA Inner Radius (cm),0.937
DMA Outer Radius (cm),1.961
DMA Characteristic Length (cm),44.369
HV Polarity,NEG,
Detector Model,3750,Detector S/N,3750190603,Nano Enhancer , None
Detector Sample Flow (L/min),1.00,Detector Inlet Flow (L/min),1.00
Reference Gas Viscosity (Pa*s),1.832450e-005
Reference Mean Free Path (m),6.730000e-008
Reference Gas Temperature (K),296.15
Reference Gas Pressure (kPa),101.30
Sutherland Constant (K),110.40
Tube Length (cm),25.40
Tube Diameter (cm),0.48
Channels/Decade,64
Multiple Charge Correction,TRUE
Nanoparticle Agglomerate Mobility Analysis,FALSE
Diffusion Correction,TRUE
Units,dw/dlogDp
Weight,Number
Sample #,1,2,3,4,5,6,7,8,9,10,11,12,13,14,15,16,17,18,19,20,21,22,23,24,25,26,27,28,29,30
Date,9/12/2022,9/12/2022,9/12/2022,9/12/2022,9/12/2022,9/12/2022,9/12/2022,9/12/2022,9/12/2022,9/12/2022,9/12/2022,9/12/2022,9/12/2022,9/12/2022,9/12/2022,9/12/2022,9/12/2022,9/12/2022,9/12/2022,9/12/2022,9/12/2022,9/12/2022,9/12/2022,9/12/2022,9/12/2022,9/12/2022,9/12/2022,9/12/2022,9/12/2022,9/12/2022
Start Time,15:00:00,15:03:00,15:06:00,15:09:00,15:12:00,15:15:00,15:18:00,15:21:00,15:24:00,15:27:00,15:30:00,15:33:00,15:36:00,15:39:00,15:42:00,15:45:00,15:48:00,15:51:00,15:54:00,15:57:00,16:00:00,16:03:00,16:06:00,16:09:00,16:12:00,16:15:00,16:18:00,16:21:00,16:24:00,16:27:00
Sample Temp (C),22.7,22.7,22.8,22.8,22.9,22.9,23.0,23.0,23.0,23.0,23.0,23.0,23.0,23.0,23.0,23.1,23.0,23.1,23.0,23.0,23.0,23.0,23.0,23.0,23.0,23.0,23.0,23.0,23.0,23.0
Sample Pressure (kPa),81.3,81.2,81.2,81.2,81.2,81.2,81.2,81.2,81.2,81.2,81.2,81.1,81.2,81.1,81.1,81.1,81.1,81.1,81.1,81.1,81.1,81.1,81.1,81.1,81.1,81.1,81.1,81.1,81.1,81.1
Relative Humidity (%),22.4,21.3,20.4,19.7,19.1,18.6,18.2,17.9,17.6,17.3,17.1,17.0,16.8,16.7,16.6,16.5,16.4,16.4,16.3,16.3,16.2,16.2,16.2,16.2,16.2,16.2,16.2,16.2,16.2,16.2
Mean Free Path (m),8.37480e-008,8.38511e-008,8.38871e-008,8.38871e-008,8.39232e-008,8.39232e-008,8.39592e-008,8.39592e-008,8.39592e-008,8.39592e-008,8.39592e-008,8.40628e-008,8.39592e-008,8.40628e-008,8.40628e-008,8.40989e-008,8.40628e-008,8.40989e-008,8.40628e-008,8.40628e-008,8.40628e-008,8.40628e-008,8.40628e-008,8.40628e-008,8.40628e-008,8.40628e-008,8.40628e-008,8.40628e-008,8.40628e-008,8.40628e-008
Gas Viscosity (Pa*s),1.83102e-005,1.83102e-005,1.83149e-005,1.83149e-005,1.83197e-005,1.83197e-005,1.83245e-005,1.83245e-005,1.83245e-005,1.83245e-005,1.83245e-005,1.83245e-005,1.83245e-005,1.83245e-005,1.83245e-005,1.83293e-005,1.83245e-005,1.83293e-005,1.83245e-005,1.83245e-005,1.83245e-005,1.83245e-005,1.83245e-005,1.83245e-005,1.83245e-005,1.83245e-005,1.83245e-005,1.83245e-005,1.83245e-005,1.83245e-005
Diameter Midpoint (nm)
 15.7,0.000,72.343,49870.998,12464.245,4038.635,3007.635,2912.993,2278.199,2433.548,1947.791,1444.616,905.013,1401.011,1228.069,1405.337,1241.614,1171.660,1374.561,1410.752,1118.382,1313.590,1346.249,1092.070,980.236,1130.682,906.504,1167.970,939.603,1396.894,1270.982
 16.3,0.000,16.813,44613.289,12196.721,3544.517,2469.631,2242.575,1542.480,1718.677,1459.982,739.073,850.059,776.969,868.727,595.324,545.576,517.504,619.832,692.160,690.688,655.829,415.619,595.112,399.416,813.350,438.819,593.024,604.916,572.396,622.957
 16.8,0.000,15.655,41359.543,13098.028,3364.940,2333.752,2241.598,1406.871,1363.896,933.090,883.040,646.853,485.624,347.417,434.855,315.855,271.424,320.073,340.749,236.683,252.209,235.458,250.823,259.040,277.444,217.372,144.895,317.951,273.883,301.937
 17.5,0.000,14.631,38613.578,12737.794,4077.972,2713.245,1763.604,1324.201,1226.351,990.955,806.803,782.352,453.956,381.251,336.049,306.716,201.901,236.394,198.833,193.630,178.876,96.319,82.770,137.244,122.886,81.505,81.160,121.635,67.404,107.568
 18.1,0.000,0.000,36702.072,14267.819,4221.437,2995.774,2436.142,1563.216,1335.419,1228.823,861.230,692.557,355.041,397.073,223.273,261.387,188.679,195.539,77.799,129.668,172.650,103.202,90.535,64.337,128.022,89.161,38.244,50.691,37.922,75.652
 18.8,0.000,0.000,33931.247,14966.480,4865.003,3317.914,2654.359,1481.338,1608.187,1390.792,1117.644,800.420,578.475,385.548,244.217,233.350,146.979,147.002,182.783,158.411,80.218,48.496,72.929,36.280,0.000,47.888,57.399,11.912,83.172,0.000
 19.5,0.000,0.000,33302.145,15596.076,4728.602,3591.768,2729.207,1662.851,1936.210,1424.154,936.788,894.362,659.548,513.404,374.515,150.409,138.460,165.624,183.684,151.827,125.649,57.114,34.354,45.576,68.022,67.683,35.933,44.897,33.588,33.505
 20.2,0.000,0.000,31891.054,17468.394,6061.441,4435.399,3232.077,2299.530,2164.701,1659.095,1257.250,998.685,695.843,609.012,387.233,359.754,260.932,224.538,183.901,181.468,86.109,86.109,51.929,21.474,32.051,74.415,21.209,42.312,31.655,42.103
 20.9,0.000,0.000,30466.157,18478.681,6343.514,5672.250,3722.183,2460.470,2179.881,1543.173,1365.803,1151.722,687.990,572.849,469.703,343.796,339.638,186.289,264.042,126.305,153.077,72.315,86.976,56.151,26.704,55.743,6.730,7.340,17.441,27.087
 21.7,0.000,10.166,27635.520,20001.873,7487.872,4933.940,3700.836,2322.169,2766.784,1633.284,1561.956,1340.879,831.316,641.454,562.479,360.905,221.555,217.726,270.973,202.208,163.206,82.846,76.401,11.488,20.625,49.401,4.691,32.550,24.064,14.314
 22.5,9.666,0.000,24847.973,20424.815,8022.714,6668.323,4206.485,3111.374,2869.228,2184.338,1929.370,1648.634,932.540,1028.066,627.520,461.268,399.490,319.153,355.647,183.077,171.497,115.496,60.879,44.208,33.834,52.386,45.167,37.929,2.047,30.132
 23.3,0.000,0.000,23637.228,22544.983,8654.372,7752.764,4950.980,3352.926,3180.369,2107.551,2039.565,1594.215,1325.555,914.652,663.358,447.137,452.426,394.319,292.768,357.735,125.776,184.989,44.176,79.598,38.840,60.510,64.468,49.009,54.063,26.819
 24.1,0.000,0.000,21457.903,23879.949,10348.931,8491.073,5346.298,3684.688,3600.250,2702.834,2505.886,1709.538,1343.252,1181.736,977.883,632.939,523.445,376.557,296.404,317.917,247.283,133.032,168.257,110.455,115.802,106.555,50.420,20.718,42.460,0.000
 25.0,0.000,0.000,19373.063,26404.880,11920.645,9832.323,6527.223,4079.053,4177.155,3037.342,2616.925,2144.245,1736.825,1474.551,1136.667,565.480,631.943,620.682,620.016,370.440,395.160,164.369,224.489,136.726,104.705,74.864,105.836,66.115,5.695,56.857
 25.9,0.000,0.000,17240.350,28330.419,13552.805,11228.206,7773.568,4803.558,4476.661,3295.754,3043.996,2242.702,2066.658,1521.983,1386.258,1079.607,819.784,717.380,523.207,468.994,415.361,273.111,210.809,188.506,101.825,124.252,112.234,120.061,70.757,64.593
 26.9,0.000,0.000,17718.414,31574.741,14675.005,12632.501,8824.180,5248.121,4780.405,3492.992,3426.799,2547.466,2466.834,1979.859,1573.828,1144.958,804.450,734.387,898.489,759.115,495.220,302.390,253.469,237.471,217.147,166.092,180.343,82.306,119.282,58.316
 27.9,0.000,0.000,19115.680,34182.592,16652.425,15453.688,9329.157,5822.906,5251.481,3979.589,3716.220,3458.918,2663.065,2102.155,1856.818,1230.438,908.636,933.089,1143.061,773.117,508.781,403.180,270.857,191.792,214.028,225.881,195.799,208.359,139.535,111.227
 28.9,6.905,0.000,24048.992,37183.271,18647.946,16696.381,10711.835,6801.794,6451.827,4595.724,4415.575,3546.573,3260.360,2745.742,2282.841,1756.397,1512.378,1319.639,1029.845,855.839,704.645,453.217,342.854,321.934,277.131,254.981,200.054,172.100,157.360,90.301
 30.0,0.000,0.000,30677.022,41068.708,21354.587,18666.355,12163.952,7740.314,7236.914,5396.022,4816.236,4301.225,3455.838,3099.680,2530.654,1973.604,1464.176,1240.381,1617.556,1217.159,709.426,656.596,490.188,344.872,259.750,331.278,236.616,191.216,181.379,200.693
 31.1,0.000,0.000,41190.948,45822.963,24101.451,20846.577,14158.209,9037.749,7944.862,5930.387,5712.933,4610.080,4513.692,3856.878,2978.607,2437.399,1757.615,1791.897,1583.586,1281.752,1121.682,756.610,587.596,449.370,474.926,434.739,277.962,305.138,242.944,260.953
 32.2,0.000,0.000,52887.893,51023.877,28789.904,24540.152,16353.815,10391.053,8893.035,6855.945,7021.838,5305.298,4692.521,4182.206,3433.560,3076.517,2145.164,1809.084,1792.231,1751.375,986.898,952.843,619.521,529.507,587.452,545.895,453.577,349.988,361.141,280.703
 33.4,0.000,0.000,63271.032,54814.243,32425.497,27558.615,18845.724,11264.522,10212.369,7407.556,7546.266,6437.510,5545.730,4890.785,4084.068,3453.404,2760.233,2424.518,2148.928,1951.998,1348.720,1090.860,866.529,682.989,566.168,742.195,544.047,472.157,335.074,314.890
 34.6,0.000,0.000,78190.467,60333.674,36490.188,29692.404,21254.496,12568.449,11649.742,8208.631,8235.189,6924.714,6565.319,5341.368,4466.729,3632.371,3002.566,2721.970,2670.653,1978.059,1648.977,1285.924,1002.598,849.350,594.846,705.823,589.367,476.675,482.218,461.935
 35.9,0.000,0.000,97821.526,65791.967,40597.428,33599.305,22922.483,14149.835,12357.460,9400.063,8926.507,7307.863,7075.726,6085.372,5235.229,4481.301,3493.817,2912.177,2837.639,2438.924,1918.919,1467.241,1098.613,1024.109,738.419,884.273,660.576,699.988,651.385,450.606
 37.2,0.000,0.000,121653.530,74923.078,47093.979,38794.071,26307.099,16726.446,13599.792,10171.706,10430.653,8168.340,8185.571,7002.099,6256.258,5215.372,4374.381,3741.815,3592.107,3083.260,2114.321,1640.115,1442.277,1155.735,1056.277,1271.727,919.862,890.192,816.647,775.011
 38.5,5.133,0.000,152488.425,81853.681,55129.173,44541.228,29463.621,17975.273,14936.505,11558.542,11603.843,9244.715,9355.917,8264.529,7037.443,6057.916,5111.598,4289.398,4131.179,3653.841,2682.868,2256.766,1523.754,1217.668,1193.523,1191.584,1146.594,907.774,1055.520,769.473
 40.0,0.000,19677.355,187166.468,93143.651,62204.924,50551.221,33546.792,20862.754,16644.436,13034.812,12859.197,10776.682,9743.271,9269.117,8351.835,6795.656,5812.509,5066.839,4784.140,3864.352,3417.514,2378.552,2137.253,1634.500,1565.208,1522.995,1264.210,1070.722,1119.641,1157.211
 41.4,0.000,305628.707,216883.758,101168.119,68923.366,55087.528,38502.352,22899.861,18872.618,15411.440,14501.994,12756.339,11859.255,10568.160,9233.266,7652.297,6690.598,5784.541,5528.270,4899.129,3844.406,3062.288,2404.813,1833.583,1787.018,2008.138,1885.639,1615.238,1319.796,1220.027
 42.9,0.000,670963.219,256593.145,109963.451,78034.954,60858.201,43033.627,27229.123,21424.597,17245.368,16630.644,14041.390,13573.846,11910.435,10803.146,9581.889,7598.651,7028.935,6140.673,5733.506,4415.111,3413.529,2996.739,2332.319,2087.404,2269.238,1900.605,1794.977,1704.754,1573.653
 44.5,0.000,689274.729,289431.956,124575.183,87995.607,69292.864,45241.321,30555.793,23841.998,18776.234,18740.860,16250.099,14727.562,13550.697,12142.247,10713.737,9173.011,7420.747,6711.993,6250.149,5382.579,4130.487,3141.017,2781.359,2634.029,2893.922,2444.695,2258.978,2044.575,1877.646
 46.1,0.000,517408.977,327472.626,136765.187,103565.180,74378.592,51775.378,34165.294,27174.316,21227.051,21115.179,18675.247,17464.237,15627.231,14035.887,11866.544,11064.756,8795.810,8477.989,8326.389,6431.388,4510.875,4148.286,3108.927,2925.268,3093.580,2600.766,2321.740,2539.457,2286.162
 47.8,0.000,297811.685,365079.880,158495.906,117855.572,84808.265,57333.851,40090.746,31534.970,24831.422,24506.886,21376.570,20352.125,18443.473,17004.293,14133.821,12314.050,11079.114,9713.091,10083.533,7824.579,5376.999,5123.812,4217.244,4048.758,4365.470,3561.246,3165.597,3221.074,3351.292
 49.6,0.000,104433.394,397606.265,187747.368,141120.600,97886.269,67272.069,46999.828,36984.100,28079.310,28635.834,26707.497,24154.525,22278.219,21122.929,18056.000,15874.195,13685.596,12233.944,11881.404,9486.078,7822.534,6381.487,5448.232,5313.890,4945.592,4960.022,4673.912,4808.280,4887.372
 51.4,0.000,0.000,425600.434,218117.496,162227.058,110024.496,76897.690,54051.160,42950.314,33447.398,31734.618,30680.392,28470.414,27058.137,24754.129,21059.723,18995.605,17261.218,15558.322,15086.815,11255.324,9092.305,8624.421,6936.989,6946.620,6613.927,6616.518,5668.509,5861.163,5685.580
 53.3,0.000,0.000,448199.413,246871.445,180779.635,122576.245,85697.688,62620.472,47851.245,37428.303,36838.349,33936.753,33050.863,30434.785,28463.328,24419.495,22197.626,20157.603,17625.028,17372.135,13059.246,11406.273,10084.870,8800.372,7801.911,8067.974,8000.233,7054.557,7009.158,7054.305
 55.2,0.000,79981.824,486738.858,282954.694,203827.387,134237.196,98038.260,72023.290,55405.506,41527.211,41974.280,38888.419,37040.706,34340.063,32807.280,28752.968,26584.507,23614.304,21953.451,19756.293,15990.051,13280.231,11944.291,10685.020,10110.388,10487.977,9393.222,8836.502,8890.823,9077.063
 57.3,0.000,128699.024,511965.942,323495.408,234908.740,148816.667,106989.545,82030.565,61188.406,46976.359,46962.315,43961.011,43536.179,39557.327,37560.418,32806.901,29982.783,27948.476,24780.343,23695.036,18731.409,15793.058,13812.030,12288.294,11422.430,11353.359,11870.972,10650.898,10763.472,10798.637
 59.4,0.000,98251.167,543490.911,360449.481,267191.742,163849.886,122064.654,91463.692,68300.857,54663.803,53274.094,49204.469,50277.366,45869.660,43780.005,38907.651,35427.475,31683.176,29577.261,26787.529,22665.866,18553.034,16306.871,14980.459,14012.139,14269.975,13530.159,12784.423,13005.595,13508.409
 61.5,0.000,45238.041,575788.152,404242.129,301690.364,182443.595,138075.454,104311.068,76729.335,61613.143,61097.891,57897.020,54786.006,53181.654,50923.520,44633.887,41117.899,37538.086,33975.427,31044.471,26143.620,22883.371,19195.019,17665.014,17245.667,17003.738,16209.450,15115.485,16588.903,15751.331
 63.8,0.000,387580.055,602276.830,438763.196,345256.996,202361.513,155860.139,118760.565,86014.374,68148.792,68336.398,66939.740,63184.475,60631.101,57624.706,51268.331,46186.799,43834.873,39575.860,36406.002,30827.284,26369.139,24337.787,21219.946,19897.760,19560.302,19205.973,18719.376,18867.249,18855.849
 66.1,0.000,1144260.502,632651.014,471350.552,391801.923,228043.025,179071.936,133078.252,97075.725,77913.128,77711.991,73771.384,70695.740,68863.203,67007.454,57926.827,54556.612,49457.646,45467.989,43186.184,36345.774,31175.054,26872.985,25260.834,24006.041,23490.845,22604.081,22001.572,22195.152,22417.303
 68.5,0.000,1804263.663,646796.479,500244.712,429539.407,252050.190,199050.984,149550.484,109830.352,86224.639,84214.519,82427.459,82345.318,79282.318,73931.417,66268.003,62304.637,55167.949,52750.064,49468.111,41730.016,36003.293,32766.623,29084.705,26610.048,26583.624,26690.147,26831.908,27676.556,26411.078
 71.0,0.000,2144772.999,653045.597,466203.279,438569.094,260741.546,201918.030,151052.635,106084.005,85026.708,83755.552,80851.212,81050.787,81849.584,73037.757,66297.563,62085.029,56027.131,51705.414,49880.818,40549.103,35516.996,30889.419,29032.156,26862.805,26877.250,25809.579,26201.923,25743.753,23919.596
 73.7,0.000,2397193.974,646941.980,447388.774,462589.823,269780.092,205789.026,154118.745,111291.651,90005.029,87987.215,82735.074,82125.266,82416.492,75632.458,67805.769,63106.629,58145.341,53622.667,48316.714,43051.484,34458.382,31197.902,29397.875,26597.324,27773.158,26017.760,26111.515,26063.650,25382.740
 76.4,0.000,2459787.121,651083.031,447868.983,513419.981,301433.555,222683.682,170276.522,119577.337,98338.930,98209.189,92875.057,92262.128,91502.297,81993.531,77243.442,70223.823,64033.142,57844.505,53617.701,47172.612,39726.256,36043.471,32149.703,29953.551,32097.166,28746.301,30809.377,30463.459,29707.518
 79.1,31.266,2303423.515,656854.631,469064.689,573426.270,327143.677,246860.021,192130.360,131401.064,110748.285,107268.480,102918.916,99604.228,102948.620,89265.688,87781.802,78206.268,71774.943,64768.278,58810.663,52189.709,44666.033,40416.526,35185.242,33689.802,34209.367,34410.648,34685.886,34556.697,32973.328
 82.0,22.690,2280182.016,656551.186,499743.146,626393.324,360066.557,271424.686,207756.340,146442.083,124158.519,117372.177,114722.484,113634.192,113807.893,101238.936,97847.786,89010.517,83167.705,73692.856,66811.968,59506.279,52174.254,45242.487,40081.417,38169.714,39236.042,39064.850,36830.119,39299.854,38223.783
 85.1,0.000,2295653.113,646633.237,524480.939,686239.451,394055.681,297657.344,230360.692,163574.018,134116.335,127550.915,123486.539,123924.622,122160.626,111536.096,105800.333,99162.535,88552.152,81490.883,77942.802,67185.819,56858.862,52813.688,45929.963,43899.653,45223.865,42435.487,44137.444,43658.093,42530.663
 88.2,0.000,2462193.607,656553.806,562589.701,773044.719,421339.246,330117.200,264861.412,180273.045,148805.497,139798.031,133119.224,137831.720,137650.831,121668.657,117764.877,109933.621,100862.708,91933.644,85914.652,72937.898,64068.975,57919.851,51927.557,50848.047,50560.443,50243.717,51771.684,50475.303,48775.432
 91.4,49.767,2732310.918,657472.225,616782.526,845964.313,453686.251,358520.929,289071.256,201514.895,162331.501,157386.837,144564.517,152604.201,151631.221,134989.272,133295.144,123736.887,113518.270,105812.688,94981.200,82774.958,72042.261,65670.275,58806.788,57427.757,57048.216,56601.318,57102.508,55600.718,54937.709
 94.7,12.036,2769158.271,654646.674,652755.649,911549.158,484844.476,399800.254,320345.115,218914.795,181386.505,167154.938,157518.576,173689.449,170849.500,148560.493,151033.654,137601.259,124640.145,114482.852,110150.854,90579.493,80763.655,72839.654,67682.939,64466.322,67168.704,65295.679,66829.493,65948.024,61775.425
 98.2,129.079,2713481.120,653895.146,749845.638,1014323.895,514728.391,433419.926,364666.634,236015.840,195632.765,181278.818,174024.786,190215.156,184867.688,163203.072,169707.388,151695.031,140179.835,130476.778,121419.684,101577.476,88425.543,83448.199,72954.133,72320.535,75490.346,72397.746,73512.432,76137.113,70717.448
101.8,194.034,2716857.287,659467.376,854916.595,1087830.334,554243.444,477502.607,399878.520,264032.974,217255.823,202786.664,194964.725,206149.154,207005.183,185274.740,188546.942,169154.271,159684.173,142942.190,134278.485,114588.385,102039.560,93563.852,83236.955,81316.242,83326.022,80682.157,81346.337,82963.175,81027.228
105.5,216.359,2881560.882,658578.323,984837.972,1173210.576,579749.287,528563.889,436520.761,289359.479,240234.820,216069.537,211181.067,229483.363,229947.033,199865.077,203584.386,187576.470,171247.471,157547.726,147555.291,129365.834,113216.499,106695.174,94033.878,90199.769,92287.946,92470.701,92060.116,96536.167,92711.066
109.4,118.826,2953693.051,651194.217,1116424.733,1255439.591,612721.953,557780.621,476444.626,308585.114,255916.761,231132.570,233855.700,250569.274,248296.575,218592.676,225594.747,207805.905,188422.436,174527.883,165393.945,142463.765,126008.474,117072.491,104772.966,99999.304,100282.721,104159.337,103064.538,106590.229,103407.752
113.4,94.126,3060278.061,657307.805,1287324.730,1346654.616,640975.054,608273.042,505162.339,335305.483,277119.032,246293.607,251682.928,271266.241,268796.398,242078.885,245761.629,225982.382,206230.483,194928.195,179938.857,158872.222,139327.468,127300.675,118974.306,113942.502,114429.766,115294.985,114077.208,118292.828,113123.730
117.6,0.000,3332609.484,642188.185,1451071.634,1447138.809,663104.967,654043.749,542721.558,359060.623,298651.056,266260.065,265232.119,294513.681,291879.084,262110.192,267316.681,246276.665,225217.201,213282.121,198545.288,175044.117,153780.055,144494.558,133201.711,125017.919,125943.389,126042.138,128011.636,129777.835,129539.645
121.9,0.000,3597332.918,641965.428,1603548.571,1532430.116,705189.190,687364.308,582802.450,383321.717,312568.919,281835.250,282240.700,310753.328,308246.275,276969.319,286357.540,265561.935,245111.840,228445.424,215844.221,186474.458,167232.203,155093.936,143848.683,134494.028,135231.518,137553.099,143394.955,146864.242,141781.553
126.3,209.383,3914494.344,644716.268,1758369.191,1620261.316,727931.400,729503.090,616792.856,406147.577,338398.018,298070.872,305196.954,333007.518,328482.956,300367.083,309004.691,287672.810,265714.643,247214.507,229324.505,201088.353,183036.790,170732.317,156817.180,149502.850,150347.792,150923.260,155471.298,160222.616,156286.038
131.0,217.782,4070435.385,638775.652,1888217.434,1683778.045,750138.359,768070.626,653361.367,424759.118,356036.038,306797.818,319776.739,356143.698,345280.850,321918.617,334425.259,307812.805,279953.488,264346.063,246424.611,218271.961,195909.170,184203.579,169546.128,158486.096,161768.337,164761.611,169780.985,174596.484,171638.130
135.8,183.132,4063040.542,631504.240,2005544.480,1727323.638,761566.511,803223.461,684442.914,451127.281,375062.657,320422.424,336724.968,368443.084,359482.669,340431.600,347764.769,330563.713,300699.475,278014.353,263263.960,231907.176,208568.525,196494.764,183225.428,170799.345,172269.209,179851.742,182657.782,193905.860,184564.120
140.7,65.794,3919770.457,617225.319,2103786.575,1765224.812,771282.065,825806.966,710581.738,467282.011,384527.568,328355.247,352055.662,373846.708,370206.592,359995.921,361124.230,343835.943,315512.884,294935.456,275616.129,243163.143,223560.156,213530.103,194476.899,180852.692,184973.763,189769.747,193207.104,204144.346,198686.978
145.9,0.000,3763034.844,595869.699,2168589.922,1812542.926,775943.858,841371.662,727679.371,477667.093,396337.038,334376.156,358398.643,385350.234,383988.207,373244.889,377173.897,356899.932,329356.878,307986.964,286896.894,253750.772,234207.830,224087.701,208586.987,192774.623,189875.412,202983.293,203706.950,213159.196,213659.688
151.2,0.000,3479620.957,577254.659,2217734.451,1834679.555,768913.822,846929.736,747299.654,495823.476,408690.769,335563.721,363674.793,392173.729,389055.372,388760.552,389424.207,370046.789,337107.510,316807.927,294662.867,265735.332,243015.696,233258.326,219255.503,200776.596,204993.373,213334.161,218527.039,227327.636,223708.029
156.8,0.000,3063083.579,550731.412,2224181.472,1816935.482,754391.390,858184.537,745332.324,491052.340,410843.956,334338.280,362185.396,396325.973,389710.906,395504.933,391959.518,376369.018,345718.141,325194.582,305000.567,274186.825,247930.323,239920.928,224409.255,211107.042,215305.062,223161.178,227456.825,234017.023,233141.857
162.5,0.000,2699473.137,520110.410,2195603.400,1807422.291,740116.348,841382.054,748532.187,488767.677,408147.882,331950.334,367252.773,393187.134,390267.997,399757.563,394457.225,383367.098,349708.595,331244.343,307210.255,278769.822,254661.128,245231.819,230256.254,215976.889,221073.934,226815.289,234526.546,243070.615,240832.299
168.5,77.025,2338348.793,484847.797,2145128.535,1776889.925,719638.476,824668.501,738295.220,484856.623,407644.184,326182.862,362458.573,381684.136,389061.462,403745.229,398814.776,380759.704,351302.198,333504.965,310410.008,282595.407,258760.667,249738.201,234807.224,219092.429,221997.882,232802.237,242021.371,251133.088,246934.882
174.7,172.821,2002706.728,450559.160,2045338.056,1717013.386,693227.332,796336.976,722280.121,473537.975,397325.938,315539.353,352711.762,376022.913,378296.287,402371.996,391722.070,380650.771,351960.619,327112.809,308215.970,283850.225,259203.275,253671.221,237535.546,223596.297,225989.813,235812.978,243634.839,254317.135,251835.304
181.1,349.631,1633725.177,406264.722,1921746.403,1625190.843,657839.209,763564.355,696883.383,459940.711,383731.647,302201.364,339893.458,361582.121,366912.099,394828.625,385978.212,372569.689,345279.572,318827.801,304388.084,279230.234,259988.788,250909.199,235833.544,225579.330,225592.527,237256.924,243678.895,255786.298,252810.364
187.7,372.010,1309159.998,367257.429,1772152.832,1527448.540,609955.262,730717.954,669491.466,444511.813,370915.846,289179.394,326966.976,346766.551,353289.688,381285.085,371331.626,363910.836,332795.613,310775.164,298346.439,275063.133,255914.128,248478.067,234130.145,220917.088,224031.319,235893.564,241765.910,254823.199,249982.453
194.6,272.703,1032475.169,323572.625,1604664.607,1408901.813,558244.204,681630.536,631207.727,418275.583,348077.873,267535.515,305836.291,321364.128,332204.996,366862.042,352705.659,344467.383,317259.761,297677.008,286723.945,264752.969,249490.702,238283.296,229119.839,214404.203,216038.533,232078.015,238447.948,249090.071,246678.049
201.7,0.000,816317.453,283710.848,1457415.007,1293195.584,509700.252,627669.170,581017.340,393657.926,324984.422,246872.897,283096.592,300563.222,311020.299,350465.147,334464.136,328508.834,302268.450,282734.626,273770.786,252187.424,237815.130,228644.689,221795.346,208852.614,209255.380,225715.510,229042.470,243678.609,239137.542
209.1,372.777,639783.419,244657.685,1288828.132,1161720.618,454108.622,570265.226,536664.431,361116.046,298900.852,220938.343,259998.678,274867.344,284581.622,325773.003,312303.631,307912.224,281431.647,261967.425,256664.600,239309.769,225987.857,219426.026,209566.632,198957.192,200944.804,214981.006,219981.003,231586.048,230961.348
216.7,957.214,484109.450,206036.551,1122062.925,1036524.574,402788.570,511879.212,485599.908,329246.256,271359.867,200392.747,236615.115,250103.704,257185.225,297642.797,287914.252,284747.859,253266.260,243782.764,236674.315,220873.382,209983.816,203665.839,198198.310,188171.739,189522.850,203092.351,208232.138,221161.653,219212.765
224.7,1723.940,352531.005,172043.082,957935.586,907725.974,350912.680,451889.651,434537.914,294722.295,243023.950,177220.336,211052.892,221184.169,231353.198,269308.540,259702.839,258197.362,231823.930,218905.326,216236.896,203100.815,195072.743,187620.640,183437.956,171790.755,175379.914,191911.354,196195.221,205729.353,203098.719
232.9,2028.359,250248.330,142689.551,799987.352,775862.290,299941.078,396109.569,384316.709,259358.768,211719.668,153593.776,185599.303,193341.863,203846.380,242311.458,230829.538,228425.830,208061.987,196831.697,193098.470,182749.595,178882.431,169898.487,168949.382,158385.154,160493.535,173984.592,177694.668,189574.946,187700.022
241.4,2530.653,178786.405,114123.096,659694.444,649337.565,251630.498,341593.728,333958.044,227092.117,182380.848,130434.354,162388.832,164654.060,175393.636,211686.957,201581.083,203033.852,182515.400,172920.169,171603.671,164058.118,161283.450,152160.027,150831.500,142489.193,144511.739,159504.124,162513.846,173942.923,170541.881
250.3,2696.466,125009.460,88254.931,528762.711,528859.893,204314.327,285565.240,283306.208,195089.584,156689.382,108412.884,138245.123,139974.169,148780.068,182420.703,173869.417,172153.047,156218.403,151064.181,150862.002,142987.163,141247.639,133851.038,134229.185,125926.639,128011.705,142245.802,142435.225,154828.332,152736.344
259.5,2720.476,88910.920,67624.880,416641.362,423140.139,167653.317,237091.594,236755.615,165407.455,131351.249,90016.323,113063.812,115609.943,124203.105,154801.993,146449.847,147093.069,133802.286,127110.591,130457.795,122521.526,123952.025,115539.531,117900.791,109650.564,111774.939,125594.766,127927.104,136133.237,134364.395
269.0,3167.132,60939.493,49471.518,322268.460,330391.889,132803.779,193576.138,196206.494,137878.527,107794.154,71829.493,93958.621,96497.651,101008.140,127441.440,121621.802,121490.285,112011.068,105330.419,109861.875,103819.596,105026.061,98881.283,102618.353,94574.042,95976.501,106593.421,108048.987,116631.777,117474.738
278.8,3422.268,42007.224,37537.227,242602.538,252840.930,101890.184,152483.763,158802.208,112259.151,87003.088,57540.924,76415.569,76673.685,80388.008,103715.020,98195.343,98155.114,88996.355,87290.596,91970.695,85653.665,88311.351,82047.561,84671.176,77951.615,80134.073,91472.095,92829.315,99003.731,97462.795
289.0,3615.788,27687.272,27786.725,184029.872,187854.947,77088.394,119128.580,126875.314,90113.972,68648.586,45680.852,61542.028,61432.393,63901.909,83083.553,78945.876,79476.223,72862.308,70655.584,74132.420,70331.317,73090.754,67259.637,70252.749,65868.495,66610.911,76085.293,76498.621,82816.624,82014.722
299.6,4260.749,18598.674,20165.950,135992.554,137403.014,57410.329,90133.056,98896.205,70454.382,53213.578,34917.473,49426.213,47498.318,50385.562,65608.920,61474.206,62055.831,56677.947,55078.798,58287.906,56108.132,57833.726,53587.856,57425.324,54041.100,52254.888,62312.770,62788.194,67763.605,67192.909
310.6,4774.052,12276.647,15506.698,100267.333,98053.248,42312.864,67687.674,75986.774,55427.285,41415.888,26805.883,37328.576,36454.111,39388.236,49772.231,46610.983,47717.365,44459.608,43322.192,46716.352,44620.379,46152.226,42359.077,45973.358,43063.875,42417.870,50141.282,50096.406,54084.874,53647.890
322.0,5522.750,9738.025,12810.494,71508.913,69194.457,31986.607,50856.391,58095.925,41737.591,31376.790,20427.634,29371.241,29129.114,29909.317,38496.396,35935.764,36728.637,34139.529,32495.907,35285.314,34170.257,36270.013,33171.129,35848.146,33476.230,33387.393,38824.291,39861.377,42796.904,42447.414
333.8,5723.224,8149.989,10171.503,50348.959,47281.880,23603.839,38674.424,43917.091,31657.191,23796.848,15736.454,21936.700,21361.767,23094.011,28797.199,26531.456,27441.045,26068.723,25122.157,27535.436,26560.994,27201.928,25428.155,27673.027,25421.498,24630.473,29937.303,30967.492,33386.583,32347.495
346.0,6091.028,6813.018,8619.721,34759.672,33277.893,17438.079,27753.868,32606.398,23800.053,18010.791,12207.067,16988.052,16085.321,17332.768,21603.808,19640.006,20293.644,19006.367,19270.155,20788.660,19582.413,20428.862,19759.555,20853.223,18909.936,19359.363,23157.426,23262.761,24885.759,24559.725
358.7,5912.579,6248.052,7799.175,24127.688,21958.586,12673.235,20979.294,24457.336,17582.607,13434.644,10180.272,13209.866,12476.566,13065.594,16576.866,14532.998,15155.924,14372.258,13965.532,15651.073,14780.171,15168.767,14159.041,15401.004,13965.646,14446.219,17080.490,17605.290,18596.312,18311.154
371.8,5538.308,5836.559,7054.069,17058.067,15737.457,10039.032,16161.753,18167.317,13589.664,10291.982,7639.632,10491.392,9616.239,9953.477,12538.659,11525.765,11410.255,10848.961,10579.183,11996.249,10908.659,11418.396,10958.463,11859.831,10620.728,11189.350,12661.286,12990.734,13974.346,13771.480
385.4,5830.244,5616.739,6674.177,11882.682,11590.627,8207.369,12037.260,13429.706,9998.655,8631.401,7051.913,8257.455,7867.522,7989.547,9800.994,8581.484,8583.209,8199.821,8767.256,8763.073,8251.224,8645.546,8266.066,8984.474,8158.998,8709.661,9394.967,10162.038,10543.115,10227.521
399.5,5533.289,5444.884,5745.339,9470.298,8536.424,6666.320,9501.047,10277.709,8056.981,6996.227,5937.767,7068.773,6415.387,6574.408,8000.494,6915.801,7060.272,7046.990,7096.064,6932.284,6325.895,6830.452,6540.145,6585.041,5920.551,6357.399,7586.983,7553.189,8198.304,7864.107
414.2,5543.345,5532.541,5642.202,7284.329,7562.346,6039.709,7772.182,8103.215,7267.679,6313.484,5305.934,6417.528,5662.517,5839.075,6543.540,5803.572,5732.505,5694.592,5816.617,5872.585,5531.027,5460.070,5181.519,5369.065,5026.770,5097.429,5954.170,6147.278,6068.258,6016.028
429.4,7044.147,6988.640,7050.913,7868.748,7360.080,6650.995,7408.001,8039.892,6500.241,6483.592,6009.464,6489.275,6118.525,6471.793,6503.813,6397.181,6241.635,6029.028,5867.075,5657.736,5401.986,5090.046,4828.259,5138.393,4725.353,4707.017,5693.567,5840.379,6031.792,6007.486
445.1,6825.935,6876.470,7031.683,7382.858,6783.488,6595.750,6991.488,7373.597,6176.020,6208.758,5922.681,6425.524,5865.505,5760.701,6183.996,6078.108,5674.402,5534.781,5582.568,5163.794,4682.661,4642.007,4356.114,4264.515,4298.486,4464.274,4783.886,5305.407,5342.822,4963.994
461.4,6794.817,6929.484,6188.388,6442.287,6406.259,6061.373,6344.213,6500.950,5593.527,5735.251,5549.082,5696.820,5285.725,5211.660,5461.564,5155.853,4913.431,5000.884,4937.655,5015.439,4022.197,4040.233,3812.922,3951.480,3777.801,3937.303,4594.987,4292.832,4863.638,4782.085
478.3,6331.917,6372.241,5936.988,6341.122,6009.073,5856.330,5886.905,5904.336,5197.991,5468.906,5175.100,5357.968,5319.666,5149.654,5309.341,5242.069,5058.578,4688.946,4521.887,4613.048,3783.693,3730.305,3666.015,3603.783,3472.238,3703.144,4207.719,4253.848,4668.695,4196.383
495.8,6257.310,6066.547,5833.470,5668.228,5702.641,5475.426,5114.792,5413.923,4969.731,4963.279,4883.843,4803.329,4932.242,4489.603,4991.251,4436.376,4451.688,4298.859,4135.894,4111.951,3636.959,3346.220,3234.321,3260.055,3129.973,3281.375,3764.328,3867.102,3900.777,3892.552
514.0,5465.539,5920.944,5582.155,5348.675,5432.291,4886.208,5041.791,5148.424,4600.589,4712.731,4691.344,4620.037,4603.222,4361.704,4539.980,4409.209,4391.241,4251.869,4040.832,3954.753,3557.731,3364.408,2946.073,2978.146,2860.484,3089.102,3479.619,3498.288,3487.522,3601.166
532.8,5047.318,5501.182,5075.831,4998.802,4976.458,4520.826,4858.664,4800.861,4174.927,4649.686,4265.789,4369.928,4313.778,4614.034,4351.372,3961.993,3916.451,3773.381,3756.126,3675.585,3149.570,3078.315,2836.861,2692.260,2801.384,2928.630,3273.881,3331.065,3597.355,3262.182
552.3,5101.829,5010.380,4705.108,4638.003,4605.851,4505.079,4510.104,4375.471,3966.172,4053.873,4165.367,4441.133,3765.238,3861.827,4202.565,3875.580,3764.742,3569.278,3562.830,3268.841,3062.355,2864.786,2598.221,2648.622,2567.320,2570.056,3004.558,3070.134,3277.115,2979.607
572.5,4799.831,4609.600,4853.877,4558.516,4450.726,4116.110,4352.358,4173.479,3712.161,3699.853,3755.610,3926.485,3849.576,3840.438,3783.274,3549.919,3503.765,3578.833,3283.584,2988.383,2579.615,2658.157,2480.523,2624.947,2460.227,2532.915,2732.308,3039.346,2720.615,3020.782
593.5,4441.492,4340.712,4242.398,4410.972,3999.878,3622.182,3695.073,3609.637,3429.313,3501.198,3633.817,3870.316,3617.625,3551.277,3519.703,3537.452,3406.098,3196.679,3029.021,2904.698,2469.537,2530.729,2217.313,2389.988,2295.879,2363.092,2636.023,2649.615,2832.396,2391.403
615.3,3941.121,4306.406,3889.154,4098.659,3847.880,3750.312,3521.984,3279.441,3188.302,3322.239,3476.718,3618.885,3148.477,3411.035,3293.789,3229.518,3188.511,3003.779,2720.104,2572.430,2281.066,2172.599,2235.134,2191.175,2098.681,2284.094,2424.716,2509.750,2657.412,2699.566
637.8,3755.971,3936.589,3820.253,3642.651,3371.512,3482.840,3089.050,3277.774,2996.545,3069.411,2881.377,3214.909,3019.201,3050.783,3048.374,2893.115,2872.746,2785.176,2527.303,2421.806,2045.672,1877.786,1958.251,1950.604,1867.028,1963.016,2342.264,2300.406,2538.318,2123.146
661.2,3472.374,3535.991,3168.213,3211.625,3291.799,3246.707,2920.289,2884.539,2691.964,3309.172,2812.249,2826.251,2773.805,3123.814,2894.697,2788.165,2605.559,2570.475,2372.301,2270.863,1865.169,1948.873,1682.780,1882.299,1805.367,1912.764,1884.200,2131.118,2353.746,2176.667
685.4,3584.713,3300.286,3045.719,3278.488,2859.827,2927.025,2877.498,2856.450,2452.554,2812.542,2571.672,2772.619,2863.100,2510.044,2380.630,2521.857,2596.478,2377.036,2146.083,2200.930,1963.436,1737.083,1538.852,1625.094,1627.416,1650.572,1911.997,1900.858,2144.316,2091.693
710.5,3049.321,3214.138,2752.349,3125.184,2911.870,2696.998,2610.331,2616.493,2307.036,2401.288,2250.248,2272.527,2204.837,2443.997,2265.987,2090.682,2211.621,2075.883,1962.262,1771.556,1746.074,1471.640,1386.273,1562.768,1647.354,1662.630,1718.415,1918.571,1881.772,1834.444
736.5,2730.484,2741.279,2630.719,2781.044,2399.595,2419.783,2438.101,2311.506,2207.449,2089.033,2215.049,2310.534,2227.395,2048.172,2023.065,2061.718,2077.555,2003.938,1955.689,1728.657,1323.931,1336.239,1303.646,1334.150,1278.697,1440.539,1513.710,1675.206,1865.692,1571.718
Scan Time (s),155,155,155,155,155,155,155,155,155,155,155,155,155,155,155,155,155,155,155,155,155,155,155,155,155,155,155,155,155,155
Retrace Time (s),4,4,4,4,4,4,4,4,4,4,4,4,4,4,4,4,4,4,4,4,4,4,4,4,4,4,4,4,4,4
Scan Resolution (Hz),50,50,50,50,50,50,50,50,50,50,50,50,50,50,50,50,50,50,50,50,50,50,50,50,50,50,50,50,50,50
Scans Per Sample,1,1,1,1,1,1,1,1,1,1,1,1,1,1,1,1,1,1,1,1,1,1,1,1,1,1,1,1,1,1
Sheath Flow (L/min),3.000,3.000,3.000,3.000,3.000,3.000,3.000,3.000,3.000,3.000,3.000,3.000,3.000,3.000,3.000,3.000,3.000,3.000,3.000,3.000,3.000,3.000,3.000,3.000,3.000,3.000,3.000,3.000,3.000,3.000
Aerosol Flow (L/min),0.897,0.898,0.898,0.899,0.900,0.901,0.903,0.904,0.905,0.907,0.908,0.909,0.910,0.912,0.915,0.917,0.918,0.918,0.920,0.920,0.922,0.922,0.921,0.923,0.925,0.927,0.928,0.929,0.930,0.931
Bypass Flow (L/min),0.00,0.00,0.00,0.00,0.00,0.00,0.00,0.00,0.00,0.00,0.00,0.00,0.00,0.00,0.00,0.00,0.00,0.00,0.00,0.00,0.00,0.00,0.00,0.00,0.00,0.00,0.00,0.00,0.00,0.00
Low Voltage (V),10.30,10.29,10.29,10.29,10.29,10.29,10.29,10.29,10.29,10.29,10.29,10.28,10.29,10.28,10.28,10.28,10.28,10.28,10.28,10.28,10.28,10.28,10.28,10.28,10.28,10.28,10.28,10.28,10.28,10.29
High Voltage (V),9730.71,9728.35,9729.72,9729.72,9731.09,9730.74,9732.10,9731.41,9731.06,9730.71,9730.01,9727.31,9729.32,9726.61,9725.92,9726.59,9724.19,9725.55,9723.84,9723.15,9723.15,9722.46,9722.46,9722.81,9722.12,9721.43,9720.74,9720.40,9720.06,9719.71
Lower Size (nm), 15.4, 15.4, 15.4, 15.4, 15.4, 15.4, 15.4, 15.4, 15.4, 15.4, 15.4, 15.4, 15.4, 15.4, 15.4, 15.4, 15.4, 15.4, 15.4, 15.4, 15.4, 15.4, 15.4, 15.4, 15.4, 15.4, 15.4, 15.4, 15.4, 15.4
Upper Size (nm),749.9,749.9,749.9,749.9,749.9,749.9,749.9,749.9,749.9,749.9,749.9,749.9,749.9,749.9,749.9,749.9,749.9,749.9,749.9,749.9,749.9,749.9,749.9,749.9,749.9,749.9,749.9,749.9,749.9,749.9
Density (g/cm³),1.0,1.0,1.0,1.0,1.0,1.0,1.0,1.0,1.0,1.0,1.0,1.0,1.0,1.0,1.0,1.0,1.0,1.0,1.0,1.0,1.0,1.0,1.0,1.0,1.0,1.0,1.0,1.0,1.0,1.0
td + 0.5 (s),1.54,1.54,1.54,1.54,1.54,1.54,1.54,1.54,1.54,1.54,1.54,1.54,1.54,1.54,1.54,1.54,1.54,1.54,1.54,1.54,1.54,1.54,1.54,1.54,1.54,1.54,1.54,1.54,1.54,1.54
tf (s),6.37,6.37,6.37,6.37,6.36,6.36,6.36,6.36,6.36,6.35,6.35,6.35,6.35,6.34,6.34,6.34,6.33,6.33,6.33,6.33,6.33,6.33,6.33,6.33,6.32,6.32,6.32,6.32,6.32,6.31
D50 (nm),770.1,769.5,769.6,769.1,768.7,768.2,767.3,766.9,766.4,765.5,765.0,764.4,764.0,763.0,761.6,760.7,760.2,760.3,759.3,759.3,758.4,758.4,758.8,757.9,757.0,756.1,755.6,755.2,754.7,754.3
Neutralizer Status,ON,ON,ON,ON,ON,ON,ON,ON,ON,ON,ON,ON,ON,ON,ON,ON,ON,ON,ON,ON,ON,ON,ON,ON,ON,ON,ON,ON,ON,ON
Median (nm),418.900,118.662,93.919,144.917,140.886,132.210,143.735,148.528,148.149,148.346,142.140,147.650,147.530,148.953,156.041,154.992,157.097,157.133,157.746,159.324,161.732,164.523,165.419,167.940,167.867,167.735,170.490,170.730,171.796,172.216
Mean (nm),430.716,120.972,105.867,146.586,145.688,138.595,149.623,154.979,154.916,155.260,149.687,155.185,154.960,156.474,162.756,162.287,164.246,164.424,165.219,167.114,169.207,172.332,172.999,175.919,175.665,175.681,178.719,179.045,180.079,180.365
Geo. Mean (nm),408.244,114.074,92.578,134.311,134.266,125.658,136.890,142.320,141.209,141.683,136.035,141.517,142.069,143.629,149.538,149.664,151.620,151.764,152.492,154.148,156.392,159.447,160.429,163.126,162.824,162.802,165.762,166.231,167.288,167.671
Mode (nm),429.351,130.975,101.815,156.788,151.247,145.902,156.788,162.531,151.247,156.788,151.247,162.531,156.788,162.531,168.485,168.485,162.531,174.658,168.485,168.485,174.658,181.056,174.658,174.658,181.056,174.658,181.056,181.056,181.056,181.056
Geo. Std. Dev.,1.402,1.417,1.696,1.564,1.524,1.584,1.552,1.534,1.565,1.557,1.568,1.555,1.534,1.528,1.528,1.511,1.507,1.506,1.507,1.509,1.501,1.497,1.487,1.487,1.489,1.489,1.485,1.480,1.478,1.476
Total Conc. (#/cm³),2.490921e+003,1.404901e+006,4.211055e+005,8.174439e+005,7.577877e+005,3.511367e+005,3.568563e+005,3.100107e+005,2.095368e+005,1.723897e+005,1.445961e+005,1.541741e+005,1.624113e+005,1.628386e+005,1.648022e+005,1.614046e+005,1.540280e+005,1.409884e+005,1.320601e+005,1.259663e+005,1.133598e+005,1.046318e+005,9.894763e+004,9.374362e+004,8.819714e+004,8.928331e+004,9.377405e+004,9.548494e+004,9.982790e+004,9.806782e+004
Title,,,,,,,,,,,,,,,,,,,,,,,,,,,,,,
User Name,VanceLab,VanceLab,VanceLab,VanceLab,VanceLab,VanceLab,VanceLab,VanceLab,VanceLab,VanceLab,VanceLab,VanceLab,VanceLab,VanceLab,VanceLab,VanceLab,VanceLab,VanceLab,VanceLab,VanceLab,VanceLab,VanceLab,VanceLab,VanceLab,VanceLab,VanceLab,VanceLab,VanceLab,VanceLab,VanceLab
Sample ID,,,,,,,,,,,,,,,,,,,,,,,,,,,,,,
Instrument ID,,,,,,,,,,,,,,,,,,,,,,,,,,,,,,
Lab ID,,,,,,,,,,,,,,,,,,,,,,,,,,,,,,
Leak Test and Leakage Rate,,,,,,,,,,,,,,,,,,,,,,,,,,,,,,
Instrument Errors,Normal Scan,Normal Scan,Normal Scan,Normal Scan,Normal Scan,Normal Scan,Normal Scan,Normal Scan,Normal Scan,Normal Scan,Normal Scan,Normal Scan,Normal Scan,Normal Scan,Normal Scan,Normal Scan,Normal Scan,Normal Scan,Normal Scan,Normal Scan,Normal Scan,Normal Scan,Normal Scan,Normal Scan,Normal Scan,Normal Scan,Normal Scan,Normal Scan,Normal Scan,Normal Scan
Comment,,,,,,,,,,,,,,,,,,,,,,,,,,,,,,
