Sample File,C:\Users\VanceLab\Desktop\CASA_InLabTests\SMPS_20220909\FreshSmoke\CASA_INLAB_SMPS_20220909_Trial2.S82,
AIM Version,10.3.1.0
Classifier Model,3082       ,Classifier S/N,3082021905001   ,Classifier Firmware Version,2.60
Neutralizer Model,3088,Neutralizer S/N,3088011906004
Impactor (cm),0.071,Impactor S/N,7100764
DMA Model,3081,DMA S/N,3081A1903007
DMA Inner Radius (cm),0.937
DMA Outer Radius (cm),1.961
DMA Characteristic Length (cm),44.369
HV Polarity,NEG,
Detector Model,3750,Detector S/N,3750190603,Nano Enhancer , None
Detector Sample Flow (L/min),1.00,Detector Inlet Flow (L/min),1.00
Reference Gas Viscosity (Pa*s),1.832450e-005
Reference Mean Free Path (m),6.730000e-008
Reference Gas Temperature (K),296.15
Reference Gas Pressure (kPa),101.30
Sutherland Constant (K),110.40
Tube Length (cm),25.40
Tube Diameter (cm),0.48
Channels/Decade,64
Multiple Charge Correction,TRUE
Nanoparticle Agglomerate Mobility Analysis,FALSE
Diffusion Correction,TRUE
Units,dw/dlogDp
Weight,Number
Sample #,1,2,3,4
Date,9/9/2022,9/9/2022,9/9/2022,9/9/2022
Start Time,16:27:00,16:30:00,16:33:00,16:36:00
Sample Temp (C),23.3,23.3,23.2,23.2
Sample Pressure (kPa),81.3,81.3,81.3,81.3
Relative Humidity (%),19.7,18.5,17.6,17.0
Mean Free Path (m),8.39640e-008,8.39640e-008,8.39280e-008,8.39280e-008
Gas Viscosity (Pa*s),1.83388e-005,1.83388e-005,1.83340e-005,1.83340e-005
Diameter Midpoint (nm)
 15.7,18376.675,6241.200,96345.960,27102.339
 16.3,17797.855,6990.341,98382.221,25358.322
 16.8,19254.217,6695.082,105258.570,26094.100
 17.5,18455.167,7058.386,107639.387,26217.069
 18.1,20080.454,7252.074,112592.621,27427.672
 18.8,19137.453,7727.804,118219.026,28063.555
 19.5,20972.822,8168.560,118987.585,31127.488
 20.2,20060.441,8518.006,120422.260,33842.652
 20.9,19609.597,10009.879,117592.740,35266.600
 21.7,20745.419,9748.220,118512.925,38053.269
 22.5,21778.894,11655.326,114932.657,40380.676
 23.3,21698.735,11177.847,111711.164,43593.434
 24.1,21540.688,11750.644,110025.419,44789.066
 25.0,21959.736,12558.340,110090.969,48953.640
 25.9,22391.091,12246.929,108193.337,51085.862
 26.9,21879.216,9435.252,108470.763,55123.107
 27.9,21608.329,359.408,110345.589,58518.432
 28.9,20556.730,0.000,110608.311,62938.111
 30.0,20246.904,0.000,115405.270,71751.708
 31.1,20098.510,0.000,115844.253,80535.496
 32.2,20439.809,0.000,116354.087,88816.217
 33.4,21120.282,0.000,117892.949,99615.558
 34.6,22502.777,0.000,116067.125,108677.717
 35.9,22916.583,0.000,111884.637,117547.114
 37.2,24116.390,0.000,106957.447,127104.193
 38.5,24559.491,101709.336,106130.808,135202.200
 40.0,25148.613,359056.208,111215.210,141339.954
 41.4,26275.943,947038.364,113582.023,150619.973
 42.9,26574.712,1565321.973,110250.830,158471.824
 44.5,26430.195,1866311.627,100664.635,168967.808
 46.1,27651.588,1951478.903,85519.809,182715.097
 47.8,27060.948,1950526.127,68462.714,191975.987
 49.6,27084.433,1872097.131,55881.131,208860.364
 51.4,28225.985,1660930.527,41733.988,228921.176
 53.3,28084.109,1258704.666,29238.870,244320.918
 55.2,27567.581,877539.887,28358.335,261975.550
 57.3,27352.361,585393.691,43517.867,281289.217
 59.4,27299.428,349162.555,83501.826,300181.790
 61.5,26831.621,168037.917,156401.465,323222.059
 63.8,25635.504,39026.710,250906.073,348037.742
 66.1,24738.599,0.000,362721.477,372386.215
 68.5,23604.312,0.000,485349.825,400770.193
 71.0,21981.509,0.000,585508.500,397973.118
 73.7,20530.101,0.000,666120.288,401464.469
 76.4,18811.125,0.000,747583.432,417196.337
 79.1,17228.969,0.000,780641.976,431016.468
 82.0,16054.478,0.000,793196.459,443855.101
 85.1,13928.233,91359.304,785608.285,450818.529
 88.2,12782.739,369781.020,783355.036,468869.018
 91.4,11794.911,633381.727,777296.190,496737.181
 94.7,10743.403,830251.166,779046.716,513332.935
 98.2,9237.613,879650.076,782082.605,539718.580
101.8,8116.105,880339.122,773545.210,575206.252
105.5,7431.170,892900.935,757877.624,610089.388
109.4,6810.835,909232.307,740359.660,662103.277
113.4,6834.294,1003166.871,720520.878,727869.059
117.6,6166.206,1143464.729,722167.205,806486.617
121.9,5643.495,1266711.188,717301.434,900753.667
126.3,5695.675,1404600.691,726489.926,987121.931
131.0,5562.302,1549609.318,748154.952,1084152.769
135.8,5678.237,1650794.835,766263.733,1177012.789
140.7,5818.398,1696822.399,815551.292,1246597.608
145.9,5869.061,1696602.401,860835.301,1307553.744
151.2,6857.740,1667069.742,901958.525,1351181.896
156.8,6500.728,1645070.966,961515.133,1375850.058
162.5,7244.173,1630193.352,1016942.795,1411151.688
168.5,6982.474,1597630.271,1051779.358,1397681.649
174.7,7387.983,1469736.120,1048357.853,1394003.693
181.1,8022.577,1291163.007,1028487.713,1382044.733
187.7,8036.728,1122222.981,978579.033,1367986.157
194.6,8111.536,958841.991,919155.222,1342159.621
201.7,8726.554,816928.610,877470.178,1311226.599
209.1,8698.945,691285.246,840200.692,1261126.903
216.7,8744.896,580248.841,816633.642,1218795.160
224.7,8645.164,480488.499,790785.668,1157053.589
232.9,8344.572,400134.824,762292.617,1089808.069
241.4,8145.426,347668.291,739256.636,1006372.536
250.3,8127.305,319981.959,697673.810,918959.128
259.5,7696.766,299408.771,654495.885,830871.839
269.0,7276.213,267274.013,598902.563,742116.777
278.8,6828.822,224395.558,535240.462,642833.562
289.0,6007.165,180880.198,468351.413,552931.309
299.6,5621.698,138611.355,395353.817,460138.770
310.6,4848.823,105068.719,331612.079,379116.004
322.0,4225.822,78646.742,265611.973,305718.928
333.8,3475.545,55872.897,204002.204,238633.051
346.0,3020.398,38676.629,154740.330,184113.062
358.7,2592.577,26319.683,111882.659,138130.418
371.8,1934.581,17457.988,79713.252,100661.616
385.4,1617.929,11456.383,54378.463,71057.913
399.5,1336.158,7530.706,35923.011,49616.927
414.2,908.770,4865.339,24683.839,33037.937
429.4,671.984,2988.006,15488.085,22041.721
445.1,414.549,2076.043,10133.739,14139.483
461.4,328.331,1369.467,6742.605,9001.132
478.3,206.770,892.894,3978.549,5567.967
495.8,139.735,596.196,2463.389,3310.833
514.0,83.867,457.627,1458.925,2046.271
532.8,25.088,246.231,1025.139,1213.425
552.3,36.902,182.813,762.758,865.977
572.5,27.542,150.365,367.536,407.370
593.5,8.802,109.779,256.522,315.770
615.3,4.490,62.719,156.113,180.792
637.8,9.166,73.161,119.149,139.083
661.2,0.000,55.631,95.560,88.077
685.4,0.000,37.884,87.479,52.087
710.5,0.000,52.842,96.287,76.855
736.5,0.000,44.200,39.375,44.197
Scan Time (s),155,155,155,155
Retrace Time (s),4,4,4,4
Scan Resolution (Hz),50,50,50,50
Scans Per Sample,1,1,1,1
Sheath Flow (L/min),3.000,3.000,3.000,3.000
Aerosol Flow (L/min),0.899,0.900,0.899,0.900
Bypass Flow (L/min),0.00,0.00,0.00,0.00
Low Voltage (V),10.29,10.29,10.29,10.29
High Voltage (V),9740.65,9740.30,9738.24,9738.59
Lower Size (nm), 15.4, 15.4, 15.4, 15.4
Upper Size (nm),749.9,749.9,749.9,749.9
Density (g/cm³),1.0,1.0,1.0,1.0
td + 0.5 (s),1.54,1.54,1.54,1.54
tf (s),6.37,6.36,6.37,6.36
D50 (nm),769.6,769.1,769.5,769.0
Neutralizer Status,ON,ON,ON,ON
Median (nm),47.560,123.911,137.878,155.921
Mean (nm),72.682,121.285,147.370,160.095
Geo. Mean (nm),51.747,103.710,123.711,139.950
Mode (nm),51.397,46.138,168.485,162.531
Geo. Std. Dev.,2.174,1.796,1.922,1.760
Total Conc. (#/cm³),2.140804e+004,7.669238e+005,5.976708e+005,6.862038e+005
Title,,,,
User Name,VanceLab,VanceLab,VanceLab,VanceLab
Sample ID,,,,
Instrument ID,,,,
Lab ID,,,,
Leak Test and Leakage Rate,,,,
Instrument Errors,Normal Scan,Normal Scan,Normal Scan,Normal Scan
Comment,,,,
