Sample File,C:\Users\vancelab\Desktop\Chamber\Raw data\Chamber_Water_SMPS_AgedSmoke_MRH_20230524_dryerNodryer.S80
Classifier Model,3071
DMA Model,3081
DMA Inner Radius(cm),0.00937
DMA Outer Radius(cm),0.01961
DMA Characteristic Length(cm),0.44369
CPC Model,3788 High Flow
Reference Gas Viscosity (Pa*s),1.83245e-005
Reference Mean Free Path (m),6.73e-008
Reference Gas Temperature (K),296.15
Reference Gas Pressure (kPa),101.3
Channels/Decade,64
Multiple Charge Correction,TRUE
Nanoparticle Aggregate Mobility Analysis,FALSE
Diffusion Correction,TRUE
Gas Density,0.0012
Units,dw/dlogDp
Weight,Number
Sample #,1,2,3,4,5,6,7,8,9,10,11,12,13,14,15,16,17,18,19,20,21,22,23,24,25,26,27
Date,05/24/23,05/24/23,05/24/23,05/24/23,05/24/23,05/24/23,05/24/23,05/24/23,05/24/23,05/24/23,05/24/23,05/24/23,05/24/23,05/24/23,05/24/23,05/24/23,05/24/23,05/24/23,05/24/23,05/24/23,05/24/23,05/24/23,05/24/23,05/24/23,05/24/23,05/24/23,05/24/23
Start Time,11:50:00,11:53:00,11:56:00,11:59:00,12:02:00,12:05:00,12:08:00,12:11:00,12:14:00,12:17:00,12:20:00,12:23:00,12:26:00,12:29:00,12:32:00,12:35:00,12:38:00,12:41:00,12:44:00,12:47:00,12:50:00,12:53:00,12:56:00,12:59:00,13:02:00,13:05:00,13:08:00
Diameter Midpoint
 16.3,0,0,0,48648.3,17031.3,8046.52,5133.62,3128.53,1702.93,1597.49,739.162,524.049,337.415,277.324,62.2116,93.3174,59.5832,93.3174,93.3174,62.2116,119.674,59.5832,155.529,31.1058,0,31.1058,0
 16.8,0,0,0,52492.2,20181.5,10493.8,5666.75,3821.48,2353.8,1509.29,1414.25,477.021,438.168,362.644,223.905,29.2112,119.313,116.845,116.845,0,0,31.6795,107.06,58.4224,29.2112,19.4264,29.2112
 17.5,0,0,0,56082.5,22825.2,12075.6,7039.12,4143.88,2961.05,1893.91,1607.9,881.911,780.992,606.921,174.205,192.493,121.016,164.994,164.994,164.994,27.499,27.499,174.205,27.499,0,9.21123,0
 18.1,0,0,0,61304,25282.9,13636.5,9573.16,4542.87,3497.56,2429.98,1595.33,1029.3,821.995,459.213,310.956,129.565,326.485,132.729,181.391,233.217,103.652,181.391,51.826,25.913,51.826,51.826,51.826
 18.8,0,0,0,62660.6,28206.6,15695.9,11023.6,6820.64,4510.04,2963.62,2112.23,1656.59,956.258,652.947,550.408,485.861,214.471,308.678,267.224,170.051,145.758,214.471,24.2931,68.713,72.8792,24.2931,48.5861
 19.5,0,0,0,70359.7,31237.5,18196.7,12255.8,7322.06,5185.97,3709.42,2704.37,2025.58,1492.39,1102.62,857.32,781.54,601.111,291.055,241.253,332.99,368.725,107.582,172.451,118.604,160.539,91.7367,0
 20.2,0,0,21.6705,73825.1,34495.9,21319.6,13941.2,9663.37,5889.44,4330,3911.85,2282.67,2167.58,1467.07,856.295,760.995,709.445,586.47,430.569,365.558,284.244,335.473,252.998,108.353,90.8891,177.571,90.8891
 20.9,0,0,0,77770.5,38452.7,21903.7,15831.8,9403.71,7146.57,5544.07,4084.89,3053.53,1901.05,1755.84,1436.57,843.814,892.086,566.247,451.642,413.146,288.095,229.371,468.233,104.094,164.87,212.117,107.687
 21.7,0,0,0,81114.7,41568.4,26057.7,17245.3,12504.2,7717.64,6012.06,5289.1,3871.45,2321.83,2193.76,1893.31,1172.61,967.501,854.584,609.648,483.22,497.601,160.442,445.305,311.339,279.472,181.045,140.171
 22.5,0,0,0,85257.8,46432.4,30123.3,19839.3,13661.1,9731.11,8056.14,5239.2,4103.84,3387.09,2728.28,2159.12,1621.45,1346.36,1404.1,583.278,668.482,631.998,550.097,530.4,494.063,263.179,293.912,180.499
 23.3,0,0,0,86378,49081.5,31106.9,22173.8,15586.8,12204.1,9262,6643.84,5397.82,4299.28,3912.33,2414.97,1923.02,1633.29,1242.57,1162.14,805.495,764.969,685.47,715.552,489.871,447.193,381.556,383.247
 24.1,0,0,0,90259.1,53411,35895.2,25895.2,18884.2,12562.7,10193.1,7711.04,6275.65,5096.81,3991.2,3126.22,2267.73,2019.19,1854.23,1506.2,1206.76,1109.72,1054.45,676.456,591.272,753.789,785.547,524.646
 25.0,0,0,0,98354.5,57832.5,39507.4,27665.5,20319.4,15054.1,12212.3,9709.22,7603.48,5645.4,4792.51,3756.67,2778.26,3163.36,2336.37,1674.61,1571.51,1479.32,1095.85,896.475,945.838,804.376,655.031,556.11
 25.9,0,0,1122.96,97538,61767.4,42208.4,31323.2,23639.9,18161.5,14466.6,11722.5,9597.88,7752.81,6083.35,4707.41,3712.93,3453.48,2718.65,2441.27,2091.76,1989.27,1333.73,1154.46,1121.82,1057.47,998.414,644.46
 26.9,0,14.4658,504446,103759,66698.2,47121.4,36970.8,26426.2,20710.3,15351.8,13297.9,10321.9,8181.88,7632.22,5989.32,4949.93,4247.4,2796.66,2726.7,2890.68,2377.77,1783.35,1724.83,1703.68,1080.29,1279.76,1048.67
 27.9,0,0,1.19655e+006,107522,72180.7,52335.9,39335.3,30273.5,23706.5,18889.9,15175.1,12562.6,10402.6,8396.92,7203.5,5942.92,4661.43,4577.71,3855.33,3309.94,2911.21,2358.76,2174.5,1868.24,1745.64,1676.56,1183.86
 28.9,0,0,2.04784e+006,113849,76259.1,55493.7,42318.8,34761.7,26686.5,21641.3,17655.2,14476.2,12854.5,9483.78,8696.97,7477.25,5996.22,5183.29,4435.82,3831.89,3369.6,3398.83,2264.71,2540.17,1955.69,1618.1,1714.06
 30.0,0,0,2.92436e+006,117517,84141.3,61516.2,47321.6,36732.9,29566.3,23645.4,20675.5,17169.9,13735.1,11964.5,9500.15,9232.44,7012.59,5760.36,5895.3,4962.94,4289.35,3655.59,3231.35,3167.87,2904.73,2157.33,2314.7
 31.1,0,0,3.38652e+006,123385,88811.9,68374.7,52135.4,41029.4,34301.5,28464.5,22463,18819.3,16853.1,14288.8,11377.4,9428.62,8806.23,6984.2,6778.8,6072.54,5351.64,4411.24,4091.1,3260.41,2778.27,3097.57,2562.3
 32.2,0,0,3.72219e+006,131320,96685.3,70648.4,57088.5,46869.5,39211.8,31595.6,26680.1,22805.8,19061.7,17086.2,14032.3,11582.7,10522.1,8571.23,8031.62,6638.65,6201.98,5903.71,5359.52,4655.74,3733.84,3362.87,3711.93
 33.4,0,0,3.87026e+006,138701,99910.8,78308.1,63742.7,51814.4,42047.3,36366.4,30701.5,25549.1,23103.3,18865.3,15335.2,14493.7,12091.2,10327.2,9022.88,8537.75,7784.34,6476.22,6166.8,5373.12,4643,4878.87,3899.85
 34.6,0,0,3.4707e+006,150381,108846,85032.6,69363.1,56533.6,46281.9,39521.6,34709.7,29939.2,25823.5,21753.4,18694,16629.5,14198.8,12938.4,11593.7,10548.5,8821.16,7945.04,7195.17,6382.7,6190.74,5595.23,5385.11
 35.9,0,0,2.76992e+006,155877,116066,91798.3,75416.6,63572.9,52613.3,45300.9,39355.9,33546.7,28904.4,24397.3,21581.7,18660.9,16432.6,14712.7,13320.9,11415.1,10928.7,9715.59,8263.97,7700.39,7875.48,7099.75,5830.33
 37.2,0,10.0228,2.19282e+006,169199,123785,103066,83366.3,69305.2,57645.1,50264.4,43980.4,36957.2,32313.1,28313.4,24722.2,22824.3,19630.6,17640.4,15898.6,14106.4,12727.3,11985.1,10310.2,9545.58,8734.81,7734.69,7052.6
 38.5,0,0,1.74027e+006,178587,133972,108558,92320.2,77671.8,63894.4,57613.2,50542.5,43112.8,38918.5,33578.1,28885.9,24529.1,21694.8,20875.9,18546.9,16519.2,14176.1,13600.1,12048.8,11179.9,10189.1,9708.12,8749.68
 40.0,0,9.20488,1.43344e+006,195086,143851,119485,98574.2,86182.1,72924.8,63346.3,55978.5,46789.2,41669.1,36890.5,32268.9,28823.6,26193.9,22762.1,21824.5,19863.7,17896.1,15599.6,15455.3,13253.4,12789.2,11545.2,10755.8
 41.4,0,8.71245,1.18037e+006,203706,154224,128693,108624,93129.5,79429,69798.6,61999.9,52265.1,49590.2,41520.2,37687.2,33922.5,30065.1,27063.9,25285.6,22401.6,21263.3,18966.5,17281.8,16496,15016.5,13733.6,12659.1
 42.9,0,0,885398,221590,169156,140353,118323,102107,89242.6,79517.6,69236.9,60207.8,55211.2,49464.6,42154.8,37573.1,34758.2,32246.9,28623.6,25969.4,24964,22626.5,20271.6,20338.8,16569.5,16003.2,14866.4
 44.5,0,0,610060,237679,179476,152329,129406,113884,98521,85341.8,78586.9,69134.2,61376.9,54616.7,49062,43459.4,40591.8,36748.1,32357.1,30810,28087.7,24839.2,23757.6,22607.3,20855.2,18940.8,17835
 46.1,0,0,428234,251101,193211,166040,143378,125125,108360,96958.2,87399.6,75679,68895.6,63341.6,56717.9,50611.7,46922.5,42524.7,38811.5,34645.8,32223.3,29098.9,27824.5,26902.4,23594.6,21973.5,20073.5
 47.8,0,7.94902,348536,265960,210616,178254,156496,138163,119925,104576,97152.8,85016.9,75828,71232.4,62369.3,56577.3,51409.7,47785,44051.8,40845.1,37341.7,34181.9,31697.1,29559.3,26640.5,25049.7,24172.1
 49.6,0,7.74269,294956,284780,223202,193523,171553,150872,133288,119725,108111,96640.7,89637.2,79230.8,71112.7,66211.5,61250.3,54346.1,51353.7,46970.6,43006.2,39917.3,38711.9,35261.4,33380.5,30665.6,27102.9
 51.4,0,7.54647,240890,305299,242645,212030,186096,164417,146680,132097,119560,107575,99599.3,89496.8,80541.9,74325.7,67927.9,63820.8,56632.3,53838.1,52078.5,48005,45254.3,38897.6,37401.9,36402.7,32405.6
 53.3,0,0,216738,324147,259913,227862,201125,181159,161728,146297,131686,119230,110116,98914.2,91493.2,83110.7,77148,69511.1,63679.1,60239.6,57632.4,53512,50089.7,45435.5,42893.5,40717.8,37382
 55.2,0,0,195345,344108,280343,245590,217223,200216,176103,159067,144226,133638,120336,109755,103289,94374.5,85656.2,81070.6,73880.1,67285.5,65151.2,60031,58036.9,52995.1,50014.2,47430.4,41987.2
 57.3,0,0,161173,360317,294333,264351,236348,217159,194042,176147,159634,145466,134911,124152,112924,104507,96075.3,91942.2,83752.5,78300.3,74094.7,70665.8,64948.6,60285.3,56472.5,54088.2,50763.2
 59.4,0,5.70017,125227,365474,317990,280163,251854,235455,213495,191288,174362,161353,147266,135895,126216,117569,109610,102770,92175.6,88611.6,84228.1,80261.9,71793.1,67568.6,64019.8,61275.3,57709
 61.5,0,0,109608,373565,338101,301800,271441,251785,229400,208050,191770,175758,163171,149588,138760,130997,121315,111764,104409,96257.8,93779.4,87364.4,83044.7,77846.1,73723.6,69275.4,63174.4
 63.8,0,5.79363,96586.1,386739,355970,323288,290178,273296,247029,227715,208774,189247,178407,164354,154391,142415,131411,125488,114575,107577,105021,98644,91758.6,85999.1,81532.8,75880.2,72634.8
 66.1,0,5.91222,79655.5,415653,377028,344418,314909,292161,267042,247994,224828,209503,194587,180201,168156,154146,146367,137577,126798,118252,114877,107876,100268,95057.8,90273.3,85598.3,81779.5
 68.5,0,0,67498.8,451711,404314,366242,331177,309974,286408,266678,246751,228158,212489,199221,182532,173038,163046,152166,139794,131756,125771,119832,113485,105833,100976,95734.9,90539
 71.0,2.42362,0,42313.4,460958,412164,378990,343785,320834,295591,273097,251393,232318,223326,206111,189600,177185,165219,157940,147209,139897,131933,125401,119495,112402,105752,100045,97162.1
 73.7,0,0,14725.1,480529,424784,393893,354948,326951,310076,285475,263117,246161,230501,215119,200970,188316,175117,168975,156158,148862,141156,131354,126596,122201,111394,106866,101861
 76.4,5.69527,0,0,499767,445168,411883,376304,347074,329438,305693,281847,265681,251591,233134,217385,199394,187954,180756,169361,160952,152842,145159,135858,130266,121092,115866,112093
 79.1,0,2.44106,0,510374,461507,435038,392207,367363,345802,317275,296563,285775,260790,247964,228403,215287,203640,193191,181048,172596,161568,154909,148569,141305,132599,126203,123062
 82.0,11.0067,2.21648,18008.2,524922,476575,451925,408784,379309,366234,334869,313960,295182,277424,258924,242252,228023,216941,207271,198143,187613,173544,167450,159942,150891,143551,135806,130034
 85.1,0,9.35472,40016.7,543997,493803,468023,429435,396995,382385,350845,331436,312418,292109,273869,256900,239603,230674,219257,203252,197019,181885,175626,169232,162800,152623,144166,136536
 88.2,1.83954,7.07543,66097.4,564780,506717,481473,445261,414451,395126,367636,347632,329053,305014,290362,271341,252210,240659,231116,219681,211774,194538,188703,181682,173470,163933,154270,147276
 91.4,3.46405,10.0973,83312.8,582737,517267,494000,450251,428844,406534,379536,357109,342478,319820,303703,280579,264547,255369,242843,229409,224101,203619,195693,188766,181373,170736,163511,157879
 94.7,0,3.0074,107165,596081,523012,502263,468088,443486,413420,388842,366072,351342,330188,311587,292576,278768,267016,256145,241807,232943,215283,205480,200480,190084,182482,174031,164863
 98.2,2.93205,2.90744,153683,600280,532215,509612,481379,448114,427074,401079,383043,361611,342652,323389,305493,289121,276453,264091,253418,242881,227792,214620,207392,202271,191321,182608,174141
101.8,3.02505,7.90279,172624,600591,540417,512313,485306,454859,437732,410680,391484,369976,352095,326872,311351,297520,282716,273161,258523,249962,234399,222791,219754,208925,197804,190698,181607
105.5,20.1062,3.09016,210849,605556,543366,521744,491582,461585,440997,419045,396067,379589,356954,338556,322550,307358,295726,284041,266280,257182,243708,233205,227486,218062,206677,200425,189625
109.4,0,0,314095,599681,541133,519840,497636,468327,443346,419957,401202,379921,364326,347598,326411,315852,299461,284891,273362,265251,247419,238895,234071,222985,212842,203877,197602
113.4,0,0.962324,432524,588910,535558,520703,497296,467139,448488,422974,405533,385755,368368,352501,334778,320893,305866,288180,279089,269437,253913,242057,240489,229868,219278,209953,202372
117.6,3.37231,13.6283,503384,574815,528255,513714,490063,464496,441928,426509,405513,387464,371939,351073,337679,322703,308801,292806,282288,272166,259537,247267,242827,231628,221667,211878,205480
121.9,1.23567,18.4435,574915,560331,518755,504765,483297,461450,434698,420846,403307,382741,368382,352662,336114,324973,308870,296389,283915,271824,260586,248791,241466,235538,223988,219459,208115
126.3,2.10313,0.621128,632849,543120,504178,493993,476830,452236,431051,416627,401045,377686,365744,350209,332836,325109,309178,295860,284883,272658,261887,252807,247338,235654,228093,219733,210854
131.0,16.038,18.5266,693238,525174,487427,481285,459490,441172,423406,403183,384270,374183,360463,343315,329861,321101,306471,292766,282376,270802,261856,251476,245661,235259,226547,222025,212267
135.8,12.2037,0,731928,494760,469280,460672,445028,423357,404660,393097,375212,364138,349229,331666,322257,314700,301871,287500,279400,264495,256405,248107,242626,231972,225076,216600,208501
140.7,0,9.12307,753533,464278,448193,440392,426274,412389,391905,379678,362027,349629,338588,324167,311807,304588,293940,282882,273712,262256,254190,243893,237798,230519,222652,214128,206255
145.9,8.87114,7.0455,729893,432848,426160,418033,404911,387656,376588,360793,347772,335420,322950,314320,299484,292855,283228,271274,262373,253598,246986,233074,231089,222819,215081,209772,199460
151.2,7.12226,7.99486,684952,403309,398238,391039,379642,364652,344040,338251,328208,316946,305673,294479,285062,279895,270698,259116,250837,241218,230974,227924,220408,211409,207191,200657,192729
156.8,7.55359,0.707673,649632,375051,364778,358330,349322,337931,324983,315423,306153,297046,286719,279684,269650,263146,254965,243337,237083,229817,221361,219783,209383,202632,196467,191400,184014
162.5,0.263007,15.7679,590129,340571,332901,325649,318697,311824,298743,291974,280920,276174,265297,260430,249882,244770,238774,225046,223094,213549,209691,203664,198081,190865,184746,178981,173796
168.5,1.67366,25.9096,529268,304274,299368,295302,288575,278004,270624,264409,259327,248996,240881,238226,231706,222338,218642,214876,205468,198700,194107,190110,183086,176558,172958,169508,163311
174.7,0,3.27485,451791,271287,270047,264737,261549,251854,244422,238554,231585,226090,220006,216460,210013,204037,201223,196577,187077,181202,176710,173424,172015,164277,160562,156950,151453
181.1,4.17446,2.92746,383365,235330,233202,229875,230268,220984,215662,210601,204662,200563,196592,192601,187942,184212,179355,174203,169136,163285,158561,156064,152221,147295,145240,140808,137314
187.7,9.23247,0,319627,203154,205767,200401,199164,193883,189392,184233,180228,177852,174112,169305,167857,163984,158337,155891,149413,146670,143216,140710,137573,132535,131156,128310,124228
194.6,0,4.32565,264651,168105,174966,169695,168617,167303,161853,158786,154216,152622,148801,147548,143571,139492,136848,133774,131288,128018,124777,121077,118840,116080,115027,110002,109342
201.7,2.23925,0,218774,141588,146802,143480,143059,140326,135915,135767,132982,129336,127512,125668,123475,122586,119156,114568,111828,111282,107129,104117,104264,101511,99460.2,97140.3,94545
209.1,9.35781,3.39027,178176,115900,118390,116693,119843,117725,114184,112450,109293,108605,104359,105139,103122,100970,99833.4,97476.3,96582.9,92999.2,91588.7,88624.8,87705.3,86036.8,83198.8,84093.6,81037.7
216.7,0,7.85358,138904,93954.5,95286.6,93859.4,95335.2,95414.9,92551.9,91101.1,90468.4,89294.8,85288.9,87376.6,84113.6,83620.3,83322.2,80700.1,79634.4,76614.1,75705.5,74773,73373.3,72512.9,69962.6,70103.7,67166.5
224.7,0,13.8227,106842,74933.3,75022.2,74755.8,76621.6,76346.4,74155.8,73122.3,72353.7,70581.3,70900.5,70720,68744.3,67335,67748.9,64316.2,64520,63230.8,60438.5,60128.7,60023.3,59022.8,58783.7,56639.6,54716.4
232.9,5.86015,13.9335,80520.7,56643.5,58413.4,58718.3,60217.6,59739,58614.9,57092,57097.3,54716.7,54758,55069.6,53995.9,54231.4,53645.8,51950.7,51602,51621.7,48578.9,47716.5,47849.5,47496.7,48000.3,45059.5,45458
241.4,6.87129,6.87129,59603,43733.9,45451.2,44818.4,47040.8,45308,44741.5,45383.8,44020.4,42830.5,42826.5,42474.2,41872.6,42149.3,42090.1,41530.2,40197.2,38680.6,39025.8,38614,37645.7,37980.3,37432.9,36562.9,36125.6
250.3,8.56369,20.3178,45402.9,32049.2,33448.8,32771.7,34293,33974.2,33544.4,33666.5,32641.2,32172.7,31585.8,31924.1,31860.2,32107.2,32278.1,31242.5,30972.7,30496.1,29696.9,27989.1,29956,28392.4,28889.2,27916.4,28309.3
259.5,4.79667,16.659,32740.8,23277.8,24205.4,24847.7,24988.6,24962.4,24796.3,24350.3,24056.4,23821.6,24081.6,23554.3,23442.9,22530.6,23523.2,23462.1,22973.3,22786.1,21978.1,22402.1,22311.3,21615.1,21904.3,21151.8,20910.2
269.0,3.50355,9.51077,22719,16769.7,17157.3,17192.7,18463.2,17486.6,17032.8,17321.1,17242.2,17204.1,18214.7,17347.2,17338.2,17820.8,17105.9,16704.6,16857,16576.1,15868.1,15926.5,16373.5,16030.5,15136.9,15501.6,15639.6
278.8,6.06895,4.22339,14636.2,11773.9,11873.7,12023.3,12625.5,12746.2,12063.4,12084.2,12363,11857.8,12034.8,12632,11807.3,12064.4,11893.9,11829.2,11685.7,11635.1,11060.9,11656.8,11438.2,11348.4,11310.8,10920.2,10802.7
289.0,0,0,9472.53,7670.02,8041.68,8345.85,8257.13,8206.71,8379.79,8300.1,8219.28,8017.14,8220.91,8686.13,8450.02,8155.21,8723.6,8637.99,8114.27,7693.75,8568.53,7777.87,7642.82,7606.35,8154.12,8111.89,8149.04
299.6,0,27.2319,6432.76,5194.23,5510.4,5312.41,5572.2,5247.66,5454.44,5529.98,5586,5301.15,5295.06,5254.58,4990.76,5560.11,5854.09,5525.94,5261.55,5416.58,5141.99,5424.37,5396.55,5438.4,5423.76,5127.47,5343.59
310.6,0,29.482,3677.71,3203.88,3245.23,3276.41,3496.61,3527.12,3575.72,3367.73,3329.33,3651.86,3693.51,3687.21,3298.11,3428.8,3477.42,3592.57,3510.59,3363.18,3424.57,3628.54,3699.69,3652.14,3655.97,3670.33,3309.16
322.0,6.44078,12.8816,2473.47,1908.68,2067.52,1851.57,2107.32,2338.27,1987.93,2140.22,2035.88,2186.59,1904.84,2202.89,2203.47,2052.59,1966.87,2177.27,2242.83,2095.28,2238.38,2429.86,2337.2,2105.83,2265.15,2135.76,2231.72
333.8,0,26.2046,1251.28,1269.97,1182.46,1208.29,1293.4,1229.03,1263.21,1371.54,1297.44,1182.56,1170.07,1336.52,1201.12,1356.25,1323.88,1325.69,1397.03,1353.68,1299.62,1330.58,1239.6,1190.81,1352.88,1130.95,1250.15
346.0,6.6259,6.6259,784.579,537.042,729.24,664.52,613.311,659.268,694.313,656.049,835.072,778.33,706.772,715.55,650.735,703.135,760.948,702.949,808.704,832.083,838.285,745.993,635.52,830.818,765.824,826.831,763.861
358.7,6.74318,6.74318,495.377,321.034,361.32,507.726,582.127,398.447,353.44,419.631,495.367,430.262,356.191,453.53,368.063,505.295,434.731,461.331,379.276,391.521,457.339,423.623,584.175,506.051,555.301,400.642,445.796
371.8,13.7298,0,212.118,269.651,160.328,119.61,243.635,202.445,254.95,188.487,214.776,271.094,237.35,238.977,243.428,191.974,192.673,221.413,271.446,217.926,240.028,201.518,226.998,198.259,268.908,203.497,251.779
385.4,0,0,112.161,106.527,78.7965,117.782,161.974,115.176,66.0576,153.325,59.8515,130.229,129.765,141.02,81.6974,187.817,68.3782,111.983,103.921,162.458,110.913,53.3246,81.29,177.512,206.471,81.29,124.895
399.5,7.07738,7.07738,38.184,64.7805,83.6712,29.3936,75.11,58.7871,114.322,59.8815,67.7509,36.4813,92.0059,42.4643,87.107,30.488,70.7945,64.7805,65.8645,50.6361,37.555,43.5587,50.6257,35.3869,52.7938,71.8682,87.0966
414.2,7.21226,7.21226,5.29918,14.4245,14.4245,43.2736,22.1836,7.21226,36.6081,58.2343,12.5114,7.20171,15.5181,36.0613,58.7811,28.8385,43.7992,50.4858,28.8491,57.6876,14.9713,43.263,21.6368,28.8491,36.0613,36.0508,23.2771
429.4,0,0,14.7052,22.5873,22.5873,22.0578,36.7351,14.7052,28.853,28.853,7.35261,36.763,35.6482,14.7052,36.7072,14.7052,14.1478,14.7052,0,7.35261,21.5004,14.7052,22.0578,0,15.2347,7.35261,27.7382
445.1,7.44841,7.44841,7.44841,29.2572,29.2572,0,14.3026,14.839,14.839,22.3452,7.44841,7.44841,14.8968,7.44841,21.2724,22.2874,0,0,7.44841,7.44841,22.2874,0,7.39062,14.8968,14.3604,7.44841,0
461.4,0,0,0,0,0,7.59861,7.65757,0.0589538,0.0589538,7.59861,7.59861,0,7.59861,0,7.59861,0.0589538,7.59861,0,15.1972,7.59861,0.0589538,0,0.0589538,7.59861,0,0,0
478.3,0,0,7.75522,7.75522,7.75522,0,0,0,7.75522,7.75522,0,0,0,0,0,0,0,7.75522,23.2656,15.5104,0,0,0,7.75522,0,0,0
495.8,7.86247,0,0,0,7.86247,0,7.86247,7.86247,2.50594,0,0,0,0,0,7.86247,7.86247,7.86247,7.86247,0,7.86247,0,0,0,7.86247,0,0,0
514.0,0,0,0,8.03067,0,0,0,0,21.5325,0,0,0,0,0,0,0,0,0,8.03067,0,0,0,0,0,0,0,0
532.8,0,0,8.1461,0,0,0,0,0,0,0,0,8.1461,0,0,0,0,0,0,8.1461,0,0,0,0,8.1461,0,0,0
552.3,0,0,16.5301,8.26507,0,0,16.5301,0,0,0,0,0,0,0,0,0,0,0,0,0,0,0,0,0,0,0,0
572.5,0,0,8.45177,0,0,0,8.45177,0,0,0,0,0,0,0,0,0,0,0,0,8.45177,0,0,8.45177,0,0,0,0
593.5,0,0,0,0,0,0,0,0,0,0,0,0,0,0,0,0,0,0,0,0,0,0,0,0,0,0,0
615.3,0,0,0,0,0,0,0,0,0,0,0,0,0,0,0,0,0,0,0,0,0,0,0,0,0,0,0
637.8,0,0,0,0,0,0,0,0,0,0,0,0,0,0,0,0,0,0,0,0,0,0,0,0,0,0,0
661.2,0,0,0,0,0,0,0,0,0,0,0,0,0,0,0,0,0,0,0,0,0,0,0,0,0,0,0
685.4,0,0,0,0,0,0,0,0,0,0,0,0,0,0,0,0,0,0,0,0,0,0,0,0,0,0,0
710.5,0,0,0,0,0,0,0,0,0,0,0,0,0,0,0,0,0,0,0,0,0,0,0,0,0,0,0
Scan Up Time(s),155,155,155,155,155,155,155,155,155,155,155,155,155,155,155,155,155,155,155,155,155,155,155,155,155,155,155
Retrace Time(s),10,10,10,10,10,10,10,10,10,10,10,10,10,10,10,10,10,10,10,10,10,10,10,10,10,10,10
Down Scan First,FALSE,FALSE,FALSE,FALSE,FALSE,FALSE,FALSE,FALSE,FALSE,FALSE,FALSE,FALSE,FALSE,FALSE,FALSE,FALSE,FALSE,FALSE,FALSE,FALSE,FALSE,FALSE,FALSE,FALSE,FALSE,FALSE,FALSE
Scans Per Sample,1,1,1,1,1,1,1,1,1,1,1,1,1,1,1,1,1,1,1,1,1,1,1,1,1,1,1
Impactor Type(cm),0.071,0.071,0.071,0.071,0.071,0.071,0.071,0.071,0.071,0.071,0.071,0.071,0.071,0.071,0.071,0.071,0.071,0.071,0.071,0.071,0.071,0.071,0.071,0.071,0.071,0.071,0.071
Sheath Flow(lpm),3,3,3,3,3,3,3,3,3,3,3,3,3,3,3,3,3,3,3,3,3,3,3,3,3,3,3
Aerosol Flow(lpm),1.5,1.5,1.5,1.5,1.5,1.5,1.5,1.5,1.5,1.5,1.5,1.5,1.5,1.5,1.5,1.5,1.5,1.5,1.5,1.5,1.5,1.5,1.5,1.5,1.5,1.5,1.5
CPC Inlet Flow(lpm),1.5,1.5,1.5,1.5,1.5,1.5,1.5,1.5,1.5,1.5,1.5,1.5,1.5,1.5,1.5,1.5,1.5,1.5,1.5,1.5,1.5,1.5,1.5,1.5,1.5,1.5,1.5
CPC Sample Flow(lpm),0.3,0.3,0.3,0.3,0.3,0.3,0.3,0.3,0.3,0.3,0.3,0.3,0.3,0.3,0.3,0.3,0.3,0.3,0.3,0.3,0.3,0.3,0.3,0.3,0.3,0.3,0.3
Low Voltage,14.0228,14.0228,14.0228,14.0228,14.0228,14.0228,14.0228,14.0228,14.0228,14.0228,14.0228,14.0228,14.0228,14.0228,14.0228,14.0228,14.0228,14.0228,14.0228,14.0228,14.0228,14.0228,14.0228,14.0228,14.0228,14.0228,14.0228
High Voltage,9507.79,9507.79,9507.79,9507.79,9507.79,9507.79,9507.79,9507.79,9507.79,9507.79,9507.79,9507.79,9507.79,9507.79,9507.79,9507.79,9507.79,9507.79,9507.79,9507.79,9507.79,9507.79,9507.79,9507.79,9507.79,9507.79,9507.79
Lower Size(nm),15.9634,15.9634,15.9634,15.9634,15.9634,15.9634,15.9634,15.9634,15.9634,15.9634,15.9634,15.9634,15.9634,15.9634,15.9634,15.9634,15.9634,15.9634,15.9634,15.9634,15.9634,15.9634,15.9634,15.9634,15.9634,15.9634,15.9634
Upper Size(nm),723.394,723.394,723.394,723.394,723.394,723.394,723.394,723.394,723.394,723.394,723.394,723.394,723.394,723.394,723.394,723.394,723.394,723.394,723.394,723.394,723.394,723.394,723.394,723.394,723.394,723.394,723.394
Density(g/cc),1,1,1,1,1,1,1,1,1,1,1,1,1,1,1,1,1,1,1,1,1,1,1,1,1,1,1
Title,,,,,,,,,,,,,,,,,,,,,,,,,,,
Status Flag,Conditioner Temperature Error ,Conditioner Temperature Error ,Conditioner Temperature Error ,Conditioner Temperature Error ,Conditioner Temperature Error ,Conditioner Temperature Error ,Conditioner Temperature Error ,Conditioner Temperature Error ,Conditioner Temperature Error ,Conditioner Temperature Error ,Conditioner Temperature Error ,Conditioner Temperature Error ,Conditioner Temperature Error ,Conditioner Temperature Error ,Conditioner Temperature Error ,Conditioner Temperature Error ,Conditioner Temperature Error ,Conditioner Temperature Error ,Conditioner Temperature Error ,Conditioner Temperature Error ,Conditioner Temperature Error ,Conditioner Temperature Error ,Conditioner Temperature Error ,Conditioner Temperature Error ,Conditioner Temperature Error ,Conditioner Temperature Error ,Conditioner Temperature Error 
td(s),1.1,1.1,1.1,1.1,1.1,1.1,1.1,1.1,1.1,1.1,1.1,1.1,1.1,1.1,1.1,1.1,1.1,1.1,1.1,1.1,1.1,1.1,1.1,1.1,1.1,1.1,1.1
tf(s),5.51527,5.51527,5.51527,5.51527,5.51527,5.51527,5.51527,5.51527,5.51527,5.51527,5.51527,5.51527,5.51527,5.51527,5.51527,5.51527,5.51527,5.51527,5.51527,5.51527,5.51527,5.51527,5.51527,5.51527,5.51527,5.51527,5.51527
D50(nm),593.091,593.091,593.091,593.091,593.091,593.091,593.091,593.091,593.091,593.091,593.091,593.091,593.091,593.091,593.091,593.091,593.091,593.091,593.091,593.091,593.091,593.091,593.091,593.091,593.091,593.091,593.091
Median(nm),186.029,170.184,35.9606,88.6516,93.2264,96.3539,99.0889,100.702,102.166,103.894,105.207,106.45,107.632,108.936,110.136,111.41,112.236,112.696,113.791,114.182,115.148,115.858,116.465,117.01,117.969,118.616,119.056
Mean(nm),221.604,194.188,62.8588,94.3222,99.3487,102.338,104.937,106.666,108.217,109.802,111.087,112.4,113.48,114.808,115.937,117.085,118.023,118.628,119.585,120.142,120.819,121.57,122.266,122.849,123.734,124.239,124.832
Geo. Mean(nm),191.157,156.447,49.3012,81.7,87.5287,91.1593,93.999,96.0329,97.8813,99.5839,100.991,102.475,103.623,104.989,106.218,107.429,108.393,109.064,110.058,110.677,111.312,112.1,112.843,113.454,114.317,114.842,115.454
Mode(nm),105.545,310.59,33.3762,105.545,105.545,105.545,109.411,109.411,113.419,117.574,113.419,117.574,117.574,121.881,117.574,126.346,126.346,121.881,126.346,126.346,126.346,126.346,126.346,126.346,126.346,130.975,130.975
Geo. Std. Dev.,1.73063,2.0676,1.88939,1.76367,1.69811,1.65529,1.6329,1.6115,1.59245,1.58164,1.57187,1.56007,1.55335,1.54724,1.53956,1.53353,1.52951,1.52464,1.52075,1.51655,1.5163,1.51255,1.50891,1.50605,1.50449,1.50271,1.49996
Total Concentration(#/cm³),3.66777,7.62329,708947,340717,296911,274737,254214,236939,221797,208313,196334,185578,175853,166634,157438,150216,143410,136773,130253,124834,118939,114098,110554,105811,101368,97529.3,93468.8
Comment,,,,,,,,,,,,,,,,,,,,,,,,,,,
