Sample File,C:\Users\VanceLab\Desktop\CASA_InLab_Sp23\Chamber\Chamber_Butanol_SMPS_AgedSmoke_MRH_20230524_dryerNodryer.S82,
AIM Version,10.3.1.0
Classifier Model,3082       ,Classifier S/N,3082021905001   ,Classifier Firmware Version,2.60
Neutralizer Model,3088,Neutralizer S/N,3088011906004
Impactor (cm),0.071,Impactor S/N,7100764
DMA Model,3081,DMA S/N,3081A1903007
DMA Inner Radius (cm),0.937
DMA Outer Radius (cm),1.961
DMA Characteristic Length (cm),44.369
HV Polarity,NEG,
Detector Model,3750,Detector S/N,3750190603,Nano Enhancer , None
Detector Sample Flow (L/min),1.00,Detector Inlet Flow (L/min),1.00
Reference Gas Viscosity (Pa*s),1.832450e-005
Reference Mean Free Path (m),6.730000e-008
Reference Gas Temperature (K),296.15
Reference Gas Pressure (kPa),101.30
Sutherland Constant (K),110.40
Tube Length (cm),25.40
Tube Diameter (cm),0.48
Channels/Decade,64
Multiple Charge Correction,TRUE
Nanoparticle Agglomerate Mobility Analysis,FALSE
Diffusion Correction,TRUE
Units,dw/dlogDp
Weight,Number
Sample #,1,2,3,4,5,6,7,8,9,10,11,12,13,14,15,16,17,18,19,20,21,22,23,24,25,26,27
Date,5/24/2023,5/24/2023,5/24/2023,5/24/2023,5/24/2023,5/24/2023,5/24/2023,5/24/2023,5/24/2023,5/24/2023,5/24/2023,5/24/2023,5/24/2023,5/24/2023,5/24/2023,5/24/2023,5/24/2023,5/24/2023,5/24/2023,5/24/2023,5/24/2023,5/24/2023,5/24/2023,5/24/2023,5/24/2023,5/24/2023,5/24/2023
Start Time,11:50:00,11:53:00,11:56:00,11:59:00,12:02:00,12:05:00,12:08:00,12:11:00,12:14:00,12:17:00,12:20:00,12:23:00,12:26:01,12:29:00,12:32:00,12:35:00,12:38:00,12:41:00,12:44:00,12:47:00,12:50:00,12:53:00,12:56:00,12:59:00,13:02:00,13:05:00,13:08:00
Sample Temp (C),22.0,22.0,22.0,22.0,22.0,22.0,22.1,22.1,22.1,22.1,22.1,22.1,22.1,22.1,22.1,22.2,22.1,22.2,22.2,22.2,22.2,22.2,22.2,22.2,22.2,22.2,22.2
Sample Pressure (kPa),80.3,80.3,80.3,80.3,80.3,80.3,80.3,80.3,80.3,80.3,80.3,80.3,80.3,80.3,80.3,80.3,80.3,80.3,80.3,80.3,80.3,80.2,80.3,80.2,80.2,80.2,80.2
Relative Humidity (%),28.1,25.3,23.1,21.1,19.5,18.1,17.0,15.9,15.1,14.3,13.7,13.1,12.6,12.2,11.8,11.4,11.1,10.9,10.6,10.4,10.2,10.1,9.9,12.4,18.7,24.7,30.1
Mean Free Path (m),8.45358e-008,8.45358e-008,8.45358e-008,8.45358e-008,8.45358e-008,8.45358e-008,8.45722e-008,8.45722e-008,8.45722e-008,8.45722e-008,8.45722e-008,8.45722e-008,8.45722e-008,8.45722e-008,8.45722e-008,8.46087e-008,8.45722e-008,8.46087e-008,8.46087e-008,8.46087e-008,8.46087e-008,8.47142e-008,8.46087e-008,8.47142e-008,8.47142e-008,8.47142e-008,8.47142e-008
Gas Viscosity (Pa*s),1.82767e-005,1.82767e-005,1.82767e-005,1.82767e-005,1.82767e-005,1.82767e-005,1.82815e-005,1.82815e-005,1.82815e-005,1.82815e-005,1.82815e-005,1.82815e-005,1.82815e-005,1.82815e-005,1.82815e-005,1.82863e-005,1.82815e-005,1.82863e-005,1.82863e-005,1.82863e-005,1.82863e-005,1.82863e-005,1.82863e-005,1.82863e-005,1.82863e-005,1.82863e-005,1.82863e-005
Diameter Midpoint (nm)
 16.3,0.000,0.000,0.000,22170.110,7730.767,4195.631,2612.180,1817.989,1201.115,846.895,917.563,721.606,702.444,740.824,719.255,499.459,631.936,558.992,503.062,498.656,825.643,386.596,980.381,675.539,627.823,535.079,618.818
 16.8,0.000,0.000,0.000,22666.643,7912.694,4231.106,2067.227,1449.694,1245.622,622.089,555.253,429.997,344.391,244.425,327.065,261.130,193.266,270.979,282.286,281.894,160.679,240.302,731.282,337.551,328.494,286.772,267.238
 17.5,0.000,0.000,0.000,23355.764,8938.883,4842.134,2917.849,1199.812,1063.142,693.127,427.144,369.257,379.123,210.253,210.232,150.262,95.455,161.551,142.043,113.767,141.385,112.772,571.961,113.028,37.374,149.670,93.437
 18.1,0.000,0.000,0.000,25460.849,9581.693,5041.138,2526.941,1731.795,935.206,837.543,380.669,237.822,208.247,116.885,136.060,108.166,116.746,52.021,62.369,80.281,79.820,26.529,409.324,86.636,43.963,88.028,17.586
 18.8,0.000,0.000,0.000,27363.948,10297.976,6004.899,3485.953,1821.312,1315.191,796.184,554.295,363.823,162.194,237.378,170.140,148.165,59.734,54.093,50.412,42.058,25.092,25.018,303.951,16.548,41.463,33.208,41.463
 19.5,0.000,0.000,0.000,28305.699,11525.964,6237.351,3677.745,2323.362,1627.359,975.887,746.588,413.414,291.226,182.935,81.067,100.746,110.793,85.149,78.825,55.239,39.233,31.294,208.355,46.573,31.120,15.576,15.559
 20.2,0.000,0.000,0.000,31097.735,12021.498,6801.183,4171.390,2575.899,1581.142,1147.100,805.845,591.514,344.958,240.220,269.991,160.222,112.474,119.450,86.952,74.488,74.068,73.854,167.073,29.311,7.344,7.352,14.689
 20.9,0.000,7.070,0.000,31274.789,13165.244,7574.404,5019.192,3034.718,1706.307,1451.688,909.965,691.550,291.053,289.212,282.193,178.443,186.138,124.494,87.249,36.931,36.195,11.860,113.152,53.946,34.647,12.748,29.155
 21.7,0.000,0.000,0.000,32762.784,14437.747,8979.082,5194.860,3445.614,2339.694,1662.264,1047.586,888.762,535.106,413.463,344.907,149.320,193.635,116.101,68.358,127.668,113.140,20.473,137.099,73.280,36.987,16.917,54.874
 22.5,0.000,6.436,0.000,34007.837,15945.136,9357.200,6243.772,4078.775,2777.916,1915.104,1357.425,953.600,679.062,603.050,350.000,309.983,229.625,197.831,119.118,157.277,87.665,46.860,95.355,84.865,86.821,49.928,69.393
 23.3,0.000,0.000,0.000,34277.601,17758.619,11028.214,6759.772,4418.423,3004.033,2118.238,1502.493,1160.886,891.572,698.613,406.209,347.256,191.318,221.261,191.964,121.927,134.038,117.344,69.899,133.252,75.878,90.708,55.527
 24.1,0.000,0.000,0.000,38197.080,19237.874,12000.708,7655.073,5330.600,3585.698,2627.895,1777.161,1404.412,1130.868,846.659,672.561,452.289,455.891,300.043,249.097,244.429,120.921,80.065,142.051,120.961,91.342,64.129,57.519
 25.0,0.000,0.000,0.000,38552.956,21229.078,13509.176,8767.654,5901.122,4466.373,3163.863,2234.372,1752.110,1368.724,1014.005,871.553,596.401,513.769,430.638,373.497,218.278,122.463,151.926,231.191,163.659,131.919,79.118,70.904
 25.9,0.000,0.000,0.000,39914.089,22470.808,14616.151,9943.350,6760.226,5017.377,3663.767,2833.427,2045.438,1556.724,1247.694,1239.172,741.009,523.582,507.924,410.947,318.971,295.456,195.010,370.709,163.880,173.471,179.627,216.285
 26.9,0.000,0.000,0.000,42235.648,24642.039,16172.722,10987.145,7901.187,5734.647,4274.810,3121.449,2317.584,1979.718,1502.261,1161.119,942.069,790.837,663.309,594.588,534.859,348.202,300.480,331.474,291.378,221.819,273.033,199.523
 27.9,0.000,0.000,0.000,42884.282,25697.914,17216.974,11702.600,8668.911,6777.278,4870.001,3784.070,2921.247,2010.636,1968.527,1495.818,1185.510,985.189,756.261,683.935,573.959,485.840,341.427,490.988,382.041,337.916,271.848,208.718
 28.9,0.000,4.663,0.000,44790.180,27490.203,19181.663,13928.291,9711.499,7663.721,5645.263,4653.106,3808.677,2869.787,2194.586,1906.198,1521.785,1085.421,1125.800,920.825,751.634,637.265,518.347,604.071,487.862,388.509,386.543,328.018
 30.0,0.000,4.381,0.000,46842.874,30104.511,21475.525,14956.628,11395.359,8659.096,6701.564,5226.736,4279.226,3286.154,2796.711,2344.636,1896.937,1466.236,1313.909,1006.502,917.866,774.943,672.107,810.734,630.909,524.083,600.269,441.668
 31.1,0.000,0.000,0.000,49338.410,31653.249,22589.016,17008.033,12724.714,9588.509,7497.804,5806.491,4870.376,3796.441,3107.263,2430.393,2297.081,1974.296,1428.309,1145.456,1183.991,941.242,758.546,793.562,779.939,548.145,558.976,659.175
 32.2,0.000,0.000,0.000,51001.458,34585.717,24220.943,18200.777,14169.035,11359.726,8715.173,6897.054,5572.471,4473.529,3774.538,2916.295,2757.544,2239.778,1837.762,1486.224,1461.035,1035.061,1091.272,1237.367,849.670,733.916,689.926,644.038
 33.4,0.000,0.000,48171.141,52660.682,37135.895,26724.752,20312.244,14967.468,12425.186,9672.080,7914.067,6755.046,5606.736,4490.966,3623.880,3170.620,2736.280,2251.304,1999.991,1652.446,1352.322,1350.143,1441.767,1243.619,1219.261,1080.987,753.637
 34.6,0.000,0.000,288861.051,54407.836,39614.863,28643.637,22058.057,17571.028,13592.096,11609.058,9014.740,7262.354,6416.703,4798.172,4378.385,3494.911,3151.216,2611.940,2138.880,1866.950,1692.400,1454.164,1632.882,1417.304,1186.896,1235.622,944.071
 35.9,0.000,0.000,631129.024,57472.600,41145.771,30731.590,24545.566,19185.045,15411.991,12151.561,10727.828,8592.015,7329.715,5716.294,4830.034,4180.497,3560.868,2975.310,2598.411,2475.182,1991.411,1728.842,1859.714,1828.573,1627.590,1425.723,1248.404
 37.2,0.000,3.635,1024134.097,61165.527,45173.795,32785.282,26351.865,20995.866,17241.428,13733.851,11770.500,9605.754,8356.584,6622.697,5444.952,5132.506,4226.195,3713.254,3193.040,2918.741,2402.205,2321.162,2335.236,2346.595,2069.375,1749.583,1490.200
 38.5,0.000,0.000,1336500.621,63124.120,47640.733,36317.835,28224.396,23194.734,18700.671,15490.221,13154.056,10887.162,9297.715,7723.757,6026.787,5636.830,5172.447,4184.394,3733.035,3286.214,2971.189,2436.567,2797.069,2479.440,2387.036,2506.945,2001.338
 40.0,0.000,6.797,1606492.384,67387.901,50409.570,38015.971,31679.420,25454.598,20686.837,16959.305,15275.021,12114.638,10343.486,8913.850,7748.609,6765.184,5907.304,4832.680,4638.052,3746.207,3306.027,3121.509,3263.503,3255.161,2800.696,2547.660,2273.985
 41.4,0.000,0.000,1797065.251,74290.262,55419.773,42652.263,34878.309,28294.323,24182.645,19507.807,16520.826,14133.054,12509.570,10349.437,9060.037,7955.033,6927.778,6081.506,5473.281,4430.962,4270.470,3679.635,4026.114,3797.601,3525.110,3117.237,3125.730
 42.9,0.000,3.209,1887459.097,77215.663,57963.070,45182.154,37671.987,31476.526,26004.187,22001.070,18309.522,15309.979,13510.875,12125.214,9763.540,9479.482,7885.371,6843.214,5978.447,5411.382,4807.046,4302.383,5000.453,4487.543,4588.389,3919.072,3451.740
 44.5,0.000,0.000,1799107.009,82044.733,62034.128,49796.713,40443.713,33992.168,28484.162,24412.044,20952.157,17940.990,15348.811,13902.606,11508.578,10285.471,9088.176,8057.682,7281.210,6195.384,5897.100,5173.975,5574.951,5555.337,5213.486,4574.728,4305.936
 46.1,0.000,0.000,1607716.100,88851.967,66954.587,53366.708,44955.523,38158.579,32671.463,27441.048,24133.272,20864.852,17540.559,15995.534,13509.807,11622.847,10762.740,9676.803,8610.736,7694.922,6568.759,6349.119,6663.317,6522.082,6316.678,6075.426,5026.322
 47.8,0.000,0.000,1383805.232,95700.377,71212.132,58959.015,49093.914,42131.387,35140.787,31656.635,26664.308,23351.836,20569.537,18122.272,15975.223,13873.899,12747.768,11796.830,10314.640,8955.434,8264.555,7190.858,7903.534,7686.230,7315.676,6668.742,6481.177
 49.6,0.000,5.773,1191762.162,106071.606,78924.757,64717.062,54143.908,48416.027,39432.749,34711.801,32446.950,27336.232,23537.089,21339.917,18271.730,16716.108,15326.343,13641.903,12765.914,11482.228,9875.648,9041.134,10304.658,9921.115,9024.731,8599.556,8129.782
 51.4,0.000,0.000,1022465.394,113664.161,86186.950,72490.758,63072.237,52435.826,45249.307,40537.544,35515.812,31407.462,27854.697,24662.099,21932.448,19893.108,18214.792,16070.717,14661.751,13607.927,12418.198,10860.449,12155.702,12639.902,11083.418,10280.003,9765.455
 53.3,0.000,0.000,861794.881,121753.245,95120.606,78540.026,68720.550,56324.369,50795.090,44951.148,40234.905,34859.334,31213.854,27859.156,25775.050,23201.666,20817.437,18598.320,17119.397,15433.662,14171.493,12702.369,14223.097,14475.538,12746.940,12784.778,11692.463
 55.2,0.000,0.000,720005.914,132378.344,102300.018,84137.786,74327.941,62827.530,55747.927,50250.769,44790.638,39945.242,36034.505,32595.242,29827.396,25852.048,24693.788,22083.231,19951.927,17627.138,16817.244,14908.641,17777.699,17209.405,14929.846,14463.989,13486.418
 57.3,0.000,0.000,578231.242,142334.772,111260.467,93851.541,81813.860,70257.131,61749.670,56135.277,50558.474,44215.416,40403.883,37068.773,32735.428,30079.037,27813.526,25679.673,22270.559,20538.152,19107.503,16948.958,20251.306,19788.099,18025.257,17316.340,15657.198
 59.4,0.000,0.000,460427.554,152493.906,118265.280,101361.404,90557.859,76484.681,67872.581,63915.928,55909.071,49648.469,45368.381,41416.529,37548.730,33758.596,31839.174,28821.650,26238.920,24029.332,22480.597,20004.294,23260.476,22539.271,21050.060,19709.429,17968.043
 61.5,0.000,0.000,369267.984,160723.516,126730.861,110819.743,96071.166,84052.202,75349.506,68174.797,61820.209,54572.998,50183.597,46586.354,41631.598,37319.233,35156.705,32298.535,30100.069,28240.854,25672.476,23457.410,27153.125,26141.846,24701.480,22840.348,22546.618
 63.8,0.000,0.000,306468.023,175995.357,135466.371,122110.811,107141.590,91522.016,82307.113,75693.303,69559.560,61313.772,57032.431,52140.370,47098.004,43795.555,41220.555,36965.977,34480.339,31147.387,28836.632,27585.272,30991.845,29449.716,27746.158,26843.164,25168.171
 66.1,0.000,0.000,261621.189,187102.487,147390.709,131730.290,115152.929,100803.408,89344.295,84468.654,77367.281,67917.245,62046.075,57778.637,52256.888,49570.573,46068.032,41055.390,38613.028,35690.831,33186.276,30318.871,34916.377,33080.768,31913.203,30457.372,29631.544
 68.5,0.000,0.000,232536.145,197312.180,160555.934,141656.650,122571.287,110855.257,98185.876,90647.307,84471.914,74163.509,68618.232,62576.182,58912.645,55204.110,50979.211,45739.898,43712.674,39154.576,36803.618,35251.225,40159.854,37938.721,36306.626,35318.063,32898.178
 71.0,0.000,0.000,204481.280,199139.815,160528.297,143444.685,128266.059,112222.844,101151.943,92016.840,83727.117,76373.384,71236.849,65952.440,58767.702,56913.043,52396.957,47773.179,43730.541,40449.018,37467.900,34716.568,40905.842,38598.902,36039.718,35487.544,34506.855
 73.7,0.000,0.000,173501.360,201430.270,168730.065,144593.745,128146.174,115754.094,103389.009,96819.499,86518.121,79406.850,72589.709,65851.490,59739.285,57466.118,53142.317,48304.780,46623.102,41935.923,38256.957,35258.036,41299.381,38829.427,38341.094,36701.859,35375.333
 76.4,4.291,3.962,147643.193,207267.448,177353.673,154988.313,136230.702,122854.972,112752.100,102665.398,95337.946,84257.580,80764.511,72814.445,65783.605,62809.028,57409.524,52789.450,50655.258,46457.073,43551.093,40515.212,45833.026,44644.146,41073.364,40449.198,38781.871
 79.1,4.031,0.617,123118.512,213744.631,187823.711,162721.957,148568.426,133811.524,120776.912,111399.775,101299.995,93219.933,87652.012,78751.206,72838.909,67711.216,63059.481,58790.471,54452.622,51087.742,48184.685,44850.326,50128.413,48131.746,47709.507,45656.726,42438.351
 82.0,1.136,0.000,104137.349,226375.176,198007.026,174415.441,154701.747,146230.836,129448.536,118372.448,112068.598,100479.455,93352.187,84949.200,78741.101,73525.468,67537.241,62845.286,60212.404,56611.312,50927.415,49158.197,55854.856,53580.741,51490.211,49089.091,48643.741
 85.1,0.000,3.096,83263.214,236121.834,205580.880,187374.067,167057.499,154446.483,138979.994,129024.267,119355.447,108827.114,102806.749,91785.711,86396.951,79668.657,74452.775,69617.642,63627.086,62310.580,58066.612,53987.326,61422.898,60101.555,57373.012,56037.666,53203.149
 88.2,4.201,0.000,65297.481,253317.678,219298.239,196002.467,174656.791,169008.001,149205.994,142615.879,129010.515,120199.353,109633.824,101374.719,95026.917,87617.624,81560.153,76759.789,70674.006,67739.694,64358.304,60006.497,69039.643,65257.268,62519.860,59062.735,58090.539
 91.4,0.000,1.001,51079.060,266908.797,232490.850,209936.196,188526.573,177970.895,162382.131,148599.531,140450.085,132381.500,120340.558,108262.211,103086.349,98462.884,89667.693,82961.759,78340.641,74449.922,69405.036,65913.363,75047.859,74279.520,69480.617,67538.608,63992.275
 94.7,0.000,2.703,36382.795,277233.998,242203.641,222880.776,201196.461,194767.853,173706.831,158929.254,148422.317,138010.091,129145.863,116600.294,110557.628,104800.495,97192.559,93589.037,84946.459,82444.237,76631.259,71505.628,81300.026,80450.074,76227.139,73880.544,69560.917
 98.2,0.000,0.000,20492.730,295114.710,257062.969,238119.295,212997.449,206256.644,184920.093,172461.758,159254.797,150150.770,139335.963,126471.357,120303.255,115777.448,106852.045,100911.579,93579.298,88973.997,82751.889,78831.141,89651.214,89481.645,84308.689,81030.922,77812.499
101.8,0.000,0.487,14543.674,308398.121,267453.876,251328.739,227661.742,215704.579,198186.572,185205.690,170642.510,161321.525,149979.517,137995.924,130307.982,122637.711,116089.342,109391.323,102501.195,98963.515,90512.417,86918.924,97110.471,98009.172,95086.517,88707.597,85116.325
105.5,1.689,1.483,16710.652,325921.002,284193.466,265099.255,239944.555,226616.752,214566.823,197776.872,182329.209,171446.162,159797.047,147904.077,141394.046,132991.921,125179.392,116985.162,111161.169,105877.080,97783.043,94485.156,105737.872,106049.260,102103.149,97507.584,95251.253
109.4,3.381,0.000,24314.166,336699.175,296960.980,280649.625,254928.172,236692.734,221955.434,206308.793,192316.003,182953.389,171753.029,161366.672,150468.794,142769.588,135321.140,126094.382,120598.806,114395.847,106569.090,102900.805,115829.170,114910.625,112376.342,106206.822,101472.475
113.4,1.012,1.912,39969.751,345318.422,305170.113,291103.350,266353.513,253827.090,234175.313,214796.749,203693.349,195808.987,181213.061,169826.070,159855.150,148427.583,143997.073,135080.014,128994.913,123007.445,114835.085,109692.916,125015.456,123902.592,121647.585,114695.911,111342.961
117.6,1.486,6.388,55600.407,363526.506,319515.679,299939.452,275339.059,256142.155,246487.053,225925.279,217735.840,203539.853,188850.724,181751.701,168112.018,161556.303,153283.764,144279.009,138600.790,131602.705,121555.243,115346.481,133685.230,133878.938,128570.690,125314.645,121036.516
121.9,4.364,2.165,73531.254,366198.588,323424.901,304908.058,284335.914,266189.167,250381.339,235406.664,225220.622,213064.072,200472.452,189097.298,177569.430,168833.537,162746.601,152935.194,145362.594,138834.521,131087.822,124468.544,141946.088,142163.423,136437.683,131884.249,127341.663
126.3,2.559,5.035,98396.699,374082.912,327825.964,314765.550,291080.308,273382.345,259433.899,242109.404,229486.176,222050.524,205201.748,195710.979,184977.461,175317.300,170691.650,162086.440,152695.437,144698.520,137417.257,131199.764,150007.919,150658.867,146690.475,140571.550,136863.517
131.0,0.000,0.000,118715.894,373942.876,330622.024,315920.878,298724.480,277322.135,263893.113,247001.140,235760.847,227620.618,211650.673,201091.492,191388.978,184377.255,175826.363,166661.566,158932.615,152437.807,143333.499,135777.827,158991.765,158824.501,152118.762,149539.199,144928.225
135.8,2.137,2.532,136852.928,374290.514,334478.575,314799.068,299275.830,277922.668,266253.433,250217.400,239745.474,231016.436,217075.947,204791.355,196520.807,189320.975,180936.175,172267.317,163248.229,157945.626,148507.744,141602.448,163689.313,163984.913,160193.622,154095.744,150862.330
140.7,3.035,5.731,163920.135,373013.087,330834.199,313155.705,299092.656,276833.881,266602.852,252104.334,241227.735,233761.901,219383.303,208170.959,199372.353,192462.458,185867.734,175223.123,166626.205,162563.108,150936.866,145893.887,169165.438,168832.265,166246.031,160267.169,158276.638
145.9,0.000,1.688,202603.859,359480.700,323945.068,309181.652,296482.152,274757.159,263255.731,249528.574,238486.498,232550.448,220265.968,209975.710,199098.579,194986.913,185180.078,178012.353,168013.018,161689.437,154293.617,148340.467,172777.563,171104.829,168154.244,165893.898,162265.935
151.2,1.286,2.388,237506.228,348997.909,317317.042,304903.891,287986.596,270824.951,259831.755,245426.704,235617.512,229046.393,217875.628,207044.680,199035.220,192082.072,185374.572,175901.130,170482.505,163128.132,155322.322,147598.295,173556.589,174933.457,169142.500,167454.583,163235.985
156.8,0.000,1.585,267334.926,334954.502,303690.166,292161.742,278821.735,263356.717,250953.045,240429.441,231562.167,223083.282,212486.152,203024.224,195805.494,189031.879,182536.291,175334.612,168436.982,162085.275,153961.740,146926.638,172374.614,173358.419,170079.991,167671.844,162605.902
162.5,0.000,0.449,290401.556,314451.945,287660.704,280493.579,267582.735,248669.977,241083.053,230905.422,224254.982,215684.278,203390.085,199326.128,189830.620,185079.798,177326.340,170071.128,164479.126,159896.670,151781.528,144597.896,170111.016,172319.111,168090.736,166238.123,159909.303
168.5,0.000,8.827,306809.873,290536.092,269020.302,262391.623,249913.343,235674.919,226845.660,221084.374,212248.981,204496.242,195675.100,188797.226,182370.279,177915.688,170401.009,163589.139,159300.130,152901.706,146153.477,140916.391,165407.856,166997.592,164552.861,162892.999,160356.344
174.7,0.000,0.000,315941.014,268901.850,249448.341,243492.149,234400.789,220164.392,211691.560,205882.484,198357.650,192775.582,185195.372,177917.971,173856.715,168630.847,162367.115,154881.781,150028.054,144904.216,139371.174,135505.572,157677.914,160642.593,158590.139,157138.227,153580.817
181.1,0.000,0.000,315659.177,239305.339,226890.507,222295.659,214041.452,202371.943,193158.040,188148.339,181208.291,178039.968,171347.895,165198.209,160798.993,156476.445,152030.203,145053.023,142678.920,137154.589,131801.284,126703.555,148150.315,150802.483,151691.656,150292.172,146693.357
187.7,0.000,1.881,302225.182,212731.786,204015.708,200334.696,192727.791,182207.131,176031.590,171555.379,164692.914,163242.069,155353.527,151241.694,147837.275,143739.116,140492.788,134827.919,131394.221,126044.652,121505.062,117564.429,137986.330,141374.937,142652.354,140404.329,137736.530
194.6,0.000,3.965,277052.842,186495.095,178317.620,174517.523,169089.433,162510.743,156108.149,151153.143,147311.135,144500.786,139500.109,134606.578,132395.219,129590.525,125468.944,121325.137,120686.740,116412.322,111615.127,108354.417,124976.105,128988.628,131116.947,129228.326,128591.881
201.7,0.000,6.727,251711.960,161060.038,154969.133,152759.379,148247.596,142725.327,137732.635,134345.965,129941.197,126889.711,123344.353,119910.746,117171.639,114159.702,111831.470,109050.761,107223.781,103599.565,99626.935,97936.283,112303.182,116668.370,119979.369,117374.448,117061.965
209.1,0.000,0.000,219769.885,137023.449,131667.503,130678.854,125308.918,119935.830,115740.584,113913.001,110979.112,108781.116,105513.468,103436.158,101451.479,99055.631,97295.923,94477.986,92675.651,91188.910,87385.312,86348.769,99324.758,102555.107,105438.593,103576.381,105036.522
216.7,4.586,5.426,187258.602,113621.359,108812.969,109521.300,105116.586,100962.742,96977.676,95649.237,93402.062,90374.821,90057.186,87487.794,86017.025,84230.969,83054.985,80681.010,79660.690,77075.778,75296.759,73507.632,86463.587,90032.275,90828.499,92553.095,90204.344
224.7,8.695,8.727,153188.906,93556.180,89376.654,88545.233,85230.055,83082.730,80003.513,79116.003,76919.107,75031.234,73580.530,72728.243,71727.134,70017.728,69499.323,67885.791,67052.914,65405.517,63645.860,62319.723,72482.823,76369.841,77276.570,79536.281,78565.849
232.9,0.000,4.806,122744.101,73462.188,71576.864,70775.692,67533.173,65036.154,64158.100,63210.240,62190.738,60948.505,60143.124,58730.983,59217.287,56860.548,56983.180,54589.720,54591.254,52610.078,51740.373,51541.927,59724.871,63236.359,66022.852,66755.156,65792.863
241.4,0.108,9.912,93291.706,57130.735,55628.169,54439.150,52922.998,50135.610,50178.036,48733.619,48378.299,47461.777,47620.471,46789.094,46568.579,45341.245,44915.165,44132.467,44026.807,42114.578,40369.791,41515.231,48513.325,50719.980,53303.446,54436.224,53397.854
250.3,14.260,0.147,68301.115,43074.043,42759.944,40871.052,40357.384,38960.223,37113.027,36926.977,37237.033,36713.426,36730.322,35672.613,35977.469,35013.830,34801.124,33881.736,33727.239,32353.936,31969.523,32861.760,38032.623,39518.810,42471.024,42925.704,43016.449
259.5,1.209,7.824,49884.604,31545.988,31750.968,30744.242,29997.855,28885.820,28049.844,28074.489,28108.962,26947.567,26921.391,26233.523,27349.261,26329.432,25947.217,26297.592,25917.975,24660.283,24628.351,25042.096,28832.127,31005.096,33128.151,33267.522,33086.840
269.0,0.000,5.973,34982.161,22174.625,22856.866,21956.691,21583.881,20914.660,20354.903,20011.894,20192.583,20196.542,20272.440,18973.759,19798.157,19159.334,19451.286,19097.969,18721.507,18160.449,17976.025,18434.550,21635.535,23083.024,24749.932,25436.850,25298.961
278.8,3.901,7.724,24015.279,15690.340,16057.356,15242.049,15051.466,14605.085,14423.238,13777.233,13823.186,14061.943,13651.522,13937.782,14134.053,13552.636,13872.344,13590.504,13671.633,13147.338,12683.698,13152.213,15493.607,17059.180,17839.556,18475.295,18336.812
289.0,9.674,14.606,15791.195,10802.870,10917.009,10108.089,10192.808,9959.103,9819.598,9563.651,9524.122,9716.012,9709.665,9543.664,9418.060,9346.147,9530.205,9372.521,9025.870,9318.138,8981.694,9404.365,10792.202,12052.289,12711.020,12980.343,12954.514
299.6,8.522,3.246,10387.139,7188.727,7017.012,6749.325,6728.614,6332.796,6636.323,6132.413,6428.106,6300.806,6293.771,6223.191,6202.030,5945.438,6155.347,6174.086,5923.574,6057.700,6082.383,6195.421,7217.376,8110.997,8681.452,8951.610,8808.819
310.6,11.127,5.161,6559.414,4564.454,4551.468,4066.390,4304.051,3958.740,3975.586,4159.538,3943.092,4119.055,4108.169,3915.419,3935.801,3932.468,3957.619,4012.929,3976.147,4153.669,3900.630,3968.759,4629.657,5332.951,5861.820,5779.611,5994.917
322.0,4.610,8.116,3776.233,2804.872,2668.684,2674.250,2688.921,2286.723,2356.895,2449.533,2459.717,2549.547,2481.297,2588.426,2478.375,2380.454,2432.707,2505.197,2505.619,2433.839,2374.204,2476.183,3027.258,3447.188,3882.000,3693.937,3849.226
333.8,2.401,8.120,2275.938,1628.075,1704.903,1538.191,1586.444,1389.489,1498.471,1453.778,1386.556,1495.746,1355.163,1447.288,1329.753,1522.059,1532.768,1474.150,1500.889,1369.687,1478.539,1484.764,1733.166,2013.034,2380.691,2283.625,2289.351
346.0,7.311,17.654,1263.424,924.097,932.949,888.595,977.328,782.060,921.025,820.646,834.258,836.037,793.170,795.353,854.346,806.778,850.545,870.097,780.175,775.670,783.170,835.646,978.861,1242.297,1383.772,1287.386,1437.677
358.7,4.189,12.371,728.808,574.398,504.898,445.727,506.825,494.176,416.196,451.335,453.251,446.409,455.906,476.014,448.485,485.143,506.721,426.116,428.315,463.264,474.228,541.833,568.967,639.643,844.593,791.030,843.286
371.8,1.363,4.044,357.417,322.185,302.803,220.600,329.205,250.428,243.665,222.059,243.455,235.052,252.275,217.154,192.855,272.378,264.994,214.824,226.825,226.261,222.733,250.685,378.861,434.695,408.822,432.573,428.018
385.4,10.212,4.138,199.108,139.113,145.926,125.396,143.288,101.301,110.905,152.787,249.204,136.096,157.049,144.311,150.178,148.903,145.619,186.789,174.518,166.458,121.888,112.723,160.134,202.530,215.265,185.186,232.731
399.5,7.740,5.160,127.524,90.831,65.852,84.855,67.938,46.315,102.390,72.614,157.877,65.141,63.067,73.918,77.088,64.154,64.250,88.651,75.940,84.084,62.672,49.326,99.410,100.950,105.769,120.031,152.160
414.2,0.000,7.867,85.453,52.229,61.748,36.014,19.343,55.442,56.676,34.525,42.190,46.661,32.250,19.049,54.818,40.202,51.528,58.775,37.823,38.015,32.773,32.789,57.581,39.925,57.488,66.631,84.293
429.4,7.999,7.999,38.694,41.030,33.043,37.567,29.518,31.898,26.737,16.071,40.217,24.129,21.409,31.939,17.065,23.999,36.831,15.898,21.141,26.449,18.432,27.934,25.959,33.933,46.215,41.002,52.296
445.1,10.847,0.000,58.270,32.601,24.518,40.937,13.646,20.361,19.036,10.897,19.088,35.449,27.219,35.192,27.145,40.681,16.227,21.560,10.751,26.901,13.391,21.371,15.842,26.547,18.616,34.604,13.297
461.4,5.518,2.759,30.349,19.348,16.629,30.543,19.438,13.884,16.600,24.946,25.026,16.646,27.693,22.034,13.809,8.278,13.759,21.935,16.407,10.948,16.348,10.871,10.745,16.206,16.235,13.541,21.647
478.3,2.808,5.616,22.464,16.879,25.388,8.478,11.304,19.783,14.080,14.105,11.236,19.765,14.092,16.819,14.054,22.467,14.003,11.163,13.916,16.714,5.546,16.597,19.138,13.745,11.015,18.870,19.277
495.8,2.841,0.000,17.047,17.079,14.271,8.578,20.017,17.157,14.246,11.417,2.857,11.428,11.407,8.509,17.064,11.366,14.168,8.471,11.264,8.456,11.224,22.391,5.533,8.345,7.404,19.952,11.146
514.0,0.000,2.893,14.467,14.493,5.813,22.419,0.000,0.000,14.507,2.907,5.819,8.728,2.904,2.888,14.481,5.787,5.772,10.378,25.810,8.611,2.858,0.000,2.817,19.828,3.811,11.361,2.838
532.8,5.895,2.948,24.227,11.812,18.151,3.860,20.767,14.834,11.824,14.806,5.928,8.892,8.876,5.885,0.000,17.688,8.819,15.793,5.843,11.697,5.822,11.577,0.000,17.314,2.891,8.680,8.673
552.3,0.000,6.008,29.384,15.048,11.680,9.070,15.118,6.047,12.050,15.090,6.042,3.021,9.046,2.999,9.021,18.027,0.481,5.971,11.910,5.960,8.900,5.957,2.925,11.764,11.785,8.847,11.785
572.5,0.000,6.126,18.377,3.068,18.461,9.247,9.248,9.248,3.071,3.077,0.000,3.080,12.297,9.173,15.329,12.253,11.729,9.131,9.107,3.038,6.050,6.034,2.982,8.996,3.004,6.013,9.011
593.5,0.000,0.000,6.206,9.326,13.281,9.368,9.369,13.303,6.223,9.351,3.120,9.360,3.114,0.000,21.742,19.352,18.568,6.167,12.301,3.078,6.129,6.113,3.022,3.038,9.129,6.092,12.172
615.3,0.000,0.000,15.829,15.858,11.891,12.744,9.558,11.917,6.349,6.361,3.183,6.367,6.355,0.000,9.507,11.917,9.472,3.146,3.138,0.000,3.127,0.000,3.082,3.099,9.314,3.107,0.000
637.8,3.231,0.000,9.694,3.238,6.492,13.008,9.757,6.505,3.240,0.000,16.246,6.499,3.243,3.226,0.000,3.232,9.668,6.423,3.203,0.000,6.383,6.089,3.146,12.654,12.677,0.000,12.677
661.2,0.000,3.276,16.381,6.564,9.873,19.784,13.190,3.297,3.285,6.583,13.178,9.883,6.577,3.271,6.559,9.830,3.268,6.512,7.497,16.251,12.943,6.736,3.190,6.415,3.214,9.648,6.426
685.4,0.000,0.000,16.735,16.764,10.086,16.841,6.737,10.105,3.356,13.449,6.731,3.365,3.359,3.341,3.350,0.000,10.014,3.326,8.928,0.000,0.000,0.000,0.000,0.000,0.000,0.000,0.000
710.5,0.000,0.000,0.000,0.000,0.000,0.000,0.000,0.000,0.000,0.000,0.000,0.000,0.000,0.000,0.000,0.000,0.000,0.000,0.000,0.000,0.000,0.000,0.000,0.000,0.000,0.000,0.000
Scan Time (s),155,155,155,155,155,155,155,155,155,155,155,155,155,155,155,155,155,155,155,155,155,155,155,155,155,155,155
Retrace Time (s),4,4,4,4,4,4,4,4,4,4,4,4,4,4,4,4,4,4,4,4,4,4,4,4,4,4,4
Scan Resolution (Hz),50,50,50,50,50,50,50,50,50,50,50,50,50,50,50,50,50,50,50,50,50,50,50,50,50,50,50
Scans Per Sample,1,1,1,1,1,1,1,1,1,1,1,1,1,1,1,1,1,1,1,1,1,1,1,1,1,1,1
Sheath Flow (L/min),3.000,3.000,3.000,3.000,3.000,3.000,3.000,3.000,3.000,3.000,3.000,3.000,3.000,3.000,3.000,3.000,3.000,3.000,3.000,3.000,3.000,3.000,3.000,3.000,3.000,3.000,3.000
Aerosol Flow (L/min),1.12,1.12,1.12,1.12,1.12,1.12,1.12,1.12,1.12,1.12,1.12,1.12,1.12,1.13,1.12,1.12,1.13,1.13,1.13,1.13,1.14,1.14,1.15,1.15,1.15,1.14,1.15
Bypass Flow (L/min),0.00,0.00,0.00,0.00,0.00,0.00,0.00,0.00,0.00,0.00,0.00,0.00,0.00,0.00,0.00,0.00,0.00,0.00,0.00,0.00,0.00,0.00,0.00,0.00,0.00,0.00,0.00
Low Voltage (V),11.05,11.06,11.06,11.06,11.05,11.05,11.05,11.05,11.05,11.05,11.05,11.05,11.05,11.05,11.05,11.05,11.05,11.05,11.05,11.06,11.06,11.04,11.06,11.05,11.05,11.05,11.05
High Voltage (V),9189.34,9188.47,9188.47,9188.47,9189.05,9189.92,9192.09,9192.09,9192.09,9190.93,9191.51,9191.80,9191.80,9191.22,9189.48,9191.94,9190.06,9190.78,9189.63,9188.76,9189.05,9185.25,9186.75,9180.67,9182.38,9182.95,9183.24
Lower Size (nm), 16.0, 16.0, 16.0, 16.0, 16.0, 16.0, 16.0, 16.0, 16.0, 16.0, 16.0, 16.0, 16.0, 16.0, 16.0, 16.0, 16.0, 16.0, 16.0, 16.0, 16.0, 16.0, 16.0, 16.0, 16.0, 16.0, 16.0
Upper Size (nm),723.4,723.4,723.4,723.4,723.4,723.4,723.4,723.4,723.4,723.4,723.4,723.4,723.4,723.4,723.4,723.4,723.4,723.4,723.4,723.4,723.4,723.4,723.4,723.4,723.4,723.4,723.4
Density (g/cm³),1.0,1.0,1.0,1.0,1.0,1.0,1.0,1.0,1.0,1.0,1.0,1.0,1.0,1.0,1.0,1.0,1.0,1.0,1.0,1.0,1.0,1.0,1.0,1.0,1.0,1.0,1.0
td + 0.5 (s),1.52,1.52,1.52,1.52,1.52,1.52,1.52,1.52,1.52,1.52,1.52,1.52,1.52,1.52,1.52,1.52,1.52,1.52,1.52,1.52,1.52,1.52,1.52,1.52,1.52,1.52,1.52
tf (s),6.02,6.02,6.02,6.02,6.03,6.03,6.03,6.03,6.02,6.03,6.03,6.03,6.03,6.02,6.02,6.02,6.02,6.01,6.01,6.01,6.00,5.99,5.98,5.98,5.99,5.99,5.99
D50 (nm),677.3,677.3,677.3,678.0,679.0,679.7,679.8,679.8,678.4,679.1,679.4,679.4,678.7,676.7,677.7,677.4,676.3,675.0,674.0,674.4,672.7,671.6,667.4,669.2,669.9,670.2,669.9
Neutralizer Status,ON,ON,ON,ON,ON,ON,ON,ON,ON,ON,ON,ON,ON,ON,ON,ON,ON,ON,ON,ON,ON,ON,ON,ON,ON,ON,ON
Median (nm),306.372,263.236,47.528,108.992,113.995,117.567,120.395,121.714,123.864,125.450,126.957,128.742,129.911,131.344,132.760,133.822,134.838,135.835,136.926,137.621,138.530,139.440,140.052,141.235,142.646,143.747,144.376
Mean (nm),305.656,257.597,71.548,112.067,117.356,120.898,123.513,125.255,127.235,128.831,130.342,132.042,133.274,134.639,136.085,137.005,138.118,139.151,140.233,140.935,141.812,142.894,143.242,144.636,146.185,147.087,147.815
Geo. Mean (nm),270.522,194.122,59.501,97.630,104.206,108.598,111.725,113.994,116.299,118.111,119.823,121.783,123.096,124.572,126.119,127.173,128.335,129.455,130.581,131.406,132.286,133.392,133.679,135.118,136.621,137.499,138.274
Mode (nm),250.287,345.989,42.935,135.773,135.773,130.975,135.773,135.773,140.746,140.746,140.746,140.746,145.902,145.902,140.746,145.902,140.746,145.902,151.247,151.247,151.247,145.902,151.247,151.247,156.788,156.788,151.247
Geo. Std. Dev.,1.715,2.432,1.723,1.764,1.686,1.638,1.608,1.582,1.563,1.550,1.538,1.524,1.517,1.510,1.502,1.495,1.491,1.486,1.482,1.476,1.474,1.470,1.473,1.467,1.465,1.464,1.461
Total Conc. (#/cm³),2.713336e+000,4.456839e+000,3.895239e+005,1.909720e+005,1.623086e+005,1.484141e+005,1.356067e+005,1.250849e+005,1.162634e+005,1.088694e+005,1.026101e+005,9.704405e+004,9.114757e+004,8.581805e+004,8.145554e+004,7.783814e+004,7.428369e+004,7.027913e+004,6.714949e+004,6.415508e+004,6.058236e+004,5.801688e+004,6.702689e+004,6.731973e+004,6.606426e+004,6.453023e+004,6.279810e+004
Title,,,,,,,,,,,,,,,,,,,,,,,,,,,
User Name,VanceLab,VanceLab,VanceLab,VanceLab,VanceLab,VanceLab,VanceLab,VanceLab,VanceLab,VanceLab,VanceLab,VanceLab,VanceLab,VanceLab,VanceLab,VanceLab,VanceLab,VanceLab,VanceLab,VanceLab,VanceLab,VanceLab,VanceLab,VanceLab,VanceLab,VanceLab,VanceLab
Sample ID,,,,,,,,,,,,,,,,,,,,,,,,,,,
Instrument ID,,,,,,,,,,,,,,,,,,,,,,,,,,,
Lab ID,,,,,,,,,,,,,,,,,,,,,,,,,,,
Leak Test and Leakage Rate,,,,,,,,,,,,,,,,,,,,,,,,,,,
Instrument Errors,Normal Scan,Normal Scan,Normal Scan,Normal Scan,Normal Scan,Normal Scan,Normal Scan,Normal Scan,Normal Scan,Normal Scan,Normal Scan,Normal Scan,Normal Scan,Normal Scan,Normal Scan,Normal Scan,Normal Scan,Normal Scan,Normal Scan,Normal Scan,Normal Scan,Normal Scan,Normal Scan,Normal Scan,Normal Scan,Normal Scan,Normal Scan
Comment,,,,,,,,,,,,,,,,,,,,,,,,,,,
