Sample File,C:\Users\VanceLab\Desktop\CASA_InLab_Sp23\Chamber\Chamber_Butanol_SMPS_FreshSmoke_LRH_20230514_ozonecheck_nodryercomp.S82,
AIM Version,10.3.1.0
Classifier Model,3082       ,Classifier S/N,3082021905001   ,Classifier Firmware Version,2.60
Neutralizer Model,3088,Neutralizer S/N,3088011906004
Impactor (cm),0.071,Impactor S/N,7100764
DMA Model,3081,DMA S/N,3081A1903007
DMA Inner Radius (cm),0.937
DMA Outer Radius (cm),1.961
DMA Characteristic Length (cm),44.369
HV Polarity,NEG,
Detector Model,3750,Detector S/N,3750190603,Nano Enhancer , None
Detector Sample Flow (L/min),1.00,Detector Inlet Flow (L/min),1.00
Reference Gas Viscosity (Pa*s),1.832450e-005
Reference Mean Free Path (m),6.730000e-008
Reference Gas Temperature (K),296.15
Reference Gas Pressure (kPa),101.30
Sutherland Constant (K),110.40
Tube Length (cm),25.40
Tube Diameter (cm),0.48
Channels/Decade,64
Multiple Charge Correction,TRUE
Nanoparticle Agglomerate Mobility Analysis,FALSE
Diffusion Correction,TRUE
Units,dw/dlogDp
Weight,Number
Sample #,1,2,3,4,5,6,7,8
Date,5/14/2023,5/14/2023,5/14/2023,5/14/2023,5/14/2023,5/14/2023,5/14/2023,5/14/2023
Start Time,13:51:00,13:54:00,13:57:00,14:00:00,14:03:00,14:06:00,14:09:00,14:12:00
Sample Temp (C),22.1,22.1,22.0,22.0,22.0,22.0,22.0,22.1
Sample Pressure (kPa),81.5,81.5,81.5,81.5,81.4,81.4,81.4,81.4
Relative Humidity (%),8.3,8.7,8.8,8.8,8.7,8.7,8.6,8.5
Mean Free Path (m),8.33270e-008,8.33270e-008,8.32911e-008,8.32911e-008,8.33934e-008,8.33934e-008,8.33934e-008,8.34294e-008
Gas Viscosity (Pa*s),1.82815e-005,1.82815e-005,1.82767e-005,1.82767e-005,1.82767e-005,1.82767e-005,1.82767e-005,1.82815e-005
Diameter Midpoint (nm)
 16.3,0.000,614.179,530.578,661.753,682.746,665.072,730.836,623.028
 16.8,0.000,543.594,396.563,374.719,335.142,403.758,295.088,297.383
 17.5,0.000,176.545,186.870,146.384,164.995,231.111,233.196,144.061
 18.1,0.000,119.936,156.809,99.689,118.697,81.982,81.502,18.072
 18.8,0.000,34.791,34.784,53.152,25.826,34.355,59.774,45.477
 19.5,0.000,8.878,65.272,55.485,0.000,16.116,24.034,21.289
 20.2,7.701,14.725,0.000,16.610,22.869,22.816,22.685,22.637
 20.9,5.823,5.703,20.352,0.000,13.449,13.415,0.000,17.095
 21.7,24.632,32.570,0.000,18.666,0.000,12.359,5.361,2.114
 22.5,21.742,1.745,0.000,35.609,2.869,0.000,0.000,10.253
 23.3,12.079,0.712,19.238,26.499,2.403,13.202,2.493,9.443
 24.1,47.963,0.000,9.957,34.858,6.242,0.000,0.276,21.294
 25.0,46.178,51.443,11.510,18.393,20.871,27.249,10.521,16.766
 25.9,29.804,54.871,11.111,31.702,14.118,15.212,22.560,5.599
 26.9,81.610,5.929,82.419,56.474,45.653,48.220,38.341,9.080
 27.9,57.275,90.373,136.178,28.960,16.970,33.721,21.811,36.376
 28.9,108.411,76.710,107.011,45.599,64.574,62.934,88.203,68.281
 30.0,108.253,117.064,112.876,112.648,73.460,73.549,77.571,64.893
 31.1,186.786,120.644,153.831,118.534,113.938,77.988,85.505,70.424
 32.2,244.439,263.090,194.612,200.491,196.814,123.636,141.047,144.495
 33.4,315.050,259.101,271.618,212.622,175.814,255.783,172.663,129.663
 34.6,498.617,453.582,336.364,284.265,237.128,336.720,238.242,85.658
 35.9,408.734,427.857,430.624,381.859,281.046,246.096,238.418,217.634
 37.2,657.488,584.861,550.312,395.611,440.250,400.918,326.247,358.014
 38.5,698.438,743.061,676.278,662.136,503.660,461.499,399.231,349.059
 40.0,1041.156,772.012,755.049,710.705,622.237,531.922,479.057,483.347
 41.4,1230.648,1108.109,1056.888,905.552,876.497,744.161,739.538,646.083
 42.9,1617.148,1301.538,1304.496,1076.000,1029.136,856.978,801.973,673.380
 44.5,1848.016,1623.894,1402.559,1282.897,1239.594,1051.090,1128.073,977.010
 46.1,2226.236,2084.865,1751.822,1556.947,1467.341,1343.658,1188.231,1095.661
 47.8,2867.408,2321.374,2142.173,1984.580,1868.948,1721.185,1589.733,1218.873
 49.6,3527.074,2919.182,3058.138,2503.777,2642.946,2358.847,2062.375,1973.531
 51.4,4523.636,3889.104,3793.106,3132.065,3212.338,2968.315,2747.299,2602.234
 53.3,5300.089,4696.218,4257.495,4209.005,3904.140,3431.274,3019.316,2728.072
 55.2,6434.628,5863.395,5243.517,4851.603,4578.700,4250.630,3928.152,3552.253
 57.3,7798.618,6778.046,6657.618,5938.020,5637.469,5097.003,4587.142,4480.472
 59.4,9083.706,8388.380,7666.976,6888.318,6362.123,6164.375,5427.704,4798.086
 61.5,10634.569,9763.112,8777.224,8096.110,7708.277,7226.450,6530.337,6186.300
 63.8,12629.213,11333.317,10780.472,10014.409,9030.480,8715.540,7763.567,7125.033
 66.1,14475.028,13485.809,11656.584,11427.059,10406.262,9701.757,8916.780,8694.403
 68.5,16705.275,15430.346,13735.259,13099.066,11508.728,11672.448,10329.935,10097.671
 71.0,16867.130,15451.371,13752.593,13105.316,12044.068,11336.640,10926.850,10150.417
 73.7,17400.038,16155.728,14022.795,13748.963,12293.503,11335.303,10597.798,10471.423
 76.4,18300.715,17339.780,16474.482,15518.123,13677.111,12103.893,11753.332,11250.474
 79.1,20905.642,20202.629,18138.101,16674.921,15866.859,13797.867,14162.031,13433.923
 82.0,22734.640,22265.618,20009.740,18796.038,17444.870,15016.660,14961.459,14703.622
 85.1,25030.786,23513.496,22093.724,21045.239,19298.647,17030.313,17009.601,16128.893
 88.2,28256.047,26426.157,24745.821,22741.707,21048.600,19620.479,18611.746,17233.429
 91.4,30794.275,28960.116,26392.272,25694.946,23647.114,21132.159,19854.362,19418.519
 94.7,34199.201,30781.023,28759.942,26282.011,25958.822,23365.308,22812.289,20570.379
 98.2,37484.537,34915.342,32536.976,29587.890,28925.905,25730.080,24961.227,23309.847
101.8,40501.284,37335.628,36219.904,33176.671,30872.068,30346.251,27739.531,25674.973
105.5,45479.671,40720.848,38592.217,35206.435,34706.008,32427.792,30651.674,27700.768
109.4,49279.474,44414.374,42859.343,38344.809,37340.313,35298.230,34282.010,30989.898
113.4,55344.512,49268.746,46440.840,43158.410,40248.517,39125.448,37009.435,34482.611
117.6,60712.309,54144.336,50598.213,47179.169,44707.969,42228.045,40000.004,37393.461
121.9,63543.249,59532.584,55694.083,52046.531,47659.783,46611.154,42404.876,39722.736
126.3,69407.702,64968.335,60980.391,56726.453,52610.722,49913.714,45981.595,43920.888
131.0,74025.766,69747.996,65924.952,61767.582,56582.549,53600.697,50018.319,47541.208
135.8,79726.854,73827.278,69054.921,66498.908,61648.660,57702.500,54464.792,52463.944
140.7,84524.983,78185.630,73331.770,68612.484,64158.603,61386.435,57154.975,54811.003
145.9,87896.443,84251.849,76677.113,73664.041,68296.368,66205.060,61650.800,58165.898
151.2,92794.100,86967.963,81142.034,77290.135,73553.871,70449.868,65241.506,61301.310
156.8,97024.425,91070.020,84729.698,79779.557,75466.412,72158.463,68357.254,64785.531
162.5,101309.894,95984.383,87081.149,83277.309,77747.265,75947.896,70124.062,65786.038
168.5,102703.676,96549.339,90152.201,87000.846,82388.688,76764.811,70965.063,69063.450
174.7,104284.936,99426.379,92734.969,88529.269,83627.662,78666.004,74226.207,70359.725
181.1,105228.037,101428.562,94033.511,89976.126,84358.995,78958.773,74879.998,71065.279
187.7,108058.879,102112.148,95627.554,91249.165,85629.837,80325.070,75434.360,72250.909
194.6,106648.736,100011.904,94979.709,90904.621,84008.657,79714.521,75786.584,71679.972
201.7,105922.919,99000.047,91684.251,87849.864,83705.274,78360.843,74773.227,71936.736
209.1,101954.021,96117.859,90176.600,85904.719,81724.090,76778.090,72466.795,69270.078
216.7,99538.855,93207.518,89084.762,82436.468,78079.096,74617.485,70796.480,66751.554
224.7,94923.673,89626.455,84382.665,78583.564,76411.432,71902.742,66976.623,64146.307
232.9,88914.065,85006.712,80687.148,74876.228,71373.596,66541.938,63947.431,60722.160
241.4,83401.714,77831.039,73815.024,70706.238,65492.089,62579.369,59140.407,56596.078
250.3,76592.396,70726.809,68151.926,63991.595,60319.812,57885.230,54607.215,51868.139
259.5,69402.927,63904.165,63037.842,57620.805,55602.492,53252.736,50021.460,47842.109
269.0,61552.131,57702.606,55421.754,51885.876,49585.905,47514.920,45679.457,42401.703
278.8,53992.147,50684.921,48279.443,46116.052,42843.681,42013.287,39360.545,37403.706
289.0,46529.853,43320.440,41686.996,40333.083,38300.797,36368.414,34282.590,32364.248
299.6,39144.249,36897.531,35112.859,33562.054,32093.522,30719.436,28817.729,27620.588
310.6,32443.954,30859.614,29778.755,27584.778,26948.706,26037.227,24437.702,23619.237
322.0,26629.663,25085.320,23701.351,22855.287,21916.565,21214.602,20042.743,19409.674
333.8,21074.737,19938.590,19501.618,18100.106,17791.134,17501.555,16087.053,15673.593
346.0,16478.421,15518.149,15084.809,14208.621,14004.176,13318.859,12659.402,11968.145
358.7,12665.123,11752.149,11294.439,11038.346,10761.983,10430.837,9761.416,9664.008
371.8,9332.666,8595.832,8332.588,8222.561,8068.123,7589.398,7455.185,7004.599
385.4,6995.782,6401.658,6284.665,5818.200,6018.093,5725.862,5386.738,5238.797
399.5,5010.190,4716.948,4613.934,4077.639,4256.720,4127.875,3736.809,3926.773
414.2,3476.619,3196.210,3112.309,3049.152,3061.245,2948.867,2778.070,2634.396
429.4,2479.557,2153.893,2073.938,2089.395,2078.643,1942.834,1902.256,1957.420
445.1,1434.303,1467.047,1333.129,1399.959,1280.989,1339.966,1298.840,1290.478
461.4,1054.264,995.233,902.913,951.326,872.111,927.498,837.516,745.968
478.3,654.821,623.986,572.146,517.652,606.240,646.386,544.833,578.461
495.8,363.573,398.617,418.681,354.113,346.258,397.916,337.866,354.454
514.0,240.200,243.901,262.403,208.976,217.160,208.039,229.164,234.810
532.8,164.583,143.284,136.580,116.981,119.446,146.301,131.679,128.365
552.3,79.776,60.914,116.587,94.762,103.472,103.034,90.526,93.573
572.5,50.053,68.823,71.457,56.099,42.661,42.564,36.997,30.774
593.5,47.538,15.846,22.183,37.888,29.078,38.456,28.109,34.295
615.3,22.634,29.101,12.933,22.549,22.449,16.006,28.679,19.085
637.8,19.803,0.000,9.901,16.440,16.367,19.605,16.263,12.987
661.2,20.078,13.385,13.384,3.334,9.957,3.313,0.000,13.168
685.4,10.255,6.837,0.000,0.000,10.171,10.153,0.000,3.363
710.5,0.000,0.000,0.000,0.000,0.000,0.000,0.000,0.000
Scan Time (s),155,155,155,155,155,155,155,155
Retrace Time (s),4,4,4,4,4,4,4,4
Scan Resolution (Hz),50,50,50,50,50,50,50,50
Scans Per Sample,1,1,1,1,1,1,1,1
Sheath Flow (L/min),3.000,3.000,3.000,3.000,3.000,3.000,3.000,3.000
Aerosol Flow (L/min),1.10,1.10,1.10,1.10,1.11,1.11,1.11,1.12
Bypass Flow (L/min),0.00,0.00,0.00,0.00,0.00,0.00,0.00,0.00
Low Voltage (V),11.29,11.21,11.21,11.21,11.20,11.20,11.20,11.20
High Voltage (V),9161.04,9225.27,9223.67,9223.67,9220.20,9218.73,9218.15,9218.29
Lower Size (nm), 16.0, 16.0, 16.0, 16.0, 16.0, 16.0, 16.0, 16.0
Upper Size (nm),723.4,723.4,723.4,723.4,723.4,723.4,723.4,723.4
Density (g/cm³),1.0,1.0,1.0,1.0,1.0,1.0,1.0,1.0
td + 0.5 (s),1.51,1.51,1.51,1.51,1.51,1.51,1.51,1.51
tf (s),6.06,6.06,6.06,6.05,6.04,6.04,6.03,6.03
D50 (nm),687.4,687.4,687.3,685.9,684.0,683.3,681.6,681.0
Neutralizer Status,ON,ON,ON,ON,ON,ON,ON,ON
Median (nm),172.328,172.828,173.659,173.938,174.499,174.720,175.076,175.516
Mean (nm),178.974,179.278,180.102,180.419,181.105,181.713,181.804,182.306
Geo. Mean (nm),165.137,165.441,166.203,166.596,167.205,167.824,167.919,168.440
Mode (nm),187.688,187.688,187.688,187.688,187.688,187.688,194.564,187.688
Geo. Std. Dev.,1.516,1.517,1.517,1.514,1.515,1.514,1.513,1.511
Total Conc. (#/cm³),4.607170e+004,4.310674e+004,4.049199e+004,3.818786e+004,3.602479e+004,3.411038e+004,3.211369e+004,3.046111e+004
Title,,,,,,,,
User Name,VANCELAB,VANCELAB,VANCELAB,VANCELAB,VANCELAB,VANCELAB,VANCELAB,VANCELAB
Sample ID,,,,,,,,
Instrument ID,,,,,,,,
Lab ID,,,,,,,,
Leak Test and Leakage Rate,,,,,,,,
Instrument Errors,Normal Scan,Normal Scan,Normal Scan,Normal Scan,Normal Scan,Normal Scan,Normal Scan,Normal Scan
Comment,,,,,,,,
