Sample File,C:\Users\VanceLab\Desktop\CASA_InLab_Sp23\Chamber\Chamber_Butanol_SMPS_AgedSmoke_MRH_20230522_dryerNodryer.S82,
AIM Version,10.3.1.0
Classifier Model,3082       ,Classifier S/N,3082021905001   ,Classifier Firmware Version,2.60
Neutralizer Model,3088,Neutralizer S/N,3088011906004
Impactor (cm),0.071,Impactor S/N,7100764
DMA Model,3081,DMA S/N,3081A1903007
DMA Inner Radius (cm),0.937
DMA Outer Radius (cm),1.961
DMA Characteristic Length (cm),44.369
HV Polarity,NEG,
Detector Model,3750,Detector S/N,3750190603,Nano Enhancer , None
Detector Sample Flow (L/min),1.00,Detector Inlet Flow (L/min),1.00
Reference Gas Viscosity (Pa*s),1.832450e-005
Reference Mean Free Path (m),6.730000e-008
Reference Gas Temperature (K),296.15
Reference Gas Pressure (kPa),101.30
Sutherland Constant (K),110.40
Tube Length (cm),25.40
Tube Diameter (cm),0.48
Channels/Decade,64
Multiple Charge Correction,TRUE
Nanoparticle Agglomerate Mobility Analysis,FALSE
Diffusion Correction,TRUE
Units,dw/dlogDp
Weight,Number
Sample #,1,2,3,4,5,6,7,8,9,10,11,12,13,14,15,16,17,18,19,20,21,22,23
Date,5/22/2023,5/22/2023,5/22/2023,5/22/2023,5/22/2023,5/22/2023,5/22/2023,5/22/2023,5/22/2023,5/22/2023,5/22/2023,5/22/2023,5/22/2023,5/22/2023,5/22/2023,5/22/2023,5/22/2023,5/22/2023,5/22/2023,5/22/2023,5/22/2023,5/22/2023,5/22/2023
Start Time,17:30:00,17:33:00,17:36:00,17:39:00,17:42:00,17:45:00,17:48:00,17:51:00,17:54:00,17:57:00,18:00:00,18:03:00,18:06:00,18:09:00,18:12:00,18:15:01,18:18:01,18:21:00,18:24:00,18:27:00,18:30:00,18:33:00,18:36:00
Sample Temp (C),22.3,22.2,22.2,22.2,22.1,22.1,22.1,22.0,22.0,22.0,22.0,22.0,22.0,22.0,22.0,22.0,22.0,22.0,22.1,22.1,22.1,22.1,22.1
Sample Pressure (kPa),80.1,80.1,80.1,80.1,80.2,80.2,80.2,80.2,80.2,80.2,80.2,80.2,80.1,80.1,80.1,80.1,80.1,80.0,80.1,80.0,79.9,80.0,80.0
Relative Humidity (%),28.8,26.0,23.7,21.8,20.2,18.9,17.7,16.7,15.9,15.2,14.6,14.0,13.6,13.2,12.8,12.5,12.3,12.0,11.8,11.6,11.5,14.6,20.7
Mean Free Path (m),8.48565e-008,8.48199e-008,8.48199e-008,8.48199e-008,8.46777e-008,8.46777e-008,8.46777e-008,8.46412e-008,8.46412e-008,8.46412e-008,8.46412e-008,8.46412e-008,8.47469e-008,8.47469e-008,8.47469e-008,8.47469e-008,8.47469e-008,8.48528e-008,8.47834e-008,8.48894e-008,8.49956e-008,8.48894e-008,8.48894e-008
Gas Viscosity (Pa*s),1.82911e-005,1.82863e-005,1.82863e-005,1.82863e-005,1.82815e-005,1.82815e-005,1.82815e-005,1.82767e-005,1.82767e-005,1.82767e-005,1.82767e-005,1.82767e-005,1.82767e-005,1.82767e-005,1.82767e-005,1.82767e-005,1.82767e-005,1.82767e-005,1.82815e-005,1.82815e-005,1.82815e-005,1.82815e-005,1.82815e-005
Diameter Midpoint (nm)
 16.3,0.000,0.000,0.000,10169.171,3682.263,2755.015,1973.295,2050.683,1648.833,1645.637,1664.817,1778.009,1824.898,1706.674,1356.681,1009.115,1395.221,1374.592,1293.606,1227.073,1133.438,1234.967,1204.974
 16.8,0.000,0.000,0.000,9592.767,2961.548,2091.331,1306.504,1855.413,1089.280,993.206,955.981,897.131,815.546,658.674,798.838,737.752,809.146,1013.005,728.580,775.216,578.199,487.772,778.024
 17.5,0.000,9.707,0.000,9306.801,3008.230,1511.294,1109.702,852.719,645.318,582.803,414.219,519.501,402.164,388.831,382.155,515.921,350.919,291.179,318.101,325.916,241.586,469.175,293.119
 18.1,0.000,0.000,0.000,9955.522,2572.472,1567.715,896.166,504.805,356.518,249.490,256.805,258.118,223.670,307.966,152.795,161.781,190.280,182.977,115.259,149.089,151.890,211.333,182.290
 18.8,0.000,0.000,0.000,10649.339,2978.201,1667.305,776.966,572.847,405.469,174.198,158.594,95.583,120.299,102.163,93.219,101.696,62.365,82.883,47.052,74.441,71.658,74.190,116.317
 19.5,0.000,0.000,0.000,11344.890,3669.788,1778.911,805.559,472.437,406.846,159.702,138.923,130.449,80.619,95.849,55.655,31.803,39.436,23.327,73.517,62.076,37.342,30.933,15.589
 20.2,0.000,0.000,0.000,13350.918,4315.359,1872.939,1098.460,581.025,394.640,173.169,161.928,123.084,91.293,75.384,45.023,45.024,37.224,29.361,14.808,7.325,35.266,7.301,14.716
 20.9,0.000,0.000,0.000,13271.783,4471.902,2213.695,1184.763,752.809,505.791,264.282,216.089,127.632,69.586,16.707,41.672,43.371,23.065,0.000,23.482,24.413,0.000,4.168,19.825
 21.7,0.000,0.000,0.000,14443.764,5042.937,2756.055,1288.661,954.929,529.378,262.200,203.607,186.157,102.839,45.609,53.099,29.339,3.474,0.173,14.482,1.422,7.869,28.506,22.555
 22.5,0.000,0.000,0.000,15594.980,5514.249,2843.431,1637.880,873.811,606.248,390.554,273.990,141.641,145.077,84.134,60.617,37.130,53.381,45.638,15.655,17.093,0.000,24.303,13.746
 23.3,0.000,0.000,0.000,17935.110,6677.272,3411.375,2048.705,1238.420,789.646,572.753,317.597,228.727,215.197,133.146,66.872,81.802,30.231,45.934,22.709,21.629,4.111,44.428,0.000
 24.1,0.000,0.000,0.000,19869.863,7581.099,4184.689,2555.623,1442.242,925.965,697.083,461.180,311.102,162.844,169.447,178.388,106.100,55.595,51.844,64.356,7.318,35.338,53.400,11.566
 25.0,0.000,0.000,0.000,22156.857,8776.318,4927.557,2891.410,1885.475,1232.084,727.994,608.393,378.767,289.073,225.502,209.036,177.575,133.693,60.999,75.299,73.340,48.442,69.488,38.541
 25.9,0.000,5.378,0.000,24925.785,9479.928,5918.026,3484.758,2270.274,1557.571,1178.056,759.486,605.231,327.243,350.301,179.200,157.037,103.700,100.930,58.718,104.367,32.112,20.131,47.963
 26.9,0.000,10.335,0.000,26354.656,10880.331,6240.304,4025.380,2832.739,1947.112,1233.112,859.292,541.024,535.119,380.495,234.062,250.757,196.323,148.005,106.260,105.709,103.062,77.206,29.651
 27.9,0.000,0.000,0.000,29329.962,12366.691,7734.299,5077.227,3357.274,2106.385,1658.454,970.918,896.373,559.476,434.386,404.764,338.315,276.503,96.464,112.808,137.088,105.024,72.315,70.038
 28.9,4.725,0.000,0.000,31847.017,13155.810,8356.034,6025.567,3918.778,2952.343,1818.475,1446.695,1058.937,741.007,511.501,535.277,423.433,289.524,237.102,204.742,176.056,161.169,124.354,160.550
 30.0,0.000,0.000,0.000,33573.891,15082.410,9343.004,6596.984,5076.767,3334.982,2585.207,1833.571,1330.959,1241.802,871.269,595.738,471.018,379.184,352.769,337.555,247.512,222.481,202.590,80.869
 31.1,0.000,0.000,0.000,37346.173,16946.931,10740.531,7421.876,5624.810,4011.928,3008.416,2331.280,1686.811,1187.324,909.197,870.003,673.712,603.433,381.660,322.686,310.194,291.544,260.610,245.115
 32.2,0.000,0.000,0.000,40462.950,19647.749,12535.970,9479.798,6721.258,4946.860,3928.973,2648.687,1887.926,1628.189,1000.393,856.270,748.334,893.653,585.786,521.168,426.460,310.969,371.696,271.050
 33.4,0.000,0.000,0.000,44381.305,21645.960,14067.779,10363.159,7913.247,5610.560,4334.918,3275.989,2438.007,1851.910,1457.225,1157.983,1025.576,874.831,639.996,631.113,673.343,445.409,417.425,375.350
 34.6,0.000,0.000,0.000,47872.105,23795.178,15811.713,12095.220,8379.266,6470.203,5023.208,3905.853,3221.120,2123.047,2031.134,1560.695,1166.282,1053.580,947.274,674.328,647.541,596.636,622.164,478.858
 35.9,0.000,0.000,0.000,52585.773,27006.997,19193.319,13389.949,9517.491,7663.142,5964.620,4651.027,3535.777,2645.400,2391.119,1860.850,1505.221,1206.959,992.856,901.532,727.028,755.562,654.942,613.168
 37.2,0.000,0.000,0.000,55891.340,29301.222,20909.296,14947.332,11538.385,9096.331,6962.360,5416.330,4364.612,3629.007,2843.103,2333.263,2166.305,1623.563,1306.369,1218.974,1044.085,1133.961,905.853,673.327
 38.5,0.000,0.000,0.000,58702.452,31805.750,22846.421,16694.338,13275.920,10596.602,8288.539,6676.535,5104.477,3803.046,3426.592,2951.347,2193.996,2090.010,1618.125,1374.662,1187.684,1116.082,1135.300,931.365
 40.0,3.436,0.000,0.000,62709.409,35119.662,24931.891,19721.413,14754.074,11571.189,9747.848,7568.153,6342.977,5208.592,4010.189,3375.718,2973.075,2654.673,2121.893,1933.106,1483.291,1341.804,1410.827,1232.235
 41.4,0.000,0.000,0.000,65575.586,38853.732,28524.717,21715.905,16756.056,14128.108,10903.112,8737.111,7798.042,6182.490,5007.461,4080.869,3353.591,3033.230,2572.700,2279.455,1638.859,1801.990,1908.031,1720.309
 42.9,0.000,0.000,0.000,68597.534,40667.687,30579.871,24139.526,19507.875,15329.625,12875.725,10490.146,8765.444,7434.843,5933.515,5080.466,4359.695,3362.217,3147.304,2780.872,2135.589,2108.494,2160.823,1992.975
 44.5,0.000,0.000,0.000,71333.800,44739.670,34014.770,27246.941,21216.257,17557.557,14903.997,11662.768,10086.541,8400.900,6876.660,5746.481,4753.306,4563.425,3856.176,3238.825,2775.865,2957.109,2801.859,2169.530
 46.1,0.000,0.000,0.000,75698.729,48118.707,37575.125,30215.292,23861.385,19989.967,17236.227,13863.408,11921.545,10018.259,8384.232,6825.764,6063.360,5240.349,4454.540,3740.947,3352.471,3479.343,3315.809,3037.915
 47.8,2.984,0.000,0.000,80896.538,53064.941,42202.422,33411.959,27224.647,23290.727,19370.661,16323.858,13412.733,11349.210,9981.567,8558.935,7339.669,6527.044,5624.408,4655.904,4090.377,4240.295,4209.039,3672.273
 49.6,0.000,0.000,0.000,86413.848,59758.743,46975.254,39231.104,32356.864,27315.938,22781.135,19286.385,16634.889,14387.845,12190.251,10468.572,9338.056,8229.551,7157.688,6650.989,5692.237,5602.206,5485.817,5277.064
 51.4,0.000,0.000,117594.500,92843.998,66499.732,51061.314,43596.184,36332.255,31086.458,26241.692,22931.181,19711.669,17667.770,14702.871,13186.312,11309.668,10230.432,9091.924,7842.681,7185.341,6831.922,6966.949,6574.130
 53.3,0.000,2.778,543581.818,95877.853,72169.007,56716.203,48692.781,40580.636,34243.002,29433.104,26066.504,22907.871,19183.758,17545.100,15039.992,13556.356,12037.834,11059.994,9632.856,8220.247,8924.586,8641.242,7555.964
 55.2,0.000,0.000,1061203.343,103973.882,78272.005,62584.354,53356.465,45488.888,39705.584,33508.255,29181.858,25744.646,22813.773,20930.181,17812.441,16460.659,14149.896,12561.916,11065.753,10344.797,10547.134,10394.930,10055.671
 57.3,0.000,0.000,1544414.441,111557.477,85775.125,70080.180,59161.975,51078.010,44615.560,38204.506,33725.176,30207.083,26916.028,24302.051,21396.782,19095.159,16779.026,15572.268,13476.346,12344.189,12788.735,12713.511,11588.052
 59.4,0.000,0.000,1872446.180,123433.339,94348.146,75812.011,62923.238,58225.335,49623.601,43674.117,37824.480,33911.006,29882.974,27060.760,24482.701,23412.439,18913.706,18074.588,15618.706,15449.609,15487.565,14338.816,13729.182
 61.5,0.000,0.000,2166547.605,136866.008,103374.039,83211.977,72745.307,64857.577,57413.831,49307.586,43444.769,39877.245,34340.429,31155.109,28621.346,25509.986,22229.203,20640.413,18949.801,16958.699,17832.010,17652.440,16669.263
 63.8,2.242,0.000,2282892.335,148887.502,111015.111,92517.650,79038.803,72939.797,62943.032,55882.573,50617.882,44614.909,40153.117,34658.649,31825.496,30257.745,25217.399,23923.875,22037.025,20904.974,20318.921,20149.603,20228.577
 66.1,0.000,0.000,2318090.221,159162.979,120070.657,100666.552,88215.979,81461.450,70503.559,61460.911,56008.374,51043.338,45689.093,40550.141,35999.636,33984.308,29166.929,27895.794,26043.796,23258.440,24186.745,23657.670,23528.230
 68.5,0.000,2.420,2162828.620,174757.627,128467.118,109347.764,97244.575,90159.094,78500.654,68013.552,63378.704,57123.719,51493.273,45650.657,40878.960,38821.083,34050.869,31659.580,30298.549,26659.406,28321.171,27967.724,26303.211
 71.0,0.000,0.000,1922096.791,180408.265,131591.265,109487.076,97468.317,90622.400,80249.921,70325.311,63292.408,57383.617,51739.565,47451.971,41637.502,38653.687,33984.031,31982.490,30705.183,27564.397,28311.317,28483.855,27367.346
 73.7,0.000,0.000,1627789.521,187629.829,130137.903,113548.965,99198.964,89695.286,83074.020,71778.701,64179.503,59814.754,52962.062,46240.264,41644.778,39543.659,35178.836,33237.953,32139.098,27220.646,29668.280,29940.172,26900.717
 76.4,0.000,0.000,1346883.953,199635.619,140112.657,122989.647,108346.014,97336.076,91125.135,79027.900,69805.900,65754.113,57758.876,52363.892,45839.181,43377.246,40830.658,36681.031,34893.186,30721.657,33639.631,32771.535,30664.072
 79.1,0.000,0.000,1142251.674,215330.111,148648.836,132848.506,116462.111,107065.185,98304.514,87817.114,75892.159,70271.594,62648.014,56330.039,51049.566,47327.026,44786.819,42091.601,38567.408,33980.720,37822.044,35632.344,35712.968
 82.0,2.043,2.150,1010148.447,226161.453,160422.975,148211.906,128741.461,115367.513,106423.166,95106.096,83017.331,76083.590,69764.903,61539.429,56395.183,52157.303,49793.679,44407.518,42453.418,38235.820,42235.516,41138.007,37739.855
 85.1,0.000,0.000,946171.112,238250.242,172159.675,155676.411,138962.923,125715.365,117510.115,102208.132,89308.820,83353.144,74146.633,68385.554,63201.794,56280.006,53907.409,49089.412,47602.905,42452.813,45908.160,45370.323,42833.742
 88.2,0.000,0.000,903468.386,251886.241,184821.759,166245.179,149786.316,141042.124,124043.198,110132.712,100172.232,92817.785,83902.884,76759.752,67949.728,62639.695,61886.423,55601.772,54431.559,49059.674,50278.777,51228.812,47700.200
 91.4,0.000,1.993,859267.734,262731.617,199716.145,181611.566,163474.626,148305.758,135634.355,121733.388,108469.730,100280.990,92386.065,82810.570,75773.899,71685.009,68046.922,61556.963,56810.210,55925.471,56686.541,58939.865,52514.416
 94.7,1.956,0.000,824275.113,278543.610,219625.344,191208.482,174031.449,160333.379,146852.724,131782.949,119111.584,107151.466,100261.395,90777.566,83418.722,77395.254,73675.948,68194.623,61770.361,59978.475,61563.887,62107.821,57616.951
 98.2,0.000,0.000,816188.812,295077.859,230761.447,205151.593,187806.125,172810.180,156252.274,140701.525,130798.213,118612.415,112132.961,99882.345,92350.217,86336.182,82849.238,77626.024,67948.124,65841.724,67858.371,68886.489,64861.358
101.8,1.398,0.000,852216.929,310253.506,247289.822,226076.983,206288.918,183408.863,168936.147,154419.498,141176.078,130545.789,121512.266,109542.849,100808.095,97642.540,90202.861,84290.556,77207.426,72697.850,77530.115,78476.870,72748.008
105.5,0.000,0.000,866012.827,322042.223,264711.194,241233.794,218961.026,197734.461,183194.048,166500.648,152626.523,140132.828,133072.969,119657.896,112157.685,105005.787,98187.254,91934.982,86482.905,79984.888,85305.998,85703.622,80904.510
109.4,3.653,0.000,805185.705,326934.162,283535.212,254293.087,231396.639,214062.850,194040.362,177099.869,165449.226,153728.120,145598.094,133514.275,121421.145,111743.331,107086.196,99446.208,94017.818,89603.736,93733.283,93771.933,89318.206
113.4,0.000,1.194,679148.194,336310.234,297327.056,269960.552,249581.714,225418.403,206916.239,189557.510,180337.885,166903.981,151895.300,141819.944,132739.893,124189.996,115385.115,109346.178,102704.914,97280.805,101894.089,103418.678,98930.659
117.6,1.565,1.095,536790.479,348322.690,314493.976,284973.122,258338.253,239708.142,222843.962,201349.298,191828.349,179605.092,163263.639,155339.423,147800.762,137694.301,126855.436,115156.258,112977.868,106858.038,111793.222,114741.014,108169.179
121.9,0.000,0.000,396815.875,357283.885,323311.855,291676.464,270117.008,258148.201,234558.862,213397.810,207083.161,190191.758,176354.587,167995.035,154831.433,145426.884,134165.156,127459.059,120349.781,114919.763,121339.729,123052.645,117975.398
126.3,0.000,1.564,286944.784,370649.436,340400.574,305881.898,287077.035,269633.706,248604.737,229389.511,215959.847,204330.495,188299.717,178010.244,165680.615,157642.910,144558.202,138082.220,128320.199,126450.928,132683.254,135267.483,127233.948
131.0,0.000,0.000,234005.769,377437.046,354348.718,317774.678,300678.336,279826.741,262006.394,245031.850,228590.810,215308.873,197548.690,185535.055,178936.392,168301.129,155276.887,145780.025,136334.322,134167.230,141207.555,143749.793,138421.142
135.8,0.000,0.000,230145.026,394418.182,362883.670,329109.489,313464.003,288050.646,271307.891,253166.931,239201.789,223628.816,208183.829,197771.052,186111.061,174356.309,166164.027,156691.787,149684.809,141660.808,151391.758,153162.244,150670.759
140.7,0.000,0.000,216265.260,407447.414,370315.195,338865.336,325177.217,299125.747,281668.288,265446.955,248069.807,234636.076,218481.299,204594.231,197371.382,184619.643,173582.081,167351.016,157970.208,151842.660,161451.242,163805.271,160052.005
145.9,1.307,0.000,182572.372,406148.783,375608.020,345835.532,326148.946,306231.352,287992.208,273385.362,256198.414,240144.385,224263.621,217285.739,204107.842,189695.047,181163.631,171859.495,164995.373,158472.641,169253.737,175651.127,169998.703
151.2,0.054,0.000,155033.000,414969.721,378712.432,349097.747,332139.875,314016.474,294966.300,277198.154,261736.068,247353.971,232184.396,224292.136,210721.390,198412.861,187872.827,178829.400,175185.037,163700.208,176107.359,183363.573,180008.469
156.8,3.461,0.000,142429.397,406897.800,378538.276,346235.592,332020.215,317356.167,298277.335,280810.712,267090.788,250473.662,238238.852,225179.082,217467.318,200446.099,192427.250,184161.857,179701.088,168990.243,182050.418,188264.242,183794.428
162.5,3.995,3.846,137202.360,405996.308,375135.494,343206.294,330147.858,314192.926,297349.848,280828.407,268438.810,251061.271,241524.894,229870.162,219650.867,207653.114,194552.286,189641.399,183027.116,172715.592,186951.299,192400.583,188876.114
168.5,0.000,1.541,139381.269,400662.396,365066.365,339445.132,324595.753,311879.804,297241.595,282948.640,266187.089,250344.938,240579.056,229200.356,220286.780,209830.542,198487.141,192300.740,187794.001,175828.042,189904.784,196974.106,194539.016
174.7,0.000,1.952,157063.790,391582.996,352724.901,332625.276,317873.725,305556.883,289979.227,278731.100,261730.227,248453.870,239075.547,230824.131,220157.872,210231.325,200697.354,192906.790,187956.061,177790.780,193047.608,197788.927,201156.298
181.1,0.000,2.115,192810.076,371702.384,339907.183,322729.321,312261.883,293991.669,283085.911,270911.239,255134.777,243123.511,233511.930,227226.448,216022.845,207790.064,198241.188,191267.321,184566.558,176223.005,193305.528,200087.420,200347.335
187.7,0.000,2.092,220682.980,351121.894,329176.470,310539.557,298131.555,284918.538,272536.275,260792.764,246489.399,237945.943,228484.581,218692.264,213178.682,204013.806,194930.388,187543.151,184524.714,174420.752,190435.893,197431.976,198803.414
194.6,0.000,0.000,231166.336,331067.057,306472.600,290962.683,283080.368,270679.002,259574.499,245834.620,238476.407,223783.171,220363.486,209109.783,203787.292,197781.558,188922.160,181086.333,177031.677,170298.256,185316.616,193662.079,196886.147
201.7,0.787,7.759,226621.893,307428.084,285461.769,271634.135,264990.208,252950.953,242156.234,233355.511,224378.902,212129.796,207773.284,200081.844,191816.313,188159.092,179106.896,174363.643,171277.624,162515.059,179624.590,188966.791,190602.837
209.1,3.417,0.000,215746.942,279256.650,265437.599,253375.858,242838.532,234680.771,224827.336,217324.019,208736.571,199058.579,193684.899,187550.566,182479.466,176019.924,167164.484,164930.533,161265.189,154326.978,169528.348,181738.239,183883.381
216.7,0.659,1.166,204859.267,250558.559,240882.701,230219.343,221913.031,214243.194,206236.139,198566.541,191114.566,184204.662,178964.608,174062.538,170558.001,164378.298,157898.550,154517.223,151042.032,145440.398,158086.422,171228.343,173793.252
224.7,1.854,1.854,203506.416,225740.323,216048.227,207101.197,201901.615,193600.936,184671.401,179208.504,174715.896,168113.949,164747.660,158379.556,155848.612,152741.142,145568.617,143107.158,140287.786,133663.300,147481.801,158823.767,161120.905
232.9,4.339,0.000,207675.877,198581.863,190994.655,181673.868,180103.943,172095.419,163999.121,160117.582,155977.352,150165.080,148133.816,143823.032,141062.853,136296.629,132029.357,131317.723,127526.746,121115.531,136588.930,146336.900,148716.145
241.4,0.821,0.000,204417.684,170190.586,166464.323,161290.206,156554.476,150634.313,143603.555,143683.010,137267.301,133917.048,130649.231,126811.657,124699.123,123035.309,117393.007,116537.761,113713.125,108554.195,122274.935,133181.984,133981.822
250.3,0.000,2.211,191702.862,145317.813,141076.735,138656.814,133022.633,130482.551,123662.803,123285.545,119472.909,116925.314,113193.131,111484.084,109506.855,107016.436,103021.672,102652.810,99505.031,94628.711,108048.192,119175.221,120538.029
259.5,0.000,0.000,170413.236,122997.937,120817.485,119663.420,115568.013,111247.802,105885.324,105628.170,102988.680,99883.941,96815.400,95551.849,94298.841,92298.811,89161.020,89433.705,87030.890,83993.850,94817.396,105685.362,107585.834
269.0,0.000,0.000,142092.032,101636.972,101682.876,98971.327,94482.813,92805.096,88752.917,87616.273,85092.908,83581.306,82762.218,80488.824,79282.530,79078.419,74989.243,75239.948,73935.961,71322.857,82318.271,90057.756,94026.452
278.8,0.000,0.000,116004.457,83072.797,83469.464,80183.258,77497.046,77010.089,72638.459,71720.139,70504.495,68301.868,68162.808,66334.891,65628.698,65218.043,62995.488,62867.839,61840.543,59129.651,68929.604,76431.721,78669.509
289.0,1.687,4.623,91183.203,66122.611,66088.276,63102.955,61521.084,61512.882,59180.438,57311.347,57528.765,55491.602,55242.656,53265.800,53729.846,52724.861,50907.288,51665.746,50670.307,49197.548,56802.910,63794.936,65817.779
299.6,0.000,0.000,69286.039,51924.507,52231.271,49771.885,47391.482,48208.042,46845.449,45442.021,44576.446,43783.097,43846.744,42477.112,42144.294,42220.224,40777.611,41256.111,40203.315,39283.494,45929.011,51605.357,53982.641
310.6,0.000,0.000,50937.393,39493.201,40051.057,38115.970,36958.644,37281.563,36280.615,35340.852,34969.764,34145.089,33226.745,33756.631,32969.854,33333.046,31758.887,32572.303,31502.748,31358.657,37323.216,40992.268,43559.665
322.0,0.000,2.401,38468.013,29757.141,30509.527,28927.968,28177.376,28196.363,27238.367,26634.236,26860.242,26077.453,25305.578,25518.926,25330.421,25639.091,24358.005,24977.814,24100.007,24132.690,28813.729,32410.595,34317.355
333.8,2.424,0.000,28133.584,22386.507,23303.987,21744.353,20979.062,20661.248,19768.621,20242.949,20004.151,19237.168,18954.219,18647.261,19205.988,19270.692,17786.570,18441.402,18283.783,18148.361,21527.846,24605.090,26097.498
346.0,0.000,0.000,20899.193,15901.543,16654.759,15954.359,15298.354,14835.760,14521.865,14027.444,14380.377,14100.086,13739.642,13654.837,13748.692,13862.342,13409.440,13616.222,13384.744,13234.875,15766.602,18295.253,19905.008
358.7,2.498,2.498,15555.380,11692.300,12068.713,11258.859,10933.859,10699.121,9768.996,10250.456,10266.522,10007.822,9726.799,9763.852,9783.999,9634.612,9427.584,9592.158,9283.970,9275.449,11405.318,13591.852,14377.781
371.8,0.000,0.000,11384.820,8129.091,8493.332,7711.062,7294.748,7271.701,6716.507,7127.112,6917.634,6949.808,6854.303,6828.976,6597.088,6736.722,6589.952,6552.822,6592.362,6295.262,8160.120,9436.839,10233.431
385.4,0.000,0.000,8082.204,5367.555,5771.444,5437.147,4897.616,4871.640,4210.427,5038.118,4643.881,4642.057,4686.173,4695.777,4304.232,4590.135,4356.187,4445.328,4494.232,4202.284,5175.092,6812.448,7178.228
399.5,2.605,0.000,5580.887,3641.533,3697.777,3433.104,3150.807,3348.134,2965.003,3081.225,3022.976,3056.913,3001.919,3084.540,2718.108,3065.134,2883.866,2962.672,2732.580,2776.620,3670.081,4577.980,4817.304
414.2,0.000,0.000,3550.887,2197.327,2519.596,2207.129,2035.180,2100.087,1979.860,1947.793,1925.043,1945.828,2023.827,1776.245,1823.182,1991.334,1609.782,1863.441,1822.555,1784.251,2428.824,3018.642,3157.807
429.4,0.000,0.000,2367.283,1483.961,1576.600,1419.651,1243.523,1299.267,1297.220,1281.831,1172.268,1203.396,1210.457,1232.268,1145.985,1246.470,1108.005,1212.979,1100.964,1064.440,1740.692,1964.808,2052.324
445.1,2.738,0.000,1447.454,966.078,1055.649,867.964,759.536,853.665,756.736,843.195,768.657,689.540,728.904,688.310,609.287,649.516,624.608,792.866,668.084,643.397,974.197,1252.533,1324.659
461.4,0.000,0.000,949.395,548.607,592.317,565.912,561.154,512.506,496.120,540.618,478.182,434.842,518.176,454.238,462.164,429.964,451.225,506.910,443.923,444.965,574.989,746.041,767.817
478.3,2.835,0.000,579.731,398.618,371.546,351.751,297.785,378.602,265.277,318.993,270.021,298.147,322.551,322.314,263.360,235.604,268.425,257.742,292.259,275.595,367.195,512.381,548.648
495.8,0.000,0.000,362.923,227.005,219.099,261.636,172.364,207.062,200.448,191.816,208.799,152.062,163.408,194.717,190.387,183.578,171.854,166.044,149.299,128.399,235.816,301.276,292.333
514.0,0.000,0.000,228.439,151.972,162.244,151.174,122.927,109.020,147.220,130.009,156.235,114.842,114.318,107.191,101.711,119.029,86.052,148.806,81.050,67.404,160.661,208.034,197.123
532.8,0.000,0.000,140.135,102.583,89.999,118.547,71.436,91.192,103.176,84.152,81.897,70.074,74.323,73.783,55.873,55.873,78.899,67.964,49.254,31.723,97.196,94.917,112.873
552.3,0.000,0.000,118.015,82.743,41.191,84.788,36.298,64.559,49.143,56.681,58.196,63.105,33.329,63.164,57.363,45.375,56.584,44.164,47.439,35.270,65.576,64.536,61.941
572.5,0.000,0.000,86.227,60.867,63.988,68.690,59.554,37.611,43.730,38.880,31.228,49.871,24.712,14.944,30.127,27.071,60.728,36.021,12.092,8.990,46.510,65.702,77.517
593.5,0.000,0.000,59.880,45.482,34.736,28.670,41.280,38.104,22.317,34.939,26.283,12.631,25.035,34.568,27.860,21.669,15.380,9.123,18.375,33.394,38.283,27.249,61.611
615.3,0.000,0.000,35.157,28.035,25.775,22.636,25.918,35.636,16.183,22.594,28.055,28.996,19.158,19.018,18.950,18.949,25.872,18.616,12.498,12.389,18.027,27.802,31.083
637.8,0.000,0.000,42.411,16.371,6.577,26.406,29.762,19.841,33.037,9.884,23.062,19.731,13.036,19.412,9.671,0.000,18.440,12.668,9.568,0.000,18.401,15.765,28.285
661.2,0.000,0.000,24.280,19.919,20.006,26.773,10.058,6.706,23.447,20.043,10.021,23.339,9.913,19.681,13.074,22.879,9.744,19.266,6.467,6.411,12.438,19.182,13.141
685.4,0.000,0.000,25.880,6.782,3.406,17.093,10.275,10.274,3.421,20.473,10.237,20.436,21.616,10.053,16.694,6.678,6.636,0.000,0.000,0.000,0.000,0.000,0.000
710.5,0.000,0.000,0.000,0.000,0.000,0.000,0.000,0.000,0.000,0.000,0.000,0.000,0.000,0.000,0.000,0.000,0.000,0.000,0.000,0.000,0.000,0.000,0.000
Scan Time (s),155,155,155,155,155,155,155,155,155,155,155,155,155,155,155,155,155,155,155,155,155,155,155
Retrace Time (s),4,4,4,4,4,4,4,4,4,4,4,4,4,4,4,4,4,4,4,4,4,4,4
Scan Resolution (Hz),50,50,50,50,50,50,50,50,50,50,50,50,50,50,50,50,50,50,50,50,50,50,50
Scans Per Sample,1,1,1,1,1,1,1,1,1,1,1,1,1,1,1,1,1,1,1,1,1,1,1
Sheath Flow (L/min),3.000,3.000,3.000,3.000,3.000,3.000,3.000,3.000,3.000,3.000,3.000,3.000,3.000,3.000,3.000,3.000,3.000,3.000,3.000,3.000,3.000,3.000,3.000
Aerosol Flow (L/min),1.11,1.11,1.11,1.11,1.10,1.10,1.10,1.10,1.10,1.10,1.10,1.10,1.11,1.12,1.13,1.13,1.13,1.15,1.14,1.15,1.18,1.15,1.14
Bypass Flow (L/min),0.00,0.00,0.00,0.00,0.00,0.00,0.00,0.00,0.00,0.00,0.00,0.00,0.00,0.00,0.00,0.00,0.00,0.00,0.00,0.00,0.00,0.00,0.00
Low Voltage (V),11.02,11.02,11.02,11.02,11.03,11.03,11.03,11.03,11.03,11.03,11.03,11.03,11.02,11.03,11.03,11.03,11.03,11.02,11.04,11.02,11.01,11.04,11.02
High Voltage (V),9192.29,9189.83,9189.83,9189.83,9191.77,9193.23,9194.40,9193.40,9193.40,9193.11,9192.23,9192.23,9189.28,9186.36,9184.04,9182.89,9182.89,9178.50,9178.72,9178.64,9173.41,9165.87,9174.92
Lower Size (nm), 16.0, 16.0, 16.0, 16.0, 16.0, 16.0, 16.0, 16.0, 16.0, 16.0, 16.0, 16.0, 16.0, 16.0, 16.0, 16.0, 16.0, 16.0, 16.0, 16.0, 16.0, 16.0, 16.0
Upper Size (nm),723.4,723.4,723.4,723.4,723.4,723.4,723.4,723.4,723.4,723.4,723.4,723.4,723.4,723.4,723.4,723.4,723.4,723.4,723.4,723.4,723.4,723.4,723.4
Density (g/cm³),1.0,1.0,1.0,1.0,1.0,1.0,1.0,1.0,1.0,1.0,1.0,1.0,1.0,1.0,1.0,1.0,1.0,1.0,1.0,1.0,1.0,1.0,1.0
td + 0.5 (s),1.52,1.52,1.52,1.52,1.52,1.52,1.52,1.52,1.52,1.52,1.52,1.52,1.52,1.52,1.52,1.52,1.52,1.52,1.52,1.52,1.52,1.52,1.52
tf (s),6.03,6.03,6.03,6.04,6.05,6.05,6.06,6.06,6.05,6.05,6.05,6.05,6.03,6.02,6.02,6.02,6.01,5.99,6.00,5.98,5.93,5.98,5.99
D50 (nm),680.7,680.6,680.6,682.0,683.8,685.2,685.9,685.9,685.5,684.5,684.5,683.8,680.2,677.4,676.0,676.0,673.7,669.2,672.1,668.6,657.2,667.6,669.9
Neutralizer Status,ON,ON,ON,ON,ON,ON,ON,ON,ON,ON,ON,ON,ON,ON,ON,ON,ON,ON,ON,ON,ON,ON,ON
Median (nm),161.003,116.971,74.288,127.299,136.043,139.246,142.017,144.152,145.960,148.410,150.048,151.312,153.458,155.069,156.855,158.285,159.146,160.894,162.145,162.635,164.570,166.606,168.947
Mean (nm),192.974,130.934,93.310,133.229,141.636,144.976,147.618,149.739,151.425,153.871,155.661,157.028,158.915,160.603,162.339,163.717,164.589,166.306,167.368,168.143,170.225,172.460,174.517
Geo. Mean (nm),143.288,83.359,84.858,116.669,126.700,130.758,133.978,136.383,138.409,141.025,143.019,144.489,146.506,148.345,150.211,151.549,152.549,154.243,155.441,156.311,158.236,160.316,162.357
Mode (nm),28.903,26.896,66.117,151.247,151.247,151.247,151.247,156.788,156.788,168.485,162.531,162.531,162.531,174.658,168.485,174.658,174.658,174.658,174.658,174.658,181.056,181.056,174.658
Geo. Std. Dev.,2.310,2.857,1.488,1.735,1.649,1.615,1.588,1.573,1.558,1.546,1.536,1.529,1.521,1.514,1.506,1.504,1.499,1.496,1.491,1.486,1.486,1.486,1.483
Total Conc. (#/cm³),9.294164e-001,1.135482e+000,5.369154e+005,2.161240e+005,1.816973e+005,1.640004e+005,1.522272e+005,1.419672e+005,1.320557e+005,1.230372e+005,1.154100e+005,1.083448e+005,1.022008e+005,9.654453e+004,9.161646e+004,8.707862e+004,8.217241e+004,7.877869e+004,7.564152e+004,7.176668e+004,7.784557e+004,8.113625e+004,8.010470e+004
Title,,,,,,,,,,,,,,,,,,,,,,,
User Name,VanceLab,VanceLab,VanceLab,VanceLab,VanceLab,VanceLab,VanceLab,VanceLab,VanceLab,VanceLab,VanceLab,VanceLab,VanceLab,VanceLab,VanceLab,VanceLab,VanceLab,VanceLab,VanceLab,VanceLab,VanceLab,VanceLab,VanceLab
Sample ID,,,,,,,,,,,,,,,,,,,,,,,
Instrument ID,,,,,,,,,,,,,,,,,,,,,,,
Lab ID,,,,,,,,,,,,,,,,,,,,,,,
Leak Test and Leakage Rate,,,,,,,,,,,,,,,,,,,,,,,
Instrument Errors,Normal Scan,Normal Scan,Normal Scan,Normal Scan,Normal Scan,Normal Scan,Normal Scan,Normal Scan,Normal Scan,Normal Scan,Normal Scan,Normal Scan,Normal Scan,Normal Scan,Normal Scan,Normal Scan,Normal Scan,Normal Scan,Normal Scan,Normal Scan,Normal Scan,Normal Scan,Normal Scan
Comment,,,,,,,,,,,,,,,,,,,,,,,
