Sample File,C:\Users\VanceLab\Desktop\CASA_InLab_Sp23\Chamber\Chamber_Butanol_SMPS_FreshSmoke_20230413.S82,
AIM Version,10.3.1.0
Classifier Model,3082       ,Classifier S/N,3082021905001   ,Classifier Firmware Version,2.60
Neutralizer Model,3088,Neutralizer S/N,3088011906004
Impactor (cm),0.071,Impactor S/N,7100764
DMA Model,3081,DMA S/N,3081A1903007
DMA Inner Radius (cm),0.937
DMA Outer Radius (cm),1.961
DMA Characteristic Length (cm),44.369
HV Polarity,NEG,
Detector Model,3750,Detector S/N,3750190603,Nano Enhancer , None
Detector Sample Flow (L/min),1.00,Detector Inlet Flow (L/min),1.00
Reference Gas Viscosity (Pa*s),1.832450e-005
Reference Mean Free Path (m),6.730000e-008
Reference Gas Temperature (K),296.15
Reference Gas Pressure (kPa),101.30
Sutherland Constant (K),110.40
Tube Length (cm),25.40
Tube Diameter (cm),0.48
Channels/Decade,64
Multiple Charge Correction,TRUE
Nanoparticle Agglomerate Mobility Analysis,FALSE
Diffusion Correction,TRUE
Units,dw/dlogDp
Weight,Number
Sample #,1,2,3,4,5,6,7,8,9,10,11,12,13,14,15,16,17,18,19,20,21,22,23,24,25,26,27
Date,4/13/2023,4/13/2023,4/13/2023,4/13/2023,4/13/2023,4/13/2023,4/13/2023,4/13/2023,4/13/2023,4/13/2023,4/13/2023,4/13/2023,4/13/2023,4/13/2023,4/13/2023,4/13/2023,4/13/2023,4/13/2023,4/13/2023,4/13/2023,4/13/2023,4/13/2023,4/13/2023,4/13/2023,4/13/2023,4/13/2023,4/13/2023
Start Time,15:38:00,15:41:00,15:44:00,15:47:00,15:50:00,15:53:00,15:56:00,15:59:00,16:02:00,16:05:00,16:08:00,16:11:00,16:14:00,16:17:00,16:20:00,16:23:00,16:26:00,16:29:00,16:32:00,16:35:00,16:38:00,16:41:00,16:44:00,16:47:00,16:50:00,16:53:00,16:56:00
Sample Temp (C),22.1,22.1,22.1,22.1,22.2,22.2,22.2,22.2,22.2,22.2,22.2,22.2,22.2,22.2,22.2,22.2,22.2,22.2,22.2,22.2,22.2,22.2,22.2,22.2,22.2,22.2,22.2
Sample Pressure (kPa),78.9,78.9,78.9,78.9,79.0,78.9,78.9,79.0,79.0,79.0,79.0,79.0,79.0,79.0,79.0,79.0,79.0,79.0,79.0,79.0,79.0,79.0,79.0,79.0,79.0,79.0,79.0
Relative Humidity (%),70.4,71.3,72.2,72.9,73.7,74.3,74.9,75.5,76.0,76.5,77.0,77.4,77.8,78.1,78.5,78.8,79.1,79.4,79.6,79.8,80.1,80.3,80.5,80.6,80.8,81.0,81.2
Mean Free Path (m),8.60729e-008,8.60729e-008,8.60729e-008,8.60729e-008,8.60010e-008,8.61100e-008,8.61100e-008,8.60010e-008,8.60010e-008,8.60010e-008,8.60010e-008,8.60010e-008,8.60010e-008,8.60010e-008,8.60010e-008,8.60010e-008,8.60010e-008,8.60010e-008,8.60010e-008,8.60010e-008,8.60010e-008,8.60010e-008,8.60010e-008,8.60010e-008,8.60010e-008,8.60010e-008,8.60010e-008
Gas Viscosity (Pa*s),1.82815e-005,1.82815e-005,1.82815e-005,1.82815e-005,1.82863e-005,1.82863e-005,1.82863e-005,1.82863e-005,1.82863e-005,1.82863e-005,1.82863e-005,1.82863e-005,1.82863e-005,1.82863e-005,1.82863e-005,1.82863e-005,1.82863e-005,1.82863e-005,1.82863e-005,1.82863e-005,1.82863e-005,1.82863e-005,1.82863e-005,1.82863e-005,1.82863e-005,1.82863e-005,1.82863e-005
Diameter Midpoint (nm)
 16.3,51.229,0.000,77380.226,32212.574,14985.297,8277.316,4951.334,3203.323,2674.419,1939.570,1562.524,1493.228,1380.735,1283.511,1207.640,1006.215,889.553,960.305,726.946,827.644,706.297,686.821,642.407,574.812,593.206,501.388,482.407
 16.8,23.894,35.941,76641.327,32764.803,15766.412,7973.804,4345.413,2638.729,1972.128,1533.657,1163.340,987.257,844.749,683.211,633.966,499.302,634.522,271.338,435.177,346.465,447.063,402.356,308.525,346.332,252.694,227.425,205.311
 17.5,11.185,44.861,76500.637,34608.743,16656.350,8736.365,4626.239,2542.073,1833.322,1205.598,1087.648,776.702,639.427,614.662,338.763,292.031,327.870,293.438,273.544,223.549,188.256,200.020,153.327,176.914,260.099,130.049,120.010
 18.1,0.000,10.527,78771.003,36300.271,17417.995,9158.166,5175.771,2965.559,1988.305,1342.150,933.788,657.427,510.462,385.522,384.630,274.026,252.702,101.261,90.247,187.672,110.397,77.278,88.530,143.861,55.462,88.740,55.462
 18.8,0.000,9.906,79475.541,38589.669,20163.419,11183.856,6163.863,3912.547,2116.669,1616.666,1091.186,614.155,556.932,340.862,259.024,206.189,268.678,174.075,80.851,51.914,83.063,83.063,31.223,83.260,114.755,31.297,20.865
 19.5,9.318,18.682,82824.675,41595.456,20934.946,12375.555,6988.451,4308.054,2744.272,1872.912,1254.189,898.809,637.926,476.294,389.908,281.891,204.607,146.491,170.636,156.625,88.103,48.945,58.872,137.371,78.682,68.847,29.506
 20.2,43.946,17.624,84224.628,42711.257,23503.410,13114.232,8015.579,5315.007,3497.439,2121.553,1628.355,1065.545,868.922,573.830,491.998,320.819,303.193,184.179,170.619,203.071,175.379,129.228,74.018,92.522,55.643,46.369,64.917
 20.9,32.193,16.570,85294.046,44330.676,24450.075,14381.360,8731.293,5394.789,3536.603,2539.091,1643.794,1199.943,862.885,637.470,479.092,503.446,197.443,197.945,194.535,117.804,181.861,167.894,142.227,65.106,67.313,50.879,88.341
 21.7,61.285,38.464,84396.998,45160.164,26499.390,15660.613,9895.808,5935.442,4156.312,2896.482,1964.236,1462.608,1011.922,845.800,650.126,515.842,422.691,271.216,200.114,199.027,174.530,82.385,99.269,79.172,89.563,92.840,94.948
 22.5,28.953,45.457,86260.091,47054.634,28329.699,17337.429,10497.565,7075.594,4812.445,3459.421,2346.095,1704.190,1276.686,804.302,736.989,471.621,431.650,371.733,301.866,279.873,123.545,175.720,154.104,210.656,135.796,98.277,74.621
 23.3,20.330,0.000,85270.180,48936.966,30515.767,17671.484,11109.740,7844.157,5754.133,3936.780,3347.910,2156.206,1679.317,1216.113,894.575,695.136,462.039,534.391,353.905,339.059,324.493,251.761,169.196,173.393,158.044,165.275,92.674
 24.1,51.882,0.000,86998.096,52199.108,31531.671,19970.376,12694.380,9017.889,5797.449,4665.730,3427.597,2573.917,1804.748,1485.968,1077.271,813.639,790.840,572.529,560.311,348.254,333.164,301.257,275.921,245.026,198.625,176.251,105.730
 25.0,41.795,0.000,88118.088,54940.616,33851.031,21534.701,14654.664,10035.621,7355.760,5597.831,3832.239,3061.203,2427.385,1791.618,1279.418,1086.428,957.573,885.028,596.320,473.174,582.176,349.927,252.027,286.956,159.164,252.592,154.017
 25.9,35.269,0.000,89902.610,56511.345,34745.558,23672.087,15831.440,11135.430,8596.613,6104.305,4542.869,3427.274,2948.038,2098.844,1812.955,1516.376,1144.871,954.411,749.974,674.414,619.338,507.972,466.131,381.451,312.284,222.171,302.349
 26.9,44.745,0.000,89408.432,57364.587,38963.426,26453.573,17485.273,12792.639,9335.458,6997.858,5250.004,3584.313,3224.852,2575.857,1978.050,1498.206,1498.112,1260.751,878.381,835.097,759.519,573.566,535.053,465.034,337.525,330.882,335.620
 27.9,29.833,0.000,93642.796,60991.499,41013.359,27934.169,19137.171,13822.237,10216.193,7306.255,6279.084,4890.666,4195.387,3076.332,2540.908,2093.719,1848.642,1545.060,1275.506,974.202,933.775,800.128,672.962,595.657,453.688,557.086,468.010
 28.9,51.325,0.000,95772.550,64007.159,43841.152,30223.754,21237.619,16041.200,12383.220,8957.312,6991.126,5626.746,4499.153,3680.533,3146.367,2586.211,1813.350,1539.860,1535.188,1162.062,953.155,998.587,850.969,567.587,502.757,657.251,436.440
 30.0,62.618,0.000,99009.756,68200.352,47057.327,32598.713,23970.811,17225.575,13063.088,10468.553,8183.022,6072.647,5222.528,4204.435,3376.067,2861.799,2589.490,1966.290,1906.519,1523.048,1285.345,1039.652,1039.203,953.639,807.330,734.540,548.090
 31.1,78.756,0.000,101133.079,70361.927,49450.396,34223.296,26237.353,19763.712,15181.135,11108.366,9538.628,7441.516,6047.153,5013.922,4158.359,3404.174,3043.119,2377.004,1946.077,1829.865,1842.355,1454.254,1221.951,1159.185,1052.005,850.890,734.740
 32.2,37.643,0.000,103374.169,74514.992,52940.986,38947.721,28536.208,21727.495,16906.877,13292.813,10302.747,8802.723,6848.513,5954.224,4874.376,4108.113,3065.554,2953.987,2543.233,2396.441,2096.157,1830.119,1522.637,1430.047,1084.411,1006.886,1023.463
 33.4,34.203,30998.711,109704.363,78100.158,56865.544,41688.296,31497.781,23881.217,18442.338,14755.692,12045.292,9839.449,8114.304,6965.337,5936.870,4954.000,4081.857,3562.247,3059.869,2495.421,2404.330,2008.976,1761.600,1768.856,1266.941,1280.675,1208.179
 34.6,77.064,114217.221,112038.543,80899.217,60205.458,46137.581,35021.534,26662.142,21451.774,16771.151,14088.345,11365.931,9206.788,8020.674,6721.642,5534.251,4787.782,4264.207,3401.777,3243.641,2852.778,2421.608,2320.896,2151.825,1451.310,1503.165,1189.037
 35.9,71.733,216896.229,114145.492,86481.502,64122.708,50159.536,38462.146,29916.176,24084.766,18748.348,16095.220,12918.684,10664.744,9172.780,7565.823,6201.152,5457.154,4855.283,4186.528,3603.938,3161.279,2785.644,2601.784,2167.652,2067.335,1687.316,1586.744
 37.2,85.952,349304.768,119493.608,91749.891,68637.142,53453.735,42851.784,33560.976,26755.683,21120.970,17717.900,15232.133,12030.242,10904.202,9114.005,7875.893,6735.216,5743.734,5167.422,4311.130,3780.264,3396.156,3243.462,2924.339,2393.451,2363.149,1860.084
 38.5,64.687,450900.062,127948.289,97953.176,74536.141,57922.383,45664.072,35993.111,30298.289,24277.147,19391.046,17117.774,13812.016,11752.587,10383.446,8588.916,7562.784,6743.031,6264.519,5028.073,4541.402,4058.053,4039.337,3489.426,2954.517,2428.091,2444.198
 40.0,104.617,490416.513,133812.480,102416.082,79119.911,63625.919,50722.692,40388.683,32713.688,27002.396,22225.020,19879.443,16274.909,14133.722,12390.640,10039.085,9089.044,7966.047,6965.286,6222.060,5053.262,4708.441,4168.588,3932.812,3617.393,3152.533,2842.860
 41.4,51.634,495068.124,140170.037,110345.475,87202.732,70186.556,55321.726,44499.129,35606.671,30845.474,25643.112,22015.135,18804.514,15936.732,13675.460,12437.871,10380.375,9458.936,7945.010,6804.363,6312.952,5549.327,5035.279,4729.674,4407.756,3852.198,3421.117
 42.9,100.820,409394.087,146822.590,117499.197,91036.696,75483.144,60424.972,49732.996,40673.634,34201.920,29088.919,24966.832,20788.676,18370.709,16366.521,13928.794,12332.218,10738.878,9877.274,8646.212,7489.936,6959.224,6273.337,5784.939,4851.541,4642.199,4293.896
 44.5,111.595,289805.022,156094.777,124401.241,101414.039,81212.227,67435.250,55158.641,45650.017,38850.592,32555.794,27939.843,23862.363,20391.572,18518.501,16359.974,14220.995,12072.552,11168.642,9711.506,8833.102,7832.564,6838.641,6277.052,5796.244,5389.496,4838.843
 46.1,93.004,182932.520,165083.252,134583.136,109108.979,90371.980,72801.107,62496.642,50607.123,43555.676,36504.180,30548.743,27341.391,23617.698,20727.506,18712.210,16254.140,14180.235,12770.962,11397.415,9985.840,9383.633,8222.892,7663.052,6920.299,6494.788,5861.258
 47.8,128.306,106966.041,178634.671,143691.247,120174.310,98960.530,79249.479,68378.507,57864.017,48168.570,42220.529,35554.319,31596.843,26930.483,24266.506,21290.955,19348.869,16692.227,15285.876,13466.356,11922.692,11270.986,10014.841,8595.587,7957.062,7759.932,6570.395
 49.6,106.376,51907.668,193177.381,157831.658,131443.932,108819.823,91023.676,79109.218,64011.856,56063.786,47631.300,42056.756,36252.301,31635.403,27987.607,25989.246,22609.500,19526.246,17291.692,16173.685,14002.768,13264.531,11582.502,11095.426,10323.654,8911.864,8585.069
 51.4,141.775,27437.838,209749.077,172519.961,141875.377,119749.897,100750.030,87014.572,71829.252,63117.081,54333.334,46342.220,41339.685,36369.424,33124.055,28930.789,25666.714,22911.368,21347.801,19467.807,17059.642,15725.081,13664.407,13009.454,12545.959,11237.066,10473.988
 53.3,121.146,21395.258,222567.579,184711.368,156106.375,129730.043,109253.801,95961.420,79928.588,70203.793,59672.634,51564.744,46231.611,40909.720,37450.667,32767.811,29706.872,26224.815,23681.439,21939.783,19593.815,18068.015,16580.776,14569.460,14408.485,12723.395,11957.949
 55.2,145.941,32698.647,242263.530,201310.939,168191.426,144197.028,121565.586,105863.798,89006.405,78315.082,64912.234,59629.066,52748.389,47953.423,42072.838,37811.039,34565.898,30158.872,26134.781,25082.750,24129.982,20836.245,19348.452,17264.756,15869.053,14688.246,13458.279
 57.3,135.594,62279.078,260855.183,220447.791,183301.762,153360.886,134375.323,115116.821,98730.558,87690.019,75088.210,66932.228,59636.635,53100.625,46883.777,43042.030,38566.802,35395.024,31786.541,29320.306,27242.087,23838.876,22524.510,20429.944,18969.762,17511.685,16019.183
 59.4,128.765,91139.951,277759.936,239811.452,200549.831,171322.448,145733.243,125731.905,110878.695,95149.593,83976.369,75629.329,66883.095,60761.350,52091.940,47941.965,44744.647,40552.984,35324.503,33019.387,31192.197,27333.781,26214.222,23481.096,21946.419,18956.322,18398.339
 61.5,162.848,129166.668,305371.015,257159.546,214182.952,185405.826,161907.062,133857.441,122176.540,106705.751,93455.464,84921.492,73913.839,67629.022,59578.080,54716.528,50192.760,45174.672,41243.957,37353.983,35504.477,31124.043,29344.624,26528.227,25193.387,22914.792,20733.108
 63.8,150.444,203380.046,326948.511,276110.798,233640.471,202635.668,176117.542,151643.581,135987.558,118573.352,106192.403,94298.491,82817.969,75855.947,65529.323,60307.847,56330.552,52467.622,45930.812,42309.799,39282.985,34556.918,33192.256,30938.383,28412.992,25597.338,24410.044
 66.1,147.650,315686.698,347068.760,299901.347,255224.211,214885.945,193497.992,167383.771,150004.813,131200.984,115282.604,105912.670,91818.804,84788.525,73879.473,66632.782,62570.374,58302.261,52696.983,48176.149,45023.233,40534.720,38016.485,34602.032,31068.895,29680.037,26697.648
 68.5,166.655,442066.517,378926.457,320924.974,271338.769,236179.877,210745.711,182327.030,162598.663,144619.290,127768.320,117064.469,103679.281,92948.199,84558.892,74187.813,70388.930,64357.804,56898.681,53886.779,49393.673,45595.575,42941.788,39249.534,35481.109,33735.714,31195.984
 71.0,149.498,518357.998,385990.456,325412.055,278925.798,241573.565,214137.634,184990.221,166863.354,146635.781,130371.563,119699.372,105804.986,96728.781,86065.765,74452.628,70002.155,65780.737,58529.897,54286.027,49799.122,46338.014,44643.653,40762.332,35786.606,33744.157,31569.336
 73.7,186.475,560418.945,390383.576,336040.392,288392.489,242022.974,221918.992,190867.531,173313.501,149473.035,135833.410,122330.465,110074.712,99036.119,88827.685,79278.260,72688.319,68095.754,59671.546,57118.672,50753.232,48995.552,45137.631,41640.272,36347.618,35932.967,31938.069
 76.4,221.865,586004.315,428647.836,361887.753,302472.823,261997.506,237745.518,211168.963,187822.664,164135.592,151019.018,133770.852,119733.032,108871.294,96811.708,90413.480,81576.876,71200.853,68862.086,62535.414,57864.569,53966.785,50480.864,46166.736,40679.375,39325.926,36131.088
 79.1,174.946,594346.318,447238.715,383319.232,326085.514,286252.150,260051.420,222305.425,203223.514,179770.547,163146.310,144225.931,130002.150,120223.464,109532.017,98819.543,90237.003,82438.930,74971.885,68074.621,63250.348,58622.058,55222.095,51037.054,47139.446,43154.744,39200.902
 82.0,171.166,616946.054,478412.345,401293.282,352273.205,304679.592,276269.648,242169.351,216753.545,192900.859,179408.573,156701.208,140986.845,131950.924,119803.469,108122.923,99630.025,90056.942,83841.568,76439.593,68966.721,65844.623,60086.936,56939.428,51215.864,47237.526,44120.059
 85.1,163.926,679605.009,508423.155,434826.665,381079.194,331884.704,300771.285,266794.097,237604.919,215143.451,193315.247,170457.583,153252.336,144496.144,130710.343,118317.426,107858.714,96889.854,90427.465,84696.233,76598.227,71342.025,66406.928,61737.673,56417.011,53585.541,49571.204
 88.2,200.295,731827.160,540681.460,467422.571,411658.106,362910.298,322987.201,279054.273,257162.007,234308.712,208296.161,186399.997,168367.031,157186.243,142917.418,131017.698,118266.152,109308.019,101947.523,94124.386,82790.868,78779.561,73738.740,70431.050,63476.835,60974.701,54887.842
 91.4,167.506,753497.932,565996.280,493609.782,442594.197,389836.271,345182.114,302680.511,271919.142,255479.885,223815.247,202775.610,185711.546,171920.836,158227.203,143384.975,129772.446,120930.668,109073.088,102783.745,92893.407,85871.136,82368.035,76088.252,69334.032,66799.086,59546.360
 94.7,193.982,778344.205,595039.084,513648.222,470441.174,416892.922,369581.870,327288.316,296490.077,271166.322,240913.052,220485.516,201846.612,186796.713,173024.134,155471.288,137061.330,129906.949,119737.584,111649.112,103026.443,93304.919,90304.093,84755.801,75798.540,72334.693,66970.829
 98.2,209.043,778630.769,631983.925,551695.993,499135.779,443328.166,395959.772,349833.669,318312.671,293724.233,263257.169,237546.407,219239.462,201976.047,185614.450,171189.802,152772.531,139768.956,131588.885,123032.312,110047.937,104263.385,96786.455,92495.164,82836.983,79907.341,72510.416
101.8,187.802,796059.117,661949.339,582786.824,529368.355,470831.402,421613.061,377948.198,341622.125,313825.424,278100.337,260445.520,234973.499,216779.335,199928.692,185232.064,165997.330,154894.694,143945.597,132429.420,121507.481,113861.060,104912.512,99553.048,92594.873,87741.670,77979.803
105.5,159.051,806897.525,689510.148,607255.712,552597.713,494199.314,452830.550,405607.465,369542.369,330382.411,301170.947,273540.875,249570.201,232836.304,214185.800,197982.014,179445.631,167219.985,154999.008,145923.719,134657.830,125779.145,116252.413,106938.837,101112.309,95122.965,86384.043
109.4,145.209,813575.270,714533.256,644475.256,581070.961,520249.076,477996.809,430848.008,386341.401,354712.620,320914.169,292071.223,267819.136,247787.305,229180.843,211398.043,193989.434,179333.490,166398.215,156282.238,143911.950,134547.269,125279.207,117195.346,107221.870,101944.425,93406.501
113.4,162.246,840327.944,734665.936,667387.073,602270.313,542967.800,498332.303,449304.863,409356.184,372603.453,333581.613,311450.842,284351.983,260663.750,238919.484,224902.265,207202.737,194453.622,178186.419,165244.919,153150.386,142211.338,133987.175,123975.661,117204.176,109478.965,101059.023
117.6,201.489,861329.764,757950.281,685508.616,624205.714,563033.249,522310.431,469819.329,426845.429,390438.406,354611.293,330790.350,302552.579,274817.798,256318.700,238480.368,220181.213,204919.649,191562.702,178572.384,162677.482,152252.144,142391.736,132986.764,124262.903,117539.253,109477.377
121.9,167.643,884708.493,769741.240,697567.939,640990.147,578607.170,535742.431,485905.725,441996.135,406466.390,373547.532,345434.345,313377.791,290548.892,270979.621,250238.497,231480.154,213268.419,200247.789,186871.276,172243.466,160836.892,150815.654,139698.932,131777.455,123362.113,116200.808
126.3,161.542,902797.379,779557.675,713480.888,651620.587,596078.869,550526.194,498914.883,457929.085,420019.097,382715.150,356464.893,326093.350,303613.729,279937.031,261381.831,243617.360,225360.884,208669.733,197360.521,181741.712,168468.665,161340.935,148283.986,138767.818,130334.549,122727.303
131.0,162.173,915700.197,790122.075,716889.655,661136.238,606638.203,557609.412,510090.441,468194.771,433434.389,394616.006,368039.719,337648.086,315711.992,293657.161,271226.191,252651.911,235822.102,217627.011,203585.245,189145.099,178249.603,164791.438,153504.862,145233.736,134957.408,127901.310
135.8,155.579,918945.123,781087.855,713804.616,663025.502,613940.825,564972.284,515532.530,473776.904,438611.332,406800.386,374406.944,344233.636,321347.784,299480.286,279959.231,258558.215,243068.165,226629.642,213638.529,197926.070,184228.074,171258.787,159958.889,151787.816,141164.412,133053.361
140.7,180.275,909323.125,767528.856,707161.653,654683.836,610479.173,563878.856,518769.471,477535.183,439911.974,410665.100,383243.271,347991.203,328311.799,304391.212,285495.099,264268.932,246068.336,232106.764,216820.239,200433.142,188916.967,176549.650,165513.579,156615.036,144308.481,137380.510
145.9,154.334,897377.551,756976.240,699242.459,653373.103,601540.893,559237.534,514822.881,472685.211,443550.278,409918.952,381373.522,352420.108,330823.019,305438.131,287418.973,267861.364,250875.425,233306.485,221038.683,206531.512,192098.618,178779.039,167269.784,157164.181,147892.317,139696.784
151.2,124.143,878477.885,734572.544,687861.750,636904.828,590483.314,552853.420,511033.764,470641.245,440366.548,407065.877,382114.444,354508.179,331446.244,305860.768,287865.017,268702.437,252032.403,234768.944,221921.505,207462.371,193792.962,182003.015,171125.162,159147.281,151332.222,140485.602
156.8,120.349,860972.407,705489.033,661637.897,610052.651,571821.721,534559.867,496866.204,460932.372,431893.611,399317.641,377355.011,351111.920,325088.209,306691.962,288026.780,266963.919,250023.576,233069.227,220774.024,206399.494,189996.630,182763.441,171141.954,159079.019,148000.765,140430.967
162.5,139.199,838095.431,672650.612,626682.092,587254.632,548721.933,515535.901,477832.929,447537.907,420005.959,390991.704,366203.596,343141.201,317775.609,297907.379,281128.876,263590.362,247551.486,230952.699,217269.508,201155.468,188132.393,179791.446,168054.847,158320.576,148289.815,139488.617
168.5,105.907,789271.099,625635.393,586805.789,553801.232,520023.075,490080.947,458212.292,426252.112,401167.787,375594.612,353229.148,329779.980,309101.354,289895.167,270505.785,255753.904,239657.473,225288.728,205491.439,197142.980,186462.695,175255.583,164802.631,153842.419,146637.442,137540.750
174.7,109.647,720209.950,580601.234,544455.994,518079.108,489908.417,456097.879,433378.976,403135.734,379611.928,356511.699,336280.994,314045.146,296637.845,278099.230,260153.859,245681.480,230721.782,215715.165,205392.625,191775.026,180068.051,171169.658,160464.231,149901.698,140569.989,134291.262
181.1,84.836,636994.620,524732.981,503449.386,473553.370,450240.236,424748.384,400592.816,376412.840,353641.346,333903.218,315007.231,295889.392,280060.018,262944.651,245460.761,230740.341,218030.603,204147.310,193629.214,180962.755,171563.664,164400.411,151945.364,142465.178,134960.119,126414.765
187.7,70.342,555454.677,474200.065,457310.231,431228.891,409928.107,387702.773,367359.065,346080.898,328373.548,307383.243,292235.125,274482.628,259541.474,243100.238,230699.237,215420.597,205519.074,190897.605,182197.376,170554.989,161625.714,152771.137,143397.608,134511.221,126328.610,119997.138
194.6,67.053,471185.651,418941.424,404925.192,381714.528,364580.484,345317.795,331857.830,314607.248,298984.359,277950.570,265798.673,249645.326,238233.272,223278.501,207235.148,197536.578,189030.402,176687.807,167266.919,157879.630,148782.950,139996.066,132899.849,125326.311,117895.366,111317.858
201.7,68.313,398700.076,366849.213,349401.148,335308.391,323230.590,308305.405,291801.683,279870.355,265499.196,250102.423,240570.369,223250.191,213168.932,200797.074,190933.548,179190.845,171254.678,160890.688,153113.349,142478.254,135335.980,128177.953,121107.591,114499.323,108193.561,102184.403
209.1,89.856,331062.654,312475.989,303368.462,287687.356,277173.781,266356.980,254238.248,242655.403,230419.672,218405.323,209249.237,197212.878,189408.766,176286.729,167868.101,158136.626,151037.685,141787.744,134670.566,126891.426,119867.492,115182.004,106927.900,101240.744,96276.658,91107.062
216.7,72.506,270069.183,260150.945,253495.931,243018.213,234991.685,226982.338,218325.628,208122.581,197899.377,186989.109,180566.569,170442.307,164204.111,154094.460,145987.849,138802.553,132030.162,124062.165,118222.037,110461.090,106137.324,100486.155,94938.500,89159.539,84511.921,79708.421
224.7,51.651,220051.637,214337.456,207575.866,200659.153,195110.859,188455.391,183229.859,171145.882,165661.037,158502.449,151122.813,145896.263,139909.925,130687.029,124161.575,118557.860,112271.287,106126.660,101888.471,93872.724,90263.191,86559.700,81915.316,77842.332,73020.664,68509.473
232.9,38.023,174952.421,170453.653,165556.264,163399.314,157340.265,152813.801,146854.128,140733.774,136311.419,131017.764,123427.454,121113.903,117015.342,109029.554,103298.207,99135.008,93002.281,89004.755,84829.798,79034.459,75262.967,71812.967,69792.641,65401.167,61162.033,58471.381
241.4,54.474,135928.913,133477.542,131502.331,128641.888,124323.131,121977.525,116514.646,112495.926,108493.375,105213.869,99594.511,97022.105,94370.229,88331.141,84006.182,81071.647,76475.748,72390.897,69519.036,64117.122,62337.031,58949.488,56678.367,53108.213,50334.119,48264.442
250.3,31.175,103756.494,102287.263,101420.376,99339.271,96577.723,93804.658,90371.200,86187.851,85569.243,82036.031,78410.529,74990.936,73499.901,68917.044,66729.217,63149.943,60977.612,58744.694,55927.237,51325.604,49105.976,46253.782,45267.590,41967.480,40101.642,38547.140
259.5,28.059,75546.145,75442.660,76828.842,74130.449,72680.549,70963.287,69045.453,66838.978,64615.361,61713.383,60873.900,58066.018,56776.618,52285.640,51621.827,49118.891,47282.132,45462.485,43719.128,41471.840,39447.609,35931.137,35623.044,33329.992,32009.532,30412.819
269.0,42.252,54977.590,55100.833,55412.286,54218.323,52658.053,52190.186,50251.075,48836.047,47145.955,46005.973,44862.061,42897.452,41695.100,39910.510,38294.475,36428.039,35394.565,34304.545,32905.457,30877.449,29519.919,27542.414,27062.274,25337.569,23903.850,23216.407
278.8,34.582,37855.228,38219.661,38180.631,38354.447,37047.619,36644.047,36102.690,34904.956,33679.851,34306.548,32070.591,31448.675,30248.132,28629.785,27773.256,26771.475,25544.489,24991.900,23785.247,22477.230,21422.949,20369.905,19483.375,18522.847,17546.881,16558.901
289.0,43.655,25642.377,26689.999,26197.904,25790.230,25406.523,24978.503,25094.215,24900.609,24006.352,24187.491,22354.604,21888.774,20845.389,20181.564,19231.894,18830.266,17876.718,17247.497,16494.058,16645.272,15688.848,14185.848,14094.312,13013.296,12530.313,12204.323
299.6,11.414,17103.674,16819.613,17317.668,17207.892,16911.954,16929.362,16676.623,16494.534,15611.184,16312.972,14818.800,14614.240,13947.002,13661.132,13061.080,12468.461,12254.544,11728.055,11579.276,11322.771,10694.145,9540.886,9445.473,9684.551,8827.359,8300.839
310.6,11.045,10504.518,10598.392,10762.032,10812.968,10992.245,10992.594,10882.774,10409.894,9895.468,10608.353,10061.106,9440.317,9415.005,9136.089,8695.890,8119.365,7944.905,7905.428,7313.365,7242.446,6972.280,6378.249,6402.851,6332.239,5781.791,5692.810
322.0,18.585,6709.431,6596.353,6785.728,6601.642,6542.303,6724.603,6637.503,6573.453,6433.675,6698.924,6308.062,6253.713,5841.715,5745.093,5558.869,5328.164,5165.795,5128.183,4872.506,4537.127,4819.478,4237.491,3945.012,3976.298,3632.901,3531.973
333.8,8.077,3819.711,3859.972,4246.218,4041.214,3699.771,4083.629,4135.749,3765.176,3925.474,3908.035,3735.850,3542.742,3609.686,3352.641,3351.607,3364.100,3259.543,3041.989,2917.692,2898.455,2792.448,2689.040,2491.559,2563.129,2185.533,2344.348
346.0,16.396,2140.547,2411.854,2264.963,2136.389,2419.335,2255.507,2650.569,2306.365,2222.207,2153.093,2136.308,2118.755,2212.423,2028.378,1851.564,1864.519,1894.829,1837.827,1630.808,1656.450,1716.699,1552.810,1563.026,1491.300,1277.427,1307.393
358.7,11.098,1234.759,1245.345,1301.201,1268.373,1274.254,1237.963,1403.455,1377.868,1320.918,1273.278,1198.900,1303.808,1244.045,1097.575,1054.985,1133.612,996.826,1036.694,935.955,981.767,971.802,860.958,738.100,763.800,787.059,764.720
371.8,8.453,724.846,745.422,716.322,767.156,674.697,677.838,717.247,731.721,717.124,662.145,662.878,625.711,689.194,590.391,591.589,592.613,565.338,593.293,530.759,490.991,483.800,533.088,443.407,471.328,498.183,436.466
385.4,7.330,309.986,454.474,382.046,424.753,426.224,419.485,371.123,391.674,365.595,387.462,351.078,328.576,323.985,348.615,296.610,370.130,382.660,344.068,268.364,295.438,314.209,322.203,197.628,236.036,235.483,213.966
399.5,1.270,149.061,209.440,242.720,205.341,0.000,205.096,187.463,140.009,184.406,161.308,202.696,193.228,181.848,190.883,171.655,184.670,152.723,175.271,218.596,124.130,120.553,151.353,164.385,114.965,128.063,128.533
414.2,11.760,149.308,142.049,122.160,135.291,17.620,101.030,110.641,109.177,123.670,133.199,112.460,135.072,130.282,100.664,115.549,74.662,97.620,119.120,93.059,84.541,77.058,67.313,66.990,71.875,103.697,84.888
429.4,5.979,92.856,82.368,93.423,75.380,97.226,74.557,85.405,67.241,85.930,67.653,58.125,74.344,70.975,64.958,70.807,80.774,62.262,84.071,37.435,43.674,62.391,68.735,43.728,31.324,46.986,46.986
445.1,6.080,63.974,49.508,67.429,70.015,68.672,67.318,80.657,93.255,37.454,50.041,63.108,65.947,38.144,53.962,54.321,44.235,41.161,25.329,44.417,25.381,29.764,39.386,34.971,22.300,33.119,19.114
461.4,3.093,65.086,56.969,60.108,51.506,46.455,43.377,28.405,31.625,47.630,50.910,29.931,51.119,23.693,28.871,28.871,38.574,19.327,41.875,32.279,29.050,35.654,21.385,19.407,35.652,27.503,20.875
478.3,0.000,66.240,45.790,37.204,41.206,38.161,22.227,19.272,22.530,29.085,35.621,40.926,32.515,24.759,19.589,32.648,19.629,26.394,19.669,16.425,33.038,21.779,23.042,6.583,23.089,30.079,28.233
495.8,0.000,51.482,38.415,41.742,19.556,39.082,22.923,12.999,32.565,17.124,26.212,39.398,19.739,19.780,23.123,29.730,19.861,13.098,23.218,13.295,19.752,23.076,13.322,9.992,20.025,13.350,10.012
514.0,3.243,32.075,35.859,42.507,16.414,42.856,23.123,33.095,23.214,39.168,13.346,16.717,23.452,20.143,13.456,20.183,16.854,6.755,6.755,23.693,13.539,16.923,27.133,6.784,13.595,6.797,10.196
532.8,3.304,46.352,36.531,29.979,23.409,28.408,23.556,16.857,180.770,30.529,23.793,10.218,23.891,20.520,20.561,13.707,24.037,13.764,20.646,13.792,10.344,6.896,10.366,20.731,3.462,8.857,17.311
552.3,0.000,47.238,47.383,37.342,27.265,15.541,34.294,24.052,120.748,26.219,17.320,13.884,13.913,17.426,10.477,17.462,6.999,28.054,7.013,14.056,7.028,11.350,3.521,17.606,7.057,8.616,14.114
572.5,0.000,58.481,58.659,13.844,13.898,27.915,20.978,31.526,69.169,22.610,3.532,31.850,10.638,21.320,14.242,14.242,10.703,21.451,3.575,21.495,14.330,6.341,0.000,3.590,8.352,10.792,22.742
593.5,0.000,47.359,20.973,31.555,7.040,12.751,12.787,10.646,63.000,9.424,17.888,3.585,14.369,25.198,14.428,10.821,3.614,7.244,3.622,3.629,0.000,0.000,0.000,7.273,9.760,10.933,6.115
615.3,0.000,65.458,32.097,10.731,23.811,21.685,8.637,25.343,54.418,30.454,18.251,7.315,7.330,7.345,7.360,7.360,14.750,29.561,13.525,3.703,0.000,18.514,3.710,14.841,7.436,3.718,3.718
637.8,0.000,54.436,47.322,36.511,34.345,30.846,7.377,14.782,29.623,14.872,22.354,11.200,11.223,18.743,22.537,7.512,15.055,22.629,8.824,7.559,3.779,3.779,3.787,3.788,3.795,5.060,15.180
661.2,0.000,58.871,18.453,65.344,26.015,28.565,6.189,26.227,48.806,22.617,30.219,11.355,18.964,11.402,7.616,7.616,0.000,19.119,15.295,3.832,7.664,10.247,7.680,3.839,7.695,6.412,7.695
685.4,0.000,75.170,37.699,27.786,34.166,35.630,12.779,26.790,30.680,23.104,25.856,7.733,15.497,23.293,3.890,11.670,23.388,23.436,23.437,11.742,11.742,5.189,3.922,19.611,11.790,0.000,7.861
710.5,0.000,83.880,38.243,23.015,15.404,624.155,23.250,27.177,19.451,7.812,16.827,15.688,7.860,15.753,11.839,31.570,27.680,19.812,7.925,11.912,7.941,63.530,19.894,3.979,11.961,11.961,7.974
Scan Time (s),155,155,155,155,155,155,155,155,155,155,155,155,155,155,155,155,155,155,155,155,155,155,155,155,155,155,155
Retrace Time (s),4,4,4,4,4,4,4,4,4,4,4,4,4,4,4,4,4,4,4,4,4,4,4,4,4,4,4
Scan Resolution (Hz),50,50,50,50,50,50,50,50,50,50,50,50,50,50,50,50,50,50,50,50,50,50,50,50,50,50,50
Scans Per Sample,1,1,1,1,1,1,1,1,1,1,1,1,1,1,1,1,1,1,1,1,1,1,1,1,1,1,1
Sheath Flow (L/min),3.000,3.000,3.000,3.000,3.000,3.000,3.000,3.000,3.000,3.000,3.000,3.000,3.000,3.000,3.000,3.000,3.000,3.000,3.000,3.000,3.000,3.000,3.000,3.000,3.000,3.000,3.000
Aerosol Flow (L/min),1.01,1.00,1.00,0.999,0.997,0.995,0.994,0.993,0.992,0.990,0.989,0.988,0.987,0.986,0.985,0.985,0.984,0.983,0.983,0.982,0.982,0.982,0.981,0.981,0.980,0.980,0.980
Bypass Flow (L/min),0.00,0.00,0.00,0.00,0.00,0.00,0.00,0.00,0.00,0.00,0.00,0.00,0.00,0.00,0.00,0.00,0.00,0.00,0.00,0.00,0.00,0.00,0.00,0.00,0.00,0.00,0.00
Low Voltage (V),10.82,10.82,10.82,10.82,10.83,10.81,10.81,10.83,10.83,10.83,10.82,10.82,10.82,10.82,10.82,10.82,10.82,10.82,10.82,10.82,10.82,10.82,10.82,10.82,10.82,10.82,10.82
High Voltage (V),9190.22,9191.45,9192.07,9192.99,9197.62,9195.80,9196.42,9199.17,9199.48,9199.79,9200.41,9200.72,9201.03,9201.34,9201.65,9201.96,9201.96,9202.27,9202.58,9202.58,9202.90,9202.90,9202.90,9203.21,9203.21,9203.52,9203.52
Lower Size (nm), 16.0, 16.0, 16.0, 16.0, 16.0, 16.0, 16.0, 16.0, 16.0, 16.0, 16.0, 16.0, 16.0, 16.0, 16.0, 16.0, 16.0, 16.0, 16.0, 16.0, 16.0, 16.0, 16.0, 16.0, 16.0, 16.0, 16.0
Upper Size (nm),723.4,723.4,723.4,723.4,723.4,723.4,723.4,723.4,723.4,723.4,723.4,723.4,723.4,723.4,723.4,723.4,723.4,723.4,723.4,723.4,723.4,723.4,723.4,723.4,723.4,723.4,723.4
Density (g/cm³),1.0,1.0,1.0,1.0,1.0,1.0,1.0,1.0,1.0,1.0,1.0,1.0,1.0,1.0,1.0,1.0,1.0,1.0,1.0,1.0,1.0,1.0,1.0,1.0,1.0,1.0,1.0
td + 0.5 (s),1.53,1.53,1.53,1.53,1.53,1.53,1.53,1.53,1.53,1.53,1.53,1.53,1.53,1.53,1.53,1.53,1.53,1.53,1.53,1.53,1.53,1.53,1.53,1.53,1.53,1.53,1.53
tf (s),6.20,6.20,6.20,6.21,6.21,6.21,6.21,6.22,6.22,6.22,6.22,6.22,6.22,6.23,6.23,6.23,6.23,6.23,6.23,6.23,6.23,6.23,6.23,6.23,6.24,6.24,6.24
D50 (nm),719.1,719.9,721.2,722.0,723.0,723.7,724.1,724.6,725.0,725.8,726.3,726.7,727.1,727.5,727.9,727.9,728.3,728.7,728.7,729.2,729.2,729.2,729.6,729.6,730.0,730.0,730.0
Neutralizer Status,ON,ON,ON,ON,ON,ON,ON,ON,ON,ON,ON,ON,ON,ON,ON,ON,ON,ON,ON,ON,ON,ON,ON,ON,ON,ON,ON
Median (nm),86.577,114.390,110.374,115.152,118.672,121.752,123.919,126.243,127.823,129.476,131.083,132.397,133.613,134.587,135.402,136.379,137.313,138.100,138.738,139.288,139.979,140.484,140.879,141.353,141.850,141.981,142.705
Mean (nm),101.554,118.524,113.347,118.259,121.983,125.101,127.486,129.807,131.512,133.176,134.748,136.053,137.329,138.357,139.189,140.152,141.026,141.849,142.561,143.129,143.676,144.305,144.553,145.097,145.709,145.823,146.536
Geo. Mean (nm),83.573,107.001,97.984,104.233,108.972,112.730,115.668,118.282,120.254,122.159,123.848,125.321,126.681,127.789,128.756,129.815,130.696,131.593,132.358,132.975,133.533,134.188,134.500,135.017,135.694,135.845,136.572
Mode (nm),76.351,135.773,130.975,130.975,135.773,135.773,135.773,140.746,140.746,145.902,140.746,140.746,151.247,151.247,156.788,156.788,151.247,151.247,151.247,151.247,151.247,151.247,156.788,156.788,151.247,151.247,151.247
Geo. Std. Dev.,1.895,1.608,1.803,1.723,1.666,1.628,1.597,1.578,1.562,1.549,1.540,1.530,1.524,1.517,1.511,1.505,1.503,1.498,1.494,1.491,1.490,1.487,1.485,1.484,1.481,1.479,1.477
Total Conc. (#/cm³),1.285344e+002,4.419105e+005,4.019608e+005,3.505274e+005,3.114924e+005,2.789567e+005,2.535744e+005,2.289889e+005,2.088124e+005,1.917216e+005,1.752843e+005,1.620806e+005,1.488615e+005,1.386766e+005,1.280778e+005,1.189618e+005,1.103014e+005,1.029274e+005,9.569543e+004,8.979615e+004,8.318022e+004,7.787943e+004,7.325632e+004,6.856489e+004,6.389666e+004,6.010829e+004,5.620926e+004
Title,,,,,,,,,,,,,,,,,,,,,,,,,,,
User Name,VanceLab,VanceLab,VanceLab,VanceLab,VanceLab,VanceLab,VanceLab,VanceLab,VanceLab,VanceLab,VanceLab,VanceLab,VanceLab,VanceLab,VanceLab,VanceLab,VanceLab,VanceLab,VanceLab,VanceLab,VanceLab,VanceLab,VanceLab,VanceLab,VanceLab,VanceLab,VanceLab
Sample ID,,,,,,,,,,,,,,,,,,,,,,,,,,,
Instrument ID,,,,,,,,,,,,,,,,,,,,,,,,,,,
Lab ID,,,,,,,,,,,,,,,,,,,,,,,,,,,
Leak Test and Leakage Rate,,,,,,,,,,,,,,,,,,,,,,,,,,,
Instrument Errors,Normal Scan,Normal Scan,Normal Scan,Normal Scan,Normal Scan,Normal Scan,Normal Scan,Normal Scan,Normal Scan,Normal Scan,Normal Scan,Normal Scan,Normal Scan,Normal Scan,Normal Scan,Normal Scan,Normal Scan,Normal Scan,Normal Scan,Normal Scan,Normal Scan,Normal Scan,Normal Scan,Normal Scan,Normal Scan,Normal Scan,Normal Scan
Comment,,,,,,,,,,,,,,,,,,,,,,,,,,,
