Sample File,C:\Users\vancelab\Desktop\Chamber\Raw data\Chamber_Water_SMPS_AgedSmoke_LRH_20230516_dryerNodryer.S80
Classifier Model,3071
DMA Model,3081
DMA Inner Radius(cm),0.00937
DMA Outer Radius(cm),0.01961
DMA Characteristic Length(cm),0.44369
CPC Model,3788 High Flow
Reference Gas Viscosity (Pa*s),1.83245e-005
Reference Mean Free Path (m),6.73e-008
Reference Gas Temperature (K),296.15
Reference Gas Pressure (kPa),101.3
Channels/Decade,64
Multiple Charge Correction,FALSE
Nanoparticle Aggregate Mobility Analysis,FALSE
Diffusion Correction,TRUE
Gas Density,0.0012
Units,dw/dlogDp
Weight,Number
Sample #,1,2,3,4,5,6,7,8,9,10,11,12,13,14,15,16,17,18,19,20,21,22,23,24,25,26,27,28,29,30,31,32,33,34,35,36,37,38
Date,05/16/23,05/16/23,05/16/23,05/16/23,05/16/23,05/16/23,05/16/23,05/16/23,05/16/23,05/16/23,05/16/23,05/16/23,05/16/23,05/16/23,05/16/23,05/16/23,05/16/23,05/16/23,05/16/23,05/16/23,05/16/23,05/16/23,05/16/23,05/16/23,05/16/23,05/16/23,05/16/23,05/16/23,05/16/23,05/16/23,05/16/23,05/16/23,05/16/23,05/16/23,05/16/23,05/16/23,05/16/23,05/16/23
Start Time,10:00:00,10:03:00,10:06:00,10:09:00,10:12:00,10:15:00,10:18:00,10:21:00,10:24:00,10:27:00,10:30:00,10:33:00,10:36:00,10:39:00,10:42:00,10:45:00,10:48:00,10:51:00,10:54:00,10:57:00,11:00:00,11:03:00,11:06:00,11:09:00,11:12:00,11:15:00,11:18:00,11:21:00,11:24:00,11:27:00,11:30:00,11:33:00,11:36:00,11:39:00,11:42:00,11:45:00,11:48:00,11:51:00
Diameter Midpoint
 16.3,0,0,0,48764.7,11547.2,3541.88,1347.03,772.388,272.575,88.5683,31.1058,0,31.1058,0,0,0,0,0,0,0,0,0,0,0,0,0,0,31.1058,0,0,0,0,0,0,0,0,0,0
 16.8,0,0,0,52971.8,13443.8,3819.38,1345.9,910.483,236.158,194.694,87.6335,58.4224,58.4224,29.2112,0,0,0,0,0,0,0,0,0,0,0,0,0,0,0,0,0,0,0,0,29.2112,0,0,0
 17.5,0,0,0,56813.9,15216.6,5340.74,1677.71,880.07,561,201.704,38.5191,148.515,82.4969,27.499,27.499,54.998,0,0,0,0,0,0,0,0,0,0,0,0,0,0,0,27.499,0,0,219.992,0,0,0
 18.1,0,0,0,63192,16353.1,6186.67,2457.97,1324.63,715.18,259.13,196.92,122.344,25.913,25.913,0,29.0767,0,51.826,25.913,51.826,0,0,0,0,0,25.913,0,0,0,0,0,25.913,0,0,498.675,0,0,0
 18.8,0,0,0,68137.4,20224.2,7723.51,3027.67,1340.78,773.212,485.861,315.81,239.965,165.885,93.006,48.5861,69.9132,0,0,0,24.2931,0,0,0,0,48.5861,0,0,0,0,0,0,0,0,0,625.688,24.2931,0,0
 19.5,0,0,0,71625.2,20649.5,9234.64,3904.92,1899,922.189,562.332,355.924,195.385,84.6474,210.341,45.8683,45.8683,68.8025,45.8683,0,0,0,0,0,0,0,0,22.9342,0,0,0,22.9342,0,0,0,551.309,0,0,0
 20.2,0,0,0,74931.5,24093.7,10438,4710.82,2453.39,1416.16,651.482,556.386,227.121,205.45,65.0116,65.0116,108.353,43.3411,43.3411,65.0116,0,86.6822,43.3411,0,21.6705,4.20689,0,0,0,0,0,0,0,0,0,679.36,0,0,0
 20.9,0,0,0,78264.8,27008.4,11579.9,5183.26,2952.14,1602.04,784.329,481.833,204.948,286.927,81.9791,81.9791,20.4948,78.9478,61.4843,58.453,20.4948,20.4948,0,20.4948,20.4948,16.5161,0,20.4948,0,20.4948,0,0,0,0,0,676.74,0,0,0
 21.7,0,0,0,82301.6,29035.4,12407.5,6153.43,3797.6,2017.14,1070.76,782.022,524.087,378.571,135.949,87.2523,97.1063,99.9789,116.528,61.1363,135.949,0,38.8425,0,19.4213,0,38.8425,19.4213,0,19.4213,0,19.4213,19.4213,38.8425,0,613.549,19.4213,0,0
 22.5,0,0,0,84732.4,32529.5,15772.8,8149.69,4036.72,2367.25,1377.44,1039.46,590.304,472.438,133.31,304.371,276.577,92.1925,36.877,75.8744,73.754,0,110.631,18.4385,36.877,0,18.4385,0,0,0,0,0,0,0,0,797.096,0,0,0
 23.3,0,0,0,88052.9,35716.6,16747.7,9396.91,5457.55,3122.75,1837.74,1433.2,903.826,491.229,494.145,205.291,135.217,205.291,152.736,168.239,70.074,105.111,17.5185,12.5876,0,47.6246,35.037,17.5185,0,0,70.074,47.6246,0,0,0,611.844,17.5185,17.5185,0
 24.1,0,0,0,91000.1,39772.4,19954.2,10323.1,6149.87,3349.24,2230.34,1575.49,1170.06,465.444,505.529,213.796,351.541,253.532,120.806,92.6422,104.563,66.3634,165.908,87.624,66.3634,21.2606,16.5908,121.154,33.1817,16.5908,33.1817,21.2606,0,0,0,427.244,33.1817,16.5908,0
 25.0,0,0,0,94648.6,42171.8,21768.3,12028.7,7393.44,4716.23,2862.32,2249.69,1175.09,1044.83,701.273,692.349,501.793,375.776,303.954,258.026,88.094,158.341,142.507,140.386,77.0492,47.5023,79.1704,58.547,110.839,31.6682,29.547,15.8341,15.8341,15.8341,0,252.69,0,15.8341,0
 25.9,0,0,0,99693,45762.5,24739.4,13692.9,9683.17,5334.44,3582.96,2662.62,1345.39,1256.61,978.64,755.139,748.312,461.5,360.259,254.416,189.823,136.211,127.258,92.8347,107.969,105.942,60.5381,81.8539,21.3158,30.2691,47.4311,51.5849,15.1345,15.1345,66.7194,213.911,0,15.1345,15.1345
 26.9,0,0,0,103325,48939,27770.1,15683.1,9709.2,6689.21,4884.62,3242.17,2231.84,1549.94,1255.15,1008.73,824.091,643.473,417.015,355.215,269.328,304.217,225.868,259.726,128.316,114.861,158.32,109.976,167.922,101.406,14.4865,66.5161,43.4596,43.4596,52.0296,86.9192,14.4865,14.4865,0
 27.9,0,0,202.392,106587,51225.5,29898.2,18454.2,11203.5,7385.89,5836.84,4284.73,2593.03,1964.73,1711.26,1167.79,1202.01,824.613,641.921,445.245,515.111,294.897,322.424,150.348,90.4072,116.954,262.483,267.37,135.604,82.58,115.974,88.4471,33.3938,55.0533,41.29,137.633,27.5267,41.29,55.0533
 28.9,0,0,42652.3,109333,54664.6,33406.5,20574.7,13396.7,9582.15,6283.58,4611.7,3891.09,2847.62,2153.08,1618.41,1136.73,1225.31,780.484,666.166,582.303,440.935,555.879,410.2,269.178,255.966,224.605,164.803,200.128,184.969,150.27,59.1068,86.8522,64.7389,91.163,221.962,39.6361,50.2057,51.5269
 30.0,0,0,155120,110373,60093.6,37195.4,23325.3,16158.7,11012.1,7692.83,5931.01,4251.18,3473.03,2532.95,1906.44,1572.76,1424.86,1077.92,987.247,821.656,532.625,754.294,493.585,443.88,456.473,222.878,202.754,260.658,176.308,166.233,178.159,62.967,177.567,139.787,90.6726,75.5604,90.6726,56.028
 31.1,0,0,327326,112629,64934.4,39065.5,26002.3,18172.7,13108.1,9360.61,6708.52,5021.56,3878.83,3235.76,2478.08,1933.62,1494.2,1453.79,1187.74,1031.64,881.969,665.662,635.721,517.846,360.282,252.669,355.332,419.594,312.37,382.332,253.958,278.768,142.685,176.286,169.685,142.685,79.323,129.094
 32.2,0,0,1.03887e+006,118461,69851.9,43922.2,29366.5,21130.9,15065,10532.8,8540.3,6179.82,5057.88,4211.63,2833.82,2851.17,2249.67,1850.74,1530.91,1348.69,1233.88,907.5,766.52,851.367,732.614,548.425,416.708,442.036,450.369,347.926,319.252,321.224,230.459,252.529,181.088,251.843,262.234,221.882
 33.4,0,0,1.99725e+006,124800,72005.9,47205.5,32663,23708.7,17420.1,12765.7,9714.02,7537.43,6097.24,5137.99,3483.74,3244.58,2815.16,2583.85,2026.21,1454.25,1427.47,1216.29,1039.18,956.27,790.492,868.736,571.756,559.535,462.214,539.613,484.569,538.57,386.402,289.579,252.269,147.546,152.168,196.033
 34.6,0,0,1.92752e+006,128478,79784.3,51425.2,36635.6,27038.4,19419.7,15273.1,11920.7,9717.35,7518.93,5964.94,4820.37,4381.58,3382.44,3002.3,2441.89,2291.84,2054.19,1691.36,1322.33,1138.01,1029.82,1016.39,781.058,811.306,872.399,670.765,466.181,562.009,451.214,505.184,402.766,357.237,294.293,318.015
 35.9,0,0,1.28327e+006,131661,84399.7,56741.8,38247.2,28984,22924.7,17517.5,14554,10923.7,8304.98,7053.96,5850.38,5005.61,4154.15,3723.67,3132.82,2623.55,2589.87,1939.89,1992.98,1761.21,1543.32,1225.37,1041.56,1071.95,745.695,950.323,736.057,690.047,545.719,644.784,498.989,504.869,462.856,449.285
 37.2,0,0,804521,141540,89959.6,63550.5,46090.3,34382.1,26107.7,20847.3,16433.8,13432.9,10580.9,9146.6,7259.66,6007.16,5813.65,4678.18,3938.37,3486.65,2987.84,2799.61,2379.46,2092.57,2139.26,1897.46,1562.94,1682.39,1350.72,1044.7,910.036,792.053,990.624,913.492,674.577,713.916,574.349,600.961
 38.5,0,0,573651,150694,97916.3,67242,52250.9,38989.1,29793.1,23146.5,19749.7,15864.5,13081.5,9975.85,9280.99,7103.49,6408.04,5445.74,4700.74,4133.31,3900.34,3407,2965.87,2521.06,2391.36,2442.95,2084.9,1825.83,1542.52,1491.21,1459.51,1169.41,1059.27,1221.67,1034.1,905.823,758.686,726.654
 40.0,0,0,382761,158568,105002,77061.2,58332,43518,34742.2,27065.2,22223.1,17779,15276.5,12871.9,10971.7,9308.97,8198.16,7015.95,5793.12,5324.65,4713.91,4269.9,3860.85,3414.95,3079.88,2650.71,2655.93,2203.43,2032.5,2051.88,1756.2,1814.91,1244.9,1394.38,1134.1,951.833,1076.05,923.128
 41.4,0,0,253007,169210,114145,85870,64764.8,49553.5,39485.4,31122,26554.2,21071.8,18528.7,15695.3,12764.1,10815.4,9606.87,8692.55,7788.22,6623.47,5712.67,5034.73,4805.18,4408.47,3670.07,3206.88,3052.84,2869.26,2586.5,2320.45,2091.74,2130.04,1903.4,1652.86,1513.21,1603,1432.08,1374.29
 42.9,0,0,161249,186586,127121,93059.4,72401.1,57408.8,45918.3,37022.9,29864.3,24841.8,21861.2,18170.4,15436.7,12754,11594.4,10203,9831.54,7869.47,7177.76,6742.54,6193.01,5199.33,4728.6,4547.7,3941.28,3623.7,3387.93,2933.66,2606.2,2773.71,2306.46,2313.96,1970.45,2045.63,2031.94,1705.08
 44.5,0,0,103772,196638,135663,102693,79560.1,64465.9,52990.7,41558.8,35109.7,30243.7,25299.9,21520.8,18569.2,15911.5,14503.3,12996.9,11095,10131.1,8951.18,8027.87,7181.4,6227.45,5849.51,5473.09,4602.55,4491.34,4065.13,3650.31,3612.43,3726.55,3416.41,3102.46,3095.58,2566.21,2230.4,2152.88
 46.1,0,0,78279.6,209475,148108,115058,89382.5,71569.3,58579.5,49399,41415.4,35026.6,29981.2,26190.6,21635.7,18853.2,16946.1,15185.9,13513.1,12150.9,11140.8,9463.43,8949.25,8219.8,7620.92,6771.48,6375.68,5762.04,5253.46,4920.59,4284.29,4208.06,3627.04,3905.01,3456.85,3085.66,2964.75,2888.03
 47.8,0,0,99969.2,227178,164349,126617,98911.4,83695.1,67033.8,56250.3,47176.2,41094.2,35032.2,31596,26950.8,23604.4,20835.9,18381.8,16374.5,14398.3,13794.4,12058.9,10546.3,9957.86,8918.4,8349.68,7952.24,7017.67,6421.08,5608.3,5558.93,5076.33,4844.72,4540.21,4189.18,3711.49,3871.74,3409.47
 49.6,0,0,139310,246112,177050,139627,112054,92260.4,75265.3,66370.8,56224.8,46941.2,39945,36293.9,31528.3,27614,24607.1,21595.7,19613.1,17543.1,15902.6,14698.1,13263.5,12216.6,11103,10103.7,9489.36,8525.57,8051.31,7259.12,6724,5993.51,5752.26,5623.09,5019.15,4903.15,4474.96,4147.2
 51.4,0,0,196334,267192,197202,155149,124092,103981,87185.8,73836,62858.3,53263.7,47545.9,40776.3,36458.2,32296.4,27963,26025.5,23408,20779.1,18837.4,17063.1,15752.2,13914.6,12929.9,12150.7,11474.6,10491.4,10055.9,9041.17,8819.44,8039.73,7118.42,6816.47,5726.64,5563.75,5376.79,4792.93
 53.3,0,0,277267,290142,218752,173589,140581,120632,99449.9,85025.3,71937.3,62508.7,54474.4,48552.2,42985.2,38019.3,34849.5,30684.7,27770.8,25444.2,22607.6,20354.6,19126,18094.1,16384.9,15032.7,13373.9,12333.9,11904.4,11345.1,10312.2,9251.37,8847.06,8208.89,7512.35,7123.25,6500.38,6617.16
 55.2,7.18168,0,318000,315938,242297,192500,156820,131865,111988,96967.3,83417,72833.3,63595.3,55243.5,50879.3,43675.3,39600,36654.9,31424.9,30327.2,26608.5,23918.9,23188.1,20697.6,18792.4,17932.6,16524.1,15581.8,14124.2,13234,13087.7,11781.3,10826.4,9648.59,8632.31,8621.47,8413.46,7846.44
 57.3,0,0,373575,345255,266871,215242,175330,149829,124865,110971,94792.4,83129.4,74930.2,64686.2,58764.3,51890,46031.9,41912.4,39054.6,34442.8,32142.4,29123.5,26639.7,24933.1,23031.9,20868,20234.4,18185.2,17710,16668.8,15204.9,13702.7,13312.6,12574.6,11528.7,10520.4,9830.2,9843.55
 59.4,0,0,502417,377572,291652,237629,198560,165708,144201,125013,107822,93210.4,83053,73992.8,66970.6,59651.2,54330.9,48846.5,44555.3,40561.6,37687.3,33659.1,30984.2,29200.7,27526.4,25098.8,22993.9,21992.9,20604.5,19074.4,17646.7,17490.4,15844.2,14505.4,13439.5,12493.3,12020.7,11088.4
 61.5,0,0,636823,420781,319012,262069,217528,185974,158698,141209,120989,107658,97681,85859.8,76013.1,67790.1,60142.1,56835.3,51182.8,46335.3,43501.3,40197.7,37918.5,33926.2,31702.1,30090.5,27807.2,26128.8,24095.5,23624.5,20874.9,19303.3,18692.4,17963.1,16557,14950.8,14576.9,14286.2
 63.8,0,0,679933,455656,351093,286283,244368,209424,175999,158062,135661,122943,111049,99355.3,86971.4,79096,72004.5,65746,59484.4,55003.8,50960.2,46630.2,42344,39841.1,37385.3,34173.8,32555.1,29548.6,28200.9,26245.3,24314.2,23190.3,21496.8,20740.1,19271.8,18429.1,17442.7,16019.9
 66.1,0,0,690191,500513,386223,316094,266215,229358,200078,176824,152497,137001,124054,110461,98836,90206.1,81744.7,75990.4,69359.1,62887.7,57594.4,53285.9,49138.1,46449.8,42869.2,39665.1,37678.8,35565.3,33647,31566.3,28706.5,27804.9,24801.1,24411,22701.8,20991.5,20622.9,18869.9
 68.5,0,0,750625,546608,424921,344096,295915,255003,222224,198347,171066,154304,137411,125501,112840,104414,95925.4,85734,78548.4,72055.7,67045.3,60511.2,57033.1,53544.5,50160.7,45892.7,43559.2,40681.5,38350.1,36058.7,33726.2,32298.7,29444.2,29170.8,27023.8,24872.3,23991.1,22511.2
 71.0,0,0,862030,590724,460742,378809,323511,279087,243485,219707,191867,173854,154601,141208,126288,113425,105463,96767.8,89120,80077.1,76405.3,70639.3,64719.5,59951.1,56763.2,52805.3,50266.6,47100.5,44299.9,40521.2,38924.8,37278.1,33979.8,32737.6,29852.4,28630.9,27092.6,25505.2
 73.7,0,0,1.07586e+006,634987,498743,411269,349475,303509,269883,240764,212556,189973,172167,157404,141694,128715,118721,109208,100138,92247.5,86309.9,79684.9,73951.7,69193.7,64808.1,60481.5,56462.1,54220.1,49252,47685.6,45216.3,41078.4,38113.6,37313,34354.9,32898.6,30553.9,29513.7
 76.4,0,0,1.27628e+006,686871,536822,449200,381379,334249,295129,265356,233540,213262,192995,174371,157206,143479,133596,119165,112819,103796,97140,90337.2,82549.3,78948.3,73411.8,70224.4,66659.9,59683.2,57353.4,53250.8,50501.3,47736.1,44139,43052.5,39323.5,37055.1,35881.3,33479.4
 79.1,0,0,1.4239e+006,733736,576064,480113,416432,362828,322190,288616,253317,230944,211611,193582,175327,160792,147649,135224,124617,114985,108625,98901.3,94462.3,88832.5,81978.6,78474,72901.8,67875.7,62615.3,61002.8,57181.5,53754.3,51076.7,48046.4,43355.7,41491.9,39909.6,38078.7
 82.0,0,5.86214,1.52191e+006,774767,613971,517652,442729,390298,346535,313969,277224,255143,230615,211039,190276,174426,161546,150253,139967,128382,117530,108091,103882,96522.3,92829.1,85103.2,79640.8,75318.6,71484.4,68869.4,62873.6,59030,55246.2,54191.7,49268.2,47860.9,46604.6,43441
 85.1,0,0,1.55939e+006,821796,654863,552832,472570,417306,369568,335404,301681,273592,250515,228343,208089,189839,178301,164209,149818,139152,129638,120805,114621,106543,99025.5,95126.5,89354.9,82031.1,79236.2,75963.4,70601.9,66647.3,63255.5,59194.8,56097.4,52187.3,49394.6,46821.1
 88.2,0,0,1.58868e+006,865884,686583,579452,502191,445353,391959,357107,319558,293826,267475,247850,224907,206040,192728,176813,164324,152045,143037,134026,124416,115949,109903,105344,97657.2,93796.1,89365.6,83514.5,77357,74811.6,69949.3,67830.7,59710.9,58752.3,55628.5,53815.7
 91.4,0,0,1.60646e+006,904915,722843,608311,533492,467574,420484,383995,344132,314067,285185,261813,236561,219608,207070,190204,178403,165148,151558,143202,135388,127472,121498,114954,106590,101809,94673.4,90059.5,84898.4,81077.2,75462.1,71606.1,65818.3,64618.8,60732,57989
 94.7,5.61637,0,1.62533e+006,939850,744602,634459,555870,485891,438059,399424,363854,328995,300774,281407,252826,236021,222969,207068,191304,176040,163876,154702,144391,136248,131266,125886,115689,108659,104671,97649.3,92423.2,87848.5,81491.2,78312.2,69878.9,69556.5,66334.7,63842.6
 98.2,0,5.57193,1.65019e+006,969467,776511,659881,578046,507125,464985,419624,382669,347816,319959,292523,270527,249126,235266,219528,204730,188177,175232,165678,153324,149128,140638,131847,125463,118177,113224,106463,100860,95955.5,90193.2,85184.3,77875.6,75187.1,71472.8,69055.4
101.8,0,0,1.69987e+006,993930,794617,684272,595432,531928,479766,442351,396614,361803,338748,310034,284949,264003,247495,230245,217595,199093,189183,176965,162881,155504,147378,139257,135653,125349,119608,113234,107247,101460,93968.2,91569.2,82276.1,80682.2,77199.5,74486.3
105.5,0,0,1.70938e+006,1.01011e+006,815278,702009,610396,544267,495193,453972,414163,376471,351975,323300,295727,273540,260159,240889,224740,211280,196581,183499,172666,164489,156998,148808,141486,133444,126656,120253,115172,108322,102540,96519.9,88768,86012.4,81169.6,79340.4
109.4,0,5.4449,1.71048e+006,1.02261e+006,825334,714077,623395,559552,506787,464952,425136,384320,362305,331805,307866,285090,270736,250244,235261,220199,202345,192705,179460,175292,163698,156811,148668,140035,132894,126071,119372,113643,107455,104056,93860.4,90320.4,87530.8,83325.7
113.4,0,0,1.73827e+006,1.02915e+006,831765,715118,631865,570824,510169,473925,435453,393398,373863,342223,316578,290699,281040,259652,243899,227156,211940,200753,185465,178641,172304,163548,156554,147198,139543,131917,125957,118567,112600,107225,97508.1,95003.2,90723.2,88544
117.6,5.38974,5.38974,1.72005e+006,1.02362e+006,830561,727120,641343,572923,518694,479936,439936,399825,381369,352515,324745,300696,286383,266655,248003,230296,218624,204778,194665,186601,175066,169236,160058,150227,141550,135613,132429,125271,115731,111586,102440,98618.1,94884,91677.8
121.9,0,0,1.67604e+006,1.01193e+006,827918,719168,636890,575407,522480,486684,443007,401048,389428,356487,330893,306425,293270,270697,254995,240247,221892,212359,198275,188979,181034,173091,164361,156111,149469,143295,135485,127269,119358,115847,106458,102135,97358.7,94827.5
126.3,0,0,1.62523e+006,1.00768e+006,821659,723389,637209,576192,524080,484247,443580,399450,389065,362477,333709,306492,297303,276007,257937,242541,229373,213902,205090,193512,184214,177137,168150,157711,151913,145043,140098,129369,124969,119323,108162,105841,100962,96474.8
131.0,0,0,1.55225e+006,991107,810018,709413,632861,569060,518748,483682,442553,403107,390233,362587,333074,311277,296359,278438,261486,244818,232671,217427,206139,194567,186478,180001,169688,163166,151199,146243,140613,131999,126514,120252,111572,106838,102075,97360.1
135.8,5.33568,0,1.48506e+006,969007,787071,692748,619118,556547,512189,477565,437393,399738,387561,359458,328616,308025,297532,277332,262355,243917,231536,218256,206066,197094,187195,179990,171414,162153,156726,148011,143635,134783,126631,123100,111419,106499,103537,98524.1
140.7,0,0,1.39149e+006,939193,768957,676727,606404,544674,499959,464874,432728,395544,382779,359392,322558,306866,295848,277047,260211,240699,231244,218996,204201,198653,189284,181938,171697,164265,157856,150431,143138,134138,129391,124452,113835,109031,105755,99639
145.9,0,0,1.3201e+006,900504,744177,655927,589625,529835,493385,454835,424202,387938,381823,352104,321346,300912,290866,271875,257881,242688,230938,217159,203779,196277,185936,180519,174052,164817,156460,149473,142755,134438,130054,123847,111926,109548,104885,99840
151.2,0,0,1.26313e+006,858143,715244,630307,564878,509292,475280,436914,412749,376562,373409,341046,318754,294281,288225,265544,252519,234796,225576,213267,199802,192597,183837,178832,170354,158628,153875,147956,140422,133453,127792,123580,110916,107880,103525,99450.7
156.8,0,6.6943,1.2258e+006,809659,674049,599838,542988,487350,456234,420100,397822,360662,360340,332712,307965,286325,279817,259673,245897,232139,219331,207442,196866,190295,180441,173997,167132,158356,152533,145566,141230,131344,126780,122950,110844,106787,105127,98425.2
162.5,0,4.04197,1.17354e+006,758504,634928,569811,516395,463347,437851,400830,382898,345423,341334,318668,297134,276422,271513,252517,241323,222565,217458,203866,190192,183376,177295,171786,165280,156514,148202,141783,137137,129165,123218,119548,108603,104319,101952,97129
168.5,0,0,1.10049e+006,706663,598166,535824,479911,438504,416949,380800,364386,328100,327347,306593,282259,266928,257406,244189,230835,214121,206844,197066,184437,176721,171964,165697,159528,149849,145533,138345,133246,126316,122235,116348,107108,102532,97806,93987.3
174.7,0,0,1.02812e+006,660243,558723,502235,451546,413140,395848,359961,338103,312880,312674,292174,270439,256631,248348,232977,222944,208257,200418,189908,179305,173206,165765,158970,154045,145676,142514,133800,130256,123130,117627,113209,101711,99685.2,96899.8,92377.3
181.1,0,0,926029,599477,518942,460538,422044,381519,365784,335675,318820,293125,293397,273814,253776,240714,234055,220358,210760,195409,189508,180588,170010,163479,158411,153307,147869,139787,136123,129646,122671,116879,114098,106892,99690.4,94405.3,91761.2,87559.8
187.7,0,0,827807,551735,469655,423120,386175,350011,340724,311631,300052,273682,273330,258252,240179,226977,222439,208956,198761,184759,180786,171021,161871,156050,150539,146041,140157,134026,127325,121936,118686,111489,109035,105135,95732.4,90627.6,87981.5,86109
194.6,0,0,732205,499128,428205,383718,351389,322726,309504,287272,281904,251710,253806,240140,222128,210873,204711,194717,185872,173895,169160,160585,150878,147696,142491,136616,131936,124918,120450,116295,113663,105806,102786,100190,89222.8,86612.6,83788.2,82095.7
201.7,0,0,641732,442036,381382,347064,316262,292503,281803,260047,256258,231219,235351,223222,205802,195162,189200,181642,175900,162676,157705,149513,142157,138829,132049,130205,124669,118202,113528,111689,106062,100683,97532.4,94393.5,85238.3,81843.6,78635.8,77094.1
209.1,0,0,565068,396769,338782,309673,282631,259088,254344,237359,229976,209213,213872,203111,188730,179444,176036,168078,160583,150270,145576,140028,131915,128892,124449,122036,116157,109481,106217,103961,99049.8,93977.2,91843.9,89194.9,80632.5,77556.2,74634.5,73779.9
216.7,0,0,487944,344453,296322,269736,249136,231491,224297,208986,205923,191073,193200,182321,169956,159701,159063,151907,145329,137710,134171,127492,121909,118983,113358,112523,107161,101211,98700.4,95544.9,91899.5,88809.4,84601,81662.8,73153.1,72178.2,69029.1,68645.9
224.7,0,0,425361,295212,253958,235383,217673,199936,199801,184137,184049,165729,172505,164736,150915,147276,141524,138069,133418,124558,120056,116707,110680,108908,105428,101181,98378,93458.2,90379.5,86797.1,85407,80661.5,78256.2,75397.5,68560.8,66929.5,63136.5,64075.7
232.9,0,0,356687,248255,218376,200544,186459,172636,172720,162142,159994,147580,151890,146733,134053,131197,128953,123686,118600,112371,108652,106135,99275.8,98525.6,95219.1,93904.2,90191.2,85174.7,81823.9,80895.9,78222.5,73909.3,71443.8,70569.3,62345.5,60139.8,59072.3,57296.2
241.4,0,0,295153,209525,184641,171501,157909,148450,150768,140347,140383,129784,134756,126888,116190,114504,116046,109778,105904,100365,97347.2,93365.5,90451.1,87834.9,85517.4,83677.5,79749,77326.4,75252.9,72573.4,69527.2,66571.6,66192.7,63116.3,56692.2,55410,53733.7,52861.4
250.3,0,0,237569,173394,152789,142015,131377,124187,126060,119995,120170,109867,113575,109127,100921,101243,98950.5,94843.9,92668.1,86497.8,84611.4,82533.1,77386.9,79569.9,75108.9,74385.9,71574.4,69341.2,67568.3,65822.4,62826.8,59718.3,58541.1,55434.2,51222.5,49192.1,47877.3,45918.8
259.5,0,0,193654,136853,121326,116073,109623,103236,105057,100215,100095,91601.9,96004,92681.9,86497.5,86590.6,84293.5,82943.1,77926.2,75591.7,74513.2,73645.1,69606.4,68221.5,65768.9,64175.8,63947.7,59439.7,58926.6,57300.4,56133.2,53032.7,52564.7,50021.1,44503,44613.9,43635.3,41953.6
269.0,0,0,157494,110522,97769.9,92600.8,87275.3,82975.4,85343.7,83691.1,82224.3,77333.2,81596.3,77802.4,73377.6,72937.9,72362.1,71501.4,70201.9,65036.9,63489.8,61576.3,59472.7,60946.7,57815.1,57163.7,53750.6,51752.4,50495.7,49830.3,48206.3,45720.4,45577.7,43683.3,38651.6,38495.3,37283.1,36343.9
278.8,0,0,121311,84234.5,75329.3,72545.7,70146.3,65630.1,68371,66651.3,67116.5,62721.1,67314.6,65198.8,59422.2,59838,62474,59657.4,58502.6,55069.3,52424,51401.7,49318.7,51072.5,48976.2,47693.6,47138.5,45126.7,43608.3,43178.1,41880.1,40013.1,38406.1,37111.9,34081.5,34497.2,32225.3,32115.1
289.0,0,0,92788.7,64623.3,59157.2,56102.3,54071.1,51042.9,54685.1,52494,52843.6,50384.4,53826.2,51678.1,48805.5,49695.3,50658,48105.2,47516.3,45385.1,44239.1,43307.6,41467.7,42393.5,41280.3,41056.7,39711.7,38320.9,37166.6,37050.9,35606.3,35021.4,33621.9,32785,28653.7,28373.5,27636.5,27504.8
299.6,0,0,66546.1,47418.5,44302,42282.5,41594.4,39170.1,42833.8,41205,41832.6,39456.5,42957.4,41665.1,39612.1,41686.7,41627.1,40155.3,38872.4,37012.8,36956.4,35440,35109,35475.9,35348.3,33919.8,33053.1,32198.4,31566.9,31962,30136.9,28686.7,28691.3,27573.1,24517.1,24315,25016.4,23422.3
310.6,0,0,45176.4,34497.2,32045.5,31200.4,29754.1,29071,32241.1,31480.5,32282.7,31011.6,33146.2,32146.4,30700.8,31319.3,32593.3,31571.5,30914.5,29800.9,29471.5,29464.2,28160.8,29106.8,28448.4,28518.2,26935.2,26240.5,25551.2,24775.2,24430.5,23980.1,23996.4,23276,20922.9,20281.6,19506.1,19544.8
322.0,0,0,33029,24424.6,22170.9,22042.7,21147.9,21308.6,23506.1,24041.3,24056.2,24221.6,25734.5,25404.8,23800,24704.9,24469,24623.9,24407,23329.5,23553.4,23350.8,22607.7,22902.7,22079.9,22400.1,22423.2,21443.5,20782.9,21186.5,20899.4,19799.4,19718,18566.7,16767.3,16708,16021.3,16346.7
333.8,0,0,22457,17220.2,15726.6,15456.7,15720.5,15475.8,17199.1,16737.5,18253.7,18088.1,19187.8,19528.4,18034.9,19072,19215,19492.3,19155.3,17881.8,18183.1,17937.3,17639.9,17235.1,18054.3,18041.6,17229.1,17434.6,16884,16936.7,15962.8,15351.7,16106.2,15609.9,13844.7,14054.1,13405.7,12916.6
346.0,5.83288,0,15579.3,11582.2,10636.2,10188.5,10885,10683.7,11860.1,11647.1,12392.7,13459.8,14235.1,14121.7,12720.6,13733.1,13526.7,14497.8,13878.5,13855.1,13939,13399.1,13487.6,13967.5,13687.3,13808.5,13751.2,12795.3,13049.4,13388.1,12632,12065.4,12294.2,11731.5,10558.1,10962.8,10068.2,10590
358.7,0.807051,0,9755.74,7514.27,7091.09,7044.51,7204.82,7790.05,8426.01,8194.49,9404.15,9240.62,9555.02,10068.4,9720.73,9760.19,10495,10507.5,10534.6,10562.4,10570.5,10303.2,10714.6,10137.1,10460.3,10260.1,10232.8,10684,10046.2,10442.8,9951.36,9811.01,9680.88,9465.7,8717.26,8165.95,8432.66,8550.41
371.8,0,0,5949.63,4629.92,4349.96,4512.45,4806.64,4823.86,5831.89,5712.75,6126.25,6327.17,7109.86,6986.43,6575.83,7379.47,7635.66,7806.56,8265.5,7582.82,7973.77,7692.34,7712.13,8041.76,7239.73,7397.48,8128.89,7945.82,7806.92,8004.27,6980.51,7282.8,7429.82,7271.15,6700.36,6719.34,6113.2,6688.01
385.4,0,0,3712.99,2933.59,2802.69,2756.75,2797.2,3344.77,3891.41,3724.46,4027.86,3921.37,4958.08,5229.02,4784.54,5344.28,5368.63,5683.22,5403.97,5228.7,5479.99,5494.76,5443.55,5818.14,5626.92,5775.08,5712.4,5715.49,5603.31,5619.43,5978.47,5478.06,5813.57,5375.92,5007.42,4911.05,5113.6,4805.28
399.5,0,0,1976.92,1868.99,1813.99,1798.2,1780.25,1932.08,2259.36,2506.47,2490.76,2658.63,3188.27,3129.35,3010.62,3367.69,3512.76,3665.71,3566.55,3733.73,4037.04,3964.57,3831.15,3747.27,4065.99,4103.89,4481.1,4067.94,4125.73,4074.05,4262.33,4080.14,4262.29,3691.26,3421.29,3730.01,3670.05,3702.22
414.2,0,0,1409.31,1105.93,1042.8,897.443,1013.9,1086.61,1420.98,1439.44,1646.8,1855.77,1903.54,2171.56,2159.4,2322.54,2606.89,2671.26,2726.68,2458.25,2544.11,2689.49,2722.3,2746.06,2941.71,3085.62,2917.07,2895.92,2952.49,3264.12,2786.05,3251.94,2650.15,2904.69,2559.17,2661.72,2722.89,2809.95
429.4,0,0,513.456,691.112,606.866,596.453,615.807,673.012,724.34,1050.14,927.984,1145.45,1197.05,1322.52,1305.59,1454.9,1857.53,1483.64,1703.9,1743.4,1655.19,1604.73,1801.36,2070.75,1843.83,2002.33,2013,1970.02,2007.26,2242.04,2338.79,1907.78,2118.16,2188.92,1916.74,1712.32,1813.92,1795.54
445.1,0,0,347.699,347.104,333.932,420.095,295.023,378.086,531.59,540.169,606.132,676.209,738.363,900.734,915.516,916.11,989.1,1181.7,1147.2,1034.75,1176.28,1323.8,1157.67,1269.82,1498.46,1434.83,1523.68,1343.77,1508.11,1640.82,1552.4,1418.33,1417.37,1492.51,1432.61,1310.11,1337.87,1512.11
461.4,0,0,152.208,148.589,232.056,210.486,188.975,242.107,286.708,319.496,347.438,470.602,418.756,449.033,432.485,532.676,696.05,686.287,657.06,677.05,729.545,719.77,854.454,760.694,856.158,771.216,915.832,1005.32,963.463,844.632,882.986,919.753,1021.11,948.443,1098.95,882.448,907.821,1000.47
478.3,0,0,110.332,117.084,114.086,95.5651,106.826,111.584,196.383,192.642,193.906,294.463,268.187,249.679,367.506,324.754,371.52,389.781,429.065,493.609,608.191,513.108,411.547,572.4,478.607,596.161,560.656,667.482,691.751,578.916,727.256,578.161,668.473,828.347,570.679,643.956,791.553,693.003
495.8,0,0,102.934,42.3517,45.3911,78.6247,73.8016,71.4844,94.3496,82.3863,199.073,56.2929,186.382,176.202,147.259,207.658,300.218,232.307,266.985,327.378,301.474,286.121,221.249,365.435,319.705,417.433,494.651,440.492,422.45,436.764,328.629,354.911,414.96,430.157,457.128,413.332,344.542,419.944
514.0,0,0,29.5631,32.1227,16.0613,23.744,64.2454,37.5938,32.1227,77.7472,64.2454,120.112,109.87,67.1569,96.7201,141.644,146.768,96.368,195.3,149.675,179.238,230.338,228.122,230.33,336.248,293.531,252.214,316.579,194.604,270.839,290.624,322.402,310.297,269.447,237.32,170.86,325.658,318.319
532.8,0,0,16.2922,57.0227,0,41.0835,16.2922,8.1461,24.4383,24.4383,16.2922,53.5419,77.6272,53.1888,32.5844,89.9602,90.3132,48.8766,86.1263,155.129,49.2296,95.1038,98.2316,175.859,229.981,176.918,199.819,156.894,168.772,265.819,127.916,218.229,200.878,173.312,197.397,114.752,156.666,204.484
552.3,0,0,33.0603,33.0603,16.5301,8.26507,0,0,16.5301,33.0603,8.26507,20.42,28.6851,36.9502,57.8555,24.7952,16.8515,74.3857,70.3318,90.9158,82.9721,77.7902,32.575,102.907,124.455,152.497,127.866,33.3817,102.907,61.5814,86.862,86.5406,136.131,124.455,131.756,90.9158,123.812,91.0732
572.5,0,0,0,0,8.45177,16.9035,0,0,8.45177,12.5699,8.45177,16.9035,12.5699,8.45177,25.3553,25.3553,41.9302,21.0217,41.9302,33.8071,16.5749,33.8071,25.3553,58.8337,58.1765,58.8337,59.1624,41.9302,54.5001,75.7373,41.9302,67.6141,29.4735,74.8646,80.1841,80.1841,50.382,33.1498
593.5,0,0,0,0,0,0,7.52022,17.1605,8.58027,4.39948,8.58027,17.1605,21.56,8.58027,7.52022,17.1605,17.1605,37.6605,49.3615,24.6808,8.58027,17.1605,17.1605,25.7408,84.7426,8.58027,34.3211,24.6808,30.1403,25.7408,25.7408,49.3615,47.3008,33.4797,21.56,30.1403,16.1005,8.58027
615.3,0,0,0,0,0,0,0,0,0,0,0,0,0,0,0,0,0,0,0,0,0,0,0,0,0,0,0,0,0,0,0,0,0,0,0,0,0,0
637.8,0,0,0,0,0,0,0,0,0,0,0,0,0,0,0,0,0,0,0,0,0,0,0,0,0,0,0,0,0,0,0,0,0,0,0,0,0,0
661.2,0,0,0,0,0,0,0,0,0,0,0,0,0,0,0,0,0,0,0,0,0,0,0,0,0,0,0,0,0,0,0,0,0,0,0,0,0,0
685.4,0,0,0,0,0,0,0,0,0,0,0,0,0,0,0,0,0,0,0,0,0,0,0,0,0,0,0,0,0,0,0,0,0,0,0,0,0,0
710.5,0,0,0,0,0,0,0,0,0,0,0,0,0,0,0,0,0,0,0,0,0,0,0,0,0,0,0,0,0,0,0,0,0,0,0,0,0,0
Scan Up Time(s),155,155,155,155,155,155,155,155,155,155,155,155,155,155,155,155,155,155,155,155,155,155,155,155,155,155,155,155,155,155,155,155,155,155,155,155,155,155
Retrace Time(s),10,10,10,10,10,10,10,10,10,10,10,10,10,10,10,10,10,10,10,10,10,10,10,10,10,10,10,10,10,10,10,10,10,10,10,10,10,10
Down Scan First,FALSE,FALSE,FALSE,FALSE,FALSE,FALSE,FALSE,FALSE,FALSE,FALSE,FALSE,FALSE,FALSE,FALSE,FALSE,FALSE,FALSE,FALSE,FALSE,FALSE,FALSE,FALSE,FALSE,FALSE,FALSE,FALSE,FALSE,FALSE,FALSE,FALSE,FALSE,FALSE,FALSE,FALSE,FALSE,FALSE,FALSE,FALSE
Scans Per Sample,1,1,1,1,1,1,1,1,1,1,1,1,1,1,1,1,1,1,1,1,1,1,1,1,1,1,1,1,1,1,1,1,1,1,1,1,1,1
Impactor Type(cm),0.071,0.071,0.071,0.071,0.071,0.071,0.071,0.071,0.071,0.071,0.071,0.071,0.071,0.071,0.071,0.071,0.071,0.071,0.071,0.071,0.071,0.071,0.071,0.071,0.071,0.071,0.071,0.071,0.071,0.071,0.071,0.071,0.071,0.071,0.071,0.071,0.071,0.071
Sheath Flow(lpm),3,3,3,3,3,3,3,3,3,3,3,3,3,3,3,3,3,3,3,3,3,3,3,3,3,3,3,3,3,3,3,3,3,3,3,3,3,3
Aerosol Flow(lpm),1.5,1.5,1.5,1.5,1.5,1.5,1.5,1.5,1.5,1.5,1.5,1.5,1.5,1.5,1.5,1.5,1.5,1.5,1.5,1.5,1.5,1.5,1.5,1.5,1.5,1.5,1.5,1.5,1.5,1.5,1.5,1.5,1.5,1.5,1.5,1.5,1.5,1.5
CPC Inlet Flow(lpm),1.5,1.5,1.5,1.5,1.5,1.5,1.5,1.5,1.5,1.5,1.5,1.5,1.5,1.5,1.5,1.5,1.5,1.5,1.5,1.5,1.5,1.5,1.5,1.5,1.5,1.5,1.5,1.5,1.5,1.5,1.5,1.5,1.5,1.5,1.5,1.5,1.5,1.5
CPC Sample Flow(lpm),0.3,0.3,0.3,0.3,0.3,0.3,0.3,0.3,0.3,0.3,0.3,0.3,0.3,0.3,0.3,0.3,0.3,0.3,0.3,0.3,0.3,0.3,0.3,0.3,0.3,0.3,0.3,0.3,0.3,0.3,0.3,0.3,0.3,0.3,0.3,0.3,0.3,0.3
Low Voltage,14.0228,14.0228,14.0228,14.0228,14.0228,14.0228,14.0228,14.0228,14.0228,14.0228,14.0228,14.0228,14.0228,14.0228,14.0228,14.0228,14.0228,14.0228,14.0228,14.0228,14.0228,14.0228,14.0228,14.0228,14.0228,14.0228,14.0228,14.0228,14.0228,14.0228,14.0228,14.0228,14.0228,14.0228,14.0228,14.0228,14.0228,14.0228
High Voltage,9507.79,9507.79,9507.79,9507.79,9507.79,9507.79,9507.79,9507.79,9507.79,9507.79,9507.79,9507.79,9507.79,9507.79,9507.79,9507.79,9507.79,9507.79,9507.79,9507.79,9507.79,9507.79,9507.79,9507.79,9507.79,9507.79,9507.79,9507.79,9507.79,9507.79,9507.79,9507.79,9507.79,9507.79,9507.79,9507.79,9507.79,9507.79
Lower Size(nm),15.9634,15.9634,15.9634,15.9634,15.9634,15.9634,15.9634,15.9634,15.9634,15.9634,15.9634,15.9634,15.9634,15.9634,15.9634,15.9634,15.9634,15.9634,15.9634,15.9634,15.9634,15.9634,15.9634,15.9634,15.9634,15.9634,15.9634,15.9634,15.9634,15.9634,15.9634,15.9634,15.9634,15.9634,15.9634,15.9634,15.9634,15.9634
Upper Size(nm),723.394,723.394,723.394,723.394,723.394,723.394,723.394,723.394,723.394,723.394,723.394,723.394,723.394,723.394,723.394,723.394,723.394,723.394,723.394,723.394,723.394,723.394,723.394,723.394,723.394,723.394,723.394,723.394,723.394,723.394,723.394,723.394,723.394,723.394,723.394,723.394,723.394,723.394
Density(g/cc),1,1,1,1,1,1,1,1,1,1,1,1,1,1,1,1,1,1,1,1,1,1,1,1,1,1,1,1,1,1,1,1,1,1,1,1,1,1
Title,,,,,,,,,,,,,,,,,,,,,,,,,,,,,,,,,,,,,,
Status Flag,Conditioner Temperature Error ,Conditioner Temperature Error ,Conditioner Temperature Error ,Conditioner Temperature Error ,Conditioner Temperature Error ,Conditioner Temperature Error ,Conditioner Temperature Error ,Conditioner Temperature Error ,Conditioner Temperature Error ,Conditioner Temperature Error ,Conditioner Temperature Error ,Conditioner Temperature Error ,Conditioner Temperature Error ,Conditioner Temperature Error ,Conditioner Temperature Error ,Conditioner Temperature Error ,Conditioner Temperature Error ,Conditioner Temperature Error ,Conditioner Temperature Error ,Conditioner Temperature Error ,Conditioner Temperature Error ,Conditioner Temperature Error ,Conditioner Temperature Error ,Conditioner Temperature Error ,Conditioner Temperature Error ,Conditioner Temperature Error ,Conditioner Temperature Error ,Conditioner Temperature Error ,Conditioner Temperature Error ,Conditioner Temperature Error ,Conditioner Temperature Error ,Conditioner Temperature Error ,Conditioner Temperature Error ,Conditioner Temperature Error ,Conditioner Temperature Error ,Conditioner Temperature Error ,Conditioner Temperature Error ,Conditioner Temperature Error 
td(s),1.1,1.1,1.1,1.1,1.1,1.1,1.1,1.1,1.1,1.1,1.1,1.1,1.1,1.1,1.1,1.1,1.1,1.1,1.1,1.1,1.1,1.1,1.1,1.1,1.1,1.1,1.1,1.1,1.1,1.1,1.1,1.1,1.1,1.1,1.1,1.1,1.1,1.1
tf(s),5.51527,5.51527,5.51527,5.51527,5.51527,5.51527,5.51527,5.51527,5.51527,5.51527,5.51527,5.51527,5.51527,5.51527,5.51527,5.51527,5.51527,5.51527,5.51527,5.51527,5.51527,5.51527,5.51527,5.51527,5.51527,5.51527,5.51527,5.51527,5.51527,5.51527,5.51527,5.51527,5.51527,5.51527,5.51527,5.51527,5.51527,5.51527
D50(nm),593.091,593.091,593.091,593.091,593.091,593.091,593.091,593.091,593.091,593.091,593.091,593.091,593.091,593.091,593.091,593.091,593.091,593.091,593.091,593.091,593.091,593.091,593.091,593.091,593.091,593.091,593.091,593.091,593.091,593.091,593.091,593.091,593.091,593.091,593.091,593.091,593.091,593.091
Median(nm),117.29,111.143,101.852,107.037,110.985,114.03,116.305,117.904,120.425,121.466,123.714,124.209,127.113,128.116,128.636,129.98,131.377,132.27,133.264,133.655,134.952,135.723,136.068,137.175,137.767,138.669,139.39,139.743,140.448,141.116,141.676,141.862,143.118,143.217,142.748,143.2,143.626,144.192
Mean(nm),152.32,120.109,108.337,113.866,118.631,122.023,124.574,126.425,129.374,130.619,133.083,133.85,136.652,137.833,138.503,140.115,141.57,142.653,143.704,144.274,145.439,146.379,146.936,148.212,148.884,149.83,150.55,151.042,151.726,152.641,153.199,153.484,154.729,154.833,154.324,155.052,155.451,156.241
Geo. Mean(nm),122.855,116.625,94.3853,99.7309,105.897,109.95,112.904,114.976,117.885,119.297,121.669,122.494,125.199,126.346,127.088,128.521,129.953,130.934,131.95,132.512,133.592,134.477,134.972,136.13,136.772,137.678,138.347,138.79,139.441,140.211,140.822,141.014,142.172,142.253,141.524,142.472,142.833,143.508
Mode(nm),55.2316,156.788,33.3762,113.419,113.419,117.574,117.574,126.346,126.346,121.881,126.346,130.975,130.975,130.975,126.346,130.975,135.773,130.975,135.773,130.975,130.975,140.746,130.975,140.746,140.746,140.746,145.902,145.902,140.746,140.746,135.773,135.773,145.902,140.746,140.746,145.902,140.746,145.902
Geo. Std. Dev.,1.88948,1.27464,1.73445,1.73437,1.65031,1.60814,1.58143,1.56547,1.55588,1.54482,1.54068,1.53492,1.53084,1.52814,1.52361,1.52441,1.52125,1.52134,1.51958,1.51806,1.51789,1.51706,1.51711,1.51719,1.51627,1.51525,1.51487,1.51501,1.51429,1.51596,1.51341,1.51509,1.51481,1.51524,1.52625,1.51414,1.51421,1.51544
Total Concentration(#/cm³),0.471303,0.515703,901108,534881,419796,356868,311152,275998,251893,229916,211608,191848,184043,170237,155912,145598,139421,130173,122636,114091,108385,102299,96240.4,92533.9,88237.2,84819.6,80850.2,76405.2,73151.1,70035.7,66934.7,63268,60452.7,58116.6,52862.5,51008,49079.2,47297.7
Comment,,,,,,,,,,,,,,,,,,,,,,,,,,,,,,,,,,,,,,
