Sample File,C:\Users\VanceLab\Desktop\CASA_InLab_Sp23\Chamber\COMP_Butanol_SMPS_100nm700nm_20230523.S82,
AIM Version,10.3.1.0
Classifier Model,3082       ,Classifier S/N,3082021905001   ,Classifier Firmware Version,2.60
Neutralizer Model,3088,Neutralizer S/N,3088011906004
Impactor (cm),0.071,Impactor S/N,7100764
DMA Model,3081,DMA S/N,3081A1903007
DMA Inner Radius (cm),0.937
DMA Outer Radius (cm),1.961
DMA Characteristic Length (cm),44.369
HV Polarity,NEG,
Detector Model,3750,Detector S/N,3750190603,Nano Enhancer , None
Detector Sample Flow (L/min),1.00,Detector Inlet Flow (L/min),1.00
Reference Gas Viscosity (Pa*s),1.832450e-005
Reference Mean Free Path (m),6.730000e-008
Reference Gas Temperature (K),296.15
Reference Gas Pressure (kPa),101.30
Sutherland Constant (K),110.40
Tube Length (cm),25.40
Tube Diameter (cm),0.48
Channels/Decade,64
Multiple Charge Correction,TRUE
Nanoparticle Agglomerate Mobility Analysis,FALSE
Diffusion Correction,TRUE
Units,dw/dlogDp
Weight,Number
Sample #,1,2,3,4,5,6,7,8,9,10,11,12
Date,5/23/2023,5/23/2023,5/23/2023,5/23/2023,5/23/2023,5/23/2023,5/23/2023,5/23/2023,5/23/2023,5/23/2023,5/23/2023,5/23/2023
Start Time,12:34:02,12:37:00,12:40:00,12:43:00,12:46:00,12:49:00,12:52:00,12:55:00,12:58:00,13:01:00,13:04:00,13:07:00
Sample Temp (C),22.7,22.6,22.7,22.7,22.7,22.7,22.7,22.7,22.7,22.7,22.7,22.7
Sample Pressure (kPa),74.7,80.5,80.5,80.5,80.5,80.6,80.3,80.3,80.5,80.5,80.6,80.5
Relative Humidity (%),24.9,25.2,26.5,27.5,27.0,26.4,26.4,27.8,28.8,27.1,25.5,24.3
Mean Free Path (m),9.11474e-008,8.45439e-008,8.45802e-008,8.45802e-008,8.45802e-008,8.44753e-008,8.47909e-008,8.47909e-008,8.45802e-008,8.45802e-008,8.44753e-008,8.45802e-008
Gas Viscosity (Pa*s),1.83102e-005,1.83054e-005,1.83102e-005,1.83102e-005,1.83102e-005,1.83102e-005,1.83102e-005,1.83102e-005,1.83102e-005,1.83102e-005,1.83102e-005,1.83102e-005
Diameter Midpoint (nm)
 16.3,272.509,754435.462,882007.431,752336.190,740401.115,809877.909,261.070,174.046,621151.853,585535.625,705427.607,727038.387
 16.8,116.490,736634.164,855152.165,724239.769,715205.071,800909.578,203.456,185.758,605174.024,581670.354,689623.859,706818.377
 17.5,119.919,721134.210,848872.272,721661.001,707185.129,776515.540,224.674,255.263,601248.543,571433.193,675157.574,692796.063
 18.1,122.756,711973.504,828103.087,702642.259,692586.614,783480.059,291.553,244.463,585182.611,569338.699,663405.244,680950.769
 18.8,1135.495,696223.339,796849.992,689035.126,690068.170,770168.640,211.693,294.497,587939.317,560363.695,653782.495,665070.137
 19.5,362.889,685710.815,752684.073,677525.612,666086.849,764662.656,222.441,182.718,576436.106,556753.012,636331.486,640866.446
 20.2,700.203,674797.643,751570.339,654972.800,660956.609,739452.489,284.925,254.931,566203.197,555717.137,619105.704,636231.209
 20.9,325.792,644446.470,745886.136,637931.690,641137.534,721773.061,285.928,339.791,550067.101,538532.233,600445.958,617794.943
 21.7,67.514,628564.910,730354.765,625445.857,635410.132,699066.358,296.970,234.641,537099.842,520603.023,582239.284,602800.690
 22.5,157.138,621878.130,639616.074,613082.519,616962.084,660040.576,273.352,262.928,528303.979,504130.623,564990.269,587098.116
 23.3,241.410,601344.433,444933.197,589493.403,601512.961,652199.253,249.718,324.600,503380.081,483964.951,549197.114,574585.421
 24.1,152.061,580913.870,287074.365,568821.227,584633.446,638202.477,258.369,268.524,497044.369,468851.624,538124.222,559827.062
 25.0,277.416,560717.314,172526.516,552837.837,560081.668,608319.134,310.500,269.877,481512.469,460285.480,521697.083,544853.422
 25.9,368.932,542875.493,103139.497,526690.548,541241.974,538633.449,254.531,245.227,465515.922,449308.834,500343.647,518932.223
 26.9,295.500,523354.080,62855.183,503048.461,523761.048,369896.849,304.462,336.689,450384.030,437979.418,487054.494,506384.844
 27.9,375.379,504029.883,40928.359,479103.874,499095.553,239515.214,318.090,239.913,434551.411,427356.108,463897.821,482994.355
 28.9,418.585,482299.953,27949.750,455310.165,473804.774,139855.599,322.969,340.637,417316.824,411669.236,447271.213,460221.745
 30.0,385.366,462641.123,19343.143,431015.961,451772.000,80033.212,399.649,331.139,404630.035,396777.184,427836.161,445492.641
 31.1,513.523,434551.149,12778.860,406259.200,421787.105,47905.968,375.991,294.333,384170.476,374586.771,409376.328,419840.890
 32.2,510.616,406858.541,7363.432,382113.422,399275.535,28377.890,354.232,342.677,363145.896,355984.259,385926.942,392941.582
 33.4,497.788,382482.537,4625.121,358875.588,375733.042,16983.704,333.708,339.887,342373.037,336250.943,364743.472,366634.531
 34.6,458.921,361181.959,33520.418,328328.467,354342.515,9978.559,269.740,415.163,320136.064,319915.334,342050.984,342495.411
 35.9,401.956,338494.825,70253.291,303347.639,329477.427,5009.346,331.469,391.874,298947.869,300274.783,319171.445,319659.762
 37.2,453.160,313263.403,64191.402,279549.156,306321.151,2693.906,399.421,352.942,281060.138,279654.132,296200.695,294328.946
 38.5,426.353,285527.717,43869.190,255507.826,282655.865,9072.234,293.262,391.357,255719.610,259224.168,271650.256,268279.283
 40.0,448.210,260206.606,25725.192,234817.286,259415.807,55249.434,357.730,377.991,230906.493,235915.462,246375.418,244763.582
 41.4,458.950,235599.536,13675.936,214431.035,235383.523,109235.714,432.795,347.975,209066.786,218579.026,222308.417,224585.500
 42.9,347.040,212822.150,15499.746,190368.841,211110.791,138317.797,320.312,382.986,188702.225,196819.504,201826.371,203396.613
 44.5,462.404,190027.123,36331.844,169615.452,190340.721,151602.381,311.123,368.412,173949.380,176658.717,178895.721,181223.613
 46.1,456.532,169221.577,58138.906,152558.926,172531.043,150884.945,302.029,350.236,157123.646,158372.612,160090.096,163469.955
 47.8,373.793,150915.725,70951.307,133680.970,153177.367,140702.403,341.603,396.879,142536.488,143114.236,141740.818,145843.248
 49.6,388.028,135233.162,75243.788,117363.877,136530.999,127487.939,358.825,424.577,126402.296,128341.307,126170.112,127991.061
 51.4,385.963,117748.382,73598.901,103633.941,119640.835,114737.966,321.104,318.704,110370.502,112526.033,109017.661,112027.534
 53.3,308.186,101987.602,66702.193,90452.964,103614.942,98408.167,326.147,354.726,96730.381,97472.175,94964.860,97907.287
 55.2,324.177,87184.821,60013.558,77256.992,87572.369,84988.225,324.791,329.603,84266.667,83562.691,81594.115,84104.415
 57.3,312.467,74695.925,52659.196,66223.270,76162.470,72202.814,294.907,329.689,70315.333,73957.695,69654.955,72026.948
 59.4,291.807,64592.756,44075.711,55255.754,63785.781,63705.982,258.023,294.354,61835.718,63211.059,59518.162,61067.603
 61.5,286.393,53411.987,38563.839,47063.046,53789.832,52613.603,326.475,290.272,51827.671,52485.292,47441.612,50299.611
 63.8,396.852,42454.062,29435.477,36211.447,41547.823,41035.163,237.795,196.516,41882.704,43071.504,37326.524,40326.037
 66.1,252.836,29823.926,20650.495,26622.379,29709.552,28261.201,262.656,145.149,29570.537,34411.740,27768.874,29847.147
 68.5,260.237,19566.676,13087.929,15148.953,19708.634,18465.613,264.476,106.127,19356.057,24205.873,19452.699,19465.472
 71.0,350.435,12014.429,6624.922,9820.099,10588.277,11150.102,309.120,32.900,13112.339,15604.518,11656.189,11049.116
 73.7,342.804,11020.966,7121.855,6797.321,8390.244,8822.356,252.592,90.593,9531.689,10358.592,7733.527,6506.254
 76.4,470.533,15472.218,14906.737,11300.913,11534.823,13894.133,219.727,130.848,11892.441,12650.049,11229.160,11617.620
 79.1,561.819,26675.784,28058.619,23460.740,22725.158,23782.066,251.377,138.864,21981.147,22283.356,20372.716,23401.769
 82.0,567.887,47326.445,53167.007,45592.242,45517.440,42927.282,219.172,264.313,42504.957,45132.730,42931.249,41313.462
 85.1,643.486,90499.597,101939.998,93723.520,89380.135,86795.936,271.799,296.412,82061.354,81324.556,82772.035,75289.618
 88.2,600.450,151446.790,170484.460,158505.794,167428.905,150640.847,275.660,246.191,139673.395,138735.905,135009.728,133173.012
 91.4,635.505,231779.514,250216.013,242145.531,244541.572,221597.371,202.369,262.051,213981.913,214305.258,214454.566,207861.063
 94.7,558.853,311975.799,334425.048,323692.423,324368.605,302556.495,227.615,633.591,287455.401,281957.070,287874.166,280008.564
 98.2,547.790,391300.939,412111.581,398144.203,402049.646,380005.387,303.221,964.750,364456.477,354550.408,358507.488,357246.676
101.8,457.589,456538.298,473932.100,455229.227,458622.014,436306.393,240.903,1112.867,419969.282,406913.429,406291.768,412596.112
105.5,333.044,464916.628,479906.380,466550.070,479788.722,454065.521,192.462,1107.044,432503.690,421176.099,425602.614,430383.388
109.4,277.337,405430.056,414460.939,416414.087,427047.799,403098.929,268.226,864.903,384502.676,379210.294,381163.087,384246.036
113.4,346.681,304027.049,312718.954,318335.973,332850.959,307099.423,252.045,568.732,298052.073,294797.646,295716.482,295317.862
117.6,268.052,202363.738,209219.340,216194.968,228130.620,213881.608,227.581,442.748,205636.564,203603.374,203673.393,200106.032
121.9,386.073,113708.960,116514.237,125688.730,134487.752,129694.024,222.799,330.188,121954.113,119625.506,121538.961,118229.329
126.3,398.618,61637.040,63439.933,70289.077,74486.724,75494.952,213.645,220.006,68822.753,69538.546,67676.851,66216.388
131.0,90.312,42916.130,44918.751,50117.614,52526.701,56021.958,258.101,268.234,47245.355,52549.696,46993.982,47811.497
135.8,0.000,42000.528,42329.839,45785.918,47726.288,52469.403,274.262,239.021,43430.441,48429.861,43434.136,45070.366
140.7,0.000,41829.746,41935.853,43930.777,45702.018,50848.937,243.280,292.970,42177.153,48879.570,42797.390,44401.691
145.9,0.000,38457.902,37485.356,39017.731,41215.050,46602.284,269.184,199.970,37866.604,46058.398,38616.098,40058.880
151.2,0.000,31208.185,30539.571,32252.252,34459.443,38542.639,174.952,196.874,31299.274,38969.428,33456.908,33633.549
156.8,0.000,23184.997,23465.621,24516.534,26275.969,29819.683,270.175,155.342,24294.043,30119.399,25594.072,25326.577
162.5,0.000,16429.035,16763.212,16622.104,18378.445,21559.219,260.258,84.760,18304.116,21320.578,18790.142,18487.282
168.5,48.256,10167.510,10482.453,10763.167,12158.067,14417.617,254.205,88.332,12554.757,14391.338,12812.473,12651.517
174.7,159.969,6845.525,7517.228,7684.182,8203.800,10081.345,355.553,78.231,8711.896,10542.722,9110.942,9363.840
181.1,220.754,5286.090,5788.813,5734.150,6150.003,7506.036,300.976,49.523,6628.990,7687.177,6656.131,6906.605
187.7,137.068,3878.121,4312.799,4454.393,4462.405,5457.417,292.603,8.019,5117.314,5820.119,5261.352,5297.977
194.6,308.627,2596.601,3065.083,2778.197,3259.368,3921.450,369.285,0.000,3343.240,3830.722,3603.147,3742.459
201.7,1068.556,1729.735,1997.475,1878.327,2081.888,2610.534,342.505,0.000,2200.253,2744.310,2410.362,2456.484
209.1,1813.313,1200.552,1397.538,1230.285,1411.288,1589.620,310.318,0.000,1535.608,1922.188,1660.214,1725.729
216.7,2165.701,830.351,987.723,823.284,976.608,1047.485,368.083,5.954,1075.556,1298.071,1200.537,1251.178
224.7,1754.155,514.482,675.625,554.680,675.033,666.633,383.439,0.000,713.970,905.800,751.237,853.230
232.9,1539.212,341.825,503.653,408.198,510.617,463.879,384.605,0.000,494.772,657.018,611.124,595.118
241.4,1172.110,253.600,289.227,294.091,280.646,394.168,430.424,34.048,337.689,474.716,364.406,390.966
250.3,817.390,155.928,167.858,133.335,141.792,349.042,391.917,58.427,217.329,265.234,191.077,260.653
259.5,619.270,132.819,147.509,121.140,127.252,353.232,423.434,11.802,124.217,208.958,179.140,163.272
269.0,552.808,96.045,48.457,84.792,74.985,374.773,452.300,77.906,66.259,118.485,128.660,92.364
278.8,380.912,93.391,15.998,75.604,52.838,379.367,330.907,29.536,64.117,84.205,92.029,92.402
289.0,255.588,9.199,27.555,32.816,57.466,357.876,374.735,33.441,38.130,88.713,70.436,85.817
299.6,185.853,8.117,58.462,8.580,29.092,355.128,330.691,43.739,25.394,57.883,32.903,77.673
310.6,251.499,126.171,104.166,72.994,76.719,352.148,335.979,77.500,51.100,113.639,56.543,70.443
322.0,203.745,93.828,65.241,41.326,46.086,313.512,365.193,79.617,78.818,105.305,88.323,77.085
333.8,201.885,67.525,89.912,31.268,54.808,300.371,308.322,51.975,78.712,67.757,65.752,46.702
346.0,138.309,15.276,38.634,40.325,35.882,247.317,283.611,31.568,47.229,69.373,54.451,58.001
358.7,168.419,65.961,23.476,53.351,46.953,278.697,256.269,18.499,62.430,34.437,54.719,57.761
371.8,55.971,25.145,24.357,32.527,17.001,279.545,219.966,40.596,20.216,23.109,38.961,32.775
385.4,89.263,19.493,5.568,11.715,0.000,198.914,229.989,13.097,0.000,5.962,1.940,0.000
399.5,36.958,4.500,42.640,20.197,0.000,203.229,177.816,2.775,0.000,46.858,21.008,0.000
414.2,159.788,113.222,136.261,79.133,89.886,122.122,129.914,80.489,70.853,88.065,93.843,73.330
429.4,233.864,132.240,116.862,102.584,124.984,169.869,162.989,145.252,98.661,82.078,114.604,90.579
445.1,176.713,139.879,145.879,106.916,113.596,60.054,108.273,78.387,92.209,98.390,88.820,103.504
461.4,150.304,79.929,158.336,91.922,115.576,79.789,82.942,60.797,102.092,93.899,117.228,62.857
478.3,152.831,96.917,101.940,102.314,81.217,81.206,66.574,75.271,58.974,84.323,78.465,47.697
495.8,134.902,73.277,87.833,84.938,96.347,56.667,45.256,76.352,73.879,76.789,71.700,65.526
514.0,200.118,74.294,108.594,80.429,66.373,66.364,46.203,65.933,72.341,72.170,57.400,51.805
532.8,182.140,58.815,93.873,79.616,79.379,26.455,32.320,65.985,79.593,76.956,62.086,67.741
552.3,167.692,47.678,103.592,101.782,86.418,20.970,23.955,56.058,55.376,66.155,60.133,76.326
572.5,169.613,115.452,116.326,119.830,105.573,30.544,12.212,73.536,84.882,104.239,101.161,81.750
593.5,195.661,98.494,110.365,135.237,97.763,24.754,9.279,100.121,72.490,55.945,69.948,72.435
615.3,170.875,113.052,158.465,121.600,86.911,9.471,6.311,123.165,106.052,98.358,84.136,99.632
637.8,269.803,128.867,182.211,123.823,107.912,9.667,6.442,117.602,104.102,135.689,91.030,103.321
661.2,205.649,153.964,192.638,155.850,153.583,6.534,9.797,148.808,119.169,134.461,140.266,111.304
685.4,257.925,192.767,196.644,167.633,126.846,6.675,3.336,134.886,164.211,97.153,119.403,132.570
Scan Time (s),155,155,155,155,155,155,155,155,155,155,155,155
Retrace Time (s),4,4,4,4,4,4,4,4,4,4,4,4
Scan Resolution (Hz),50,50,50,50,50,50,50,50,50,50,50,50
Scans Per Sample,1,1,1,1,1,1,1,1,1,1,1,1
Sheath Flow (L/min),3.000,3.000,3.000,3.000,3.000,3.000,3.000,3.000,3.000,3.000,3.000,3.000
Aerosol Flow (L/min),1.04,1.13,1.13,1.13,1.13,1.13,1.13,1.13,1.12,1.12,1.12,1.12
Bypass Flow (L/min),0.00,0.00,0.00,0.00,0.00,0.00,0.00,0.00,0.00,0.00,0.00,0.00
Low Voltage (V),10.25,11.04,11.07,11.07,11.07,11.08,11.04,11.04,11.07,11.07,11.08,11.07
High Voltage (V),9088.98,9225.80,9201.69,9201.40,9203.14,9205.78,9198.71,9198.42,9203.14,9204.30,9206.94,9204.59
Lower Size (nm), 16.0, 16.0, 16.0, 16.0, 16.0, 16.0, 16.0, 16.0, 16.0, 16.0, 16.0, 16.0
Upper Size (nm),723.4,723.4,723.4,723.4,723.4,723.4,723.4,723.4,723.4,723.4,723.4,723.4
Density (g/cm³),1.0,1.0,1.0,1.0,1.0,1.0,1.0,1.0,1.0,1.0,1.0,1.0
td + 0.5 (s),1.53,1.53,1.53,1.53,1.53,1.53,1.53,1.53,1.53,1.53,1.53,1.53
tf (s),6.14,6.01,6.01,6.01,6.02,6.02,6.01,6.01,6.02,6.02,6.02,6.02
D50 (nm),699.1,674.8,674.6,676.6,676.9,677.0,676.4,676.4,677.9,678.3,678.4,677.6
Neutralizer Status,ON,ON,ON,ON,ON,ON,ON,ON,ON,ON,ON,ON
Median (nm),98.532,27.206,21.678,26.949,27.431,23.470,83.789,62.459,28.021,28.412,27.325,27.146
Mean (nm),156.191,41.895,45.342,42.532,42.864,43.341,132.767,103.162,43.616,44.251,42.274,41.911
Geo. Mean (nm),100.504,33.278,32.909,33.481,33.845,32.567,86.371,67.169,34.413,34.845,33.457,33.220
Mode (nm),216.739,16.253,16.253,16.253,16.253,16.253,268.960,101.815,16.253,16.253,16.253,16.253
Geo. Std. Dev.,2.693,1.878,2.133,1.903,1.898,2.022,2.630,2.361,1.905,1.913,1.887,1.880
Total Conc. (#/cm³),6.237856e+002,2.995651e+005,2.132402e+005,2.909848e+005,2.999407e+005,2.495542e+005,4.264439e+002,3.704605e+002,2.634561e+005,2.587483e+005,2.798430e+005,2.854723e+005
Title,,,,,,,,,,,,
User Name,VanceLab,VanceLab,VanceLab,VanceLab,VanceLab,VanceLab,VanceLab,VanceLab,VanceLab,VanceLab,VanceLab,VanceLab
Sample ID,,,,,,,,,,,,
Instrument ID,,,,,,,,,,,,
Lab ID,,,,,,,,,,,,
Leak Test and Leakage Rate,,,,,,,,,,,,
Instrument Errors,Normal Scan,Normal Scan,Normal Scan,Normal Scan,Normal Scan,Normal Scan,Normal Scan,Normal Scan,Normal Scan,Normal Scan,Normal Scan,Normal Scan
Comment,,,,,,,,,,,,
