Sample File,C:\Users\vancelab\Desktop\Chamber\Raw data\Chamber_Water_SMPS_FreshSmoke_LRH_20230531_dryeronwaterSMPS.S80
Classifier Model,3080
DMA Model,3081
DMA Inner Radius(cm),0.00937
DMA Outer Radius(cm),0.01961
DMA Characteristic Length(cm),0.44369
CPC Model,3788 High Flow
Reference Gas Viscosity (Pa*s),1.83245e-005
Reference Mean Free Path (m),6.73e-008
Reference Gas Temperature (K),296.15
Reference Gas Pressure (kPa),101.3
Channels/Decade,64
Multiple Charge Correction,TRUE
Nanoparticle Aggregate Mobility Analysis,FALSE
Diffusion Correction,TRUE
Gas Density,0.0012
Units,dw/dlogDp
Weight,Number
Sample #,1,2,3,4,5,6,7,8,9,10,11,12,13,14
Date,05/31/23,05/31/23,05/31/23,05/31/23,05/31/23,05/31/23,05/31/23,05/31/23,05/31/23,05/31/23,05/31/23,05/31/23,05/31/23,05/31/23
Start Time,15:03:00,15:06:00,15:09:00,15:12:00,15:15:00,15:18:00,15:21:00,15:24:00,15:27:00,15:30:00,15:33:00,15:36:00,15:39:00,15:42:00
Diameter Midpoint
 16.3,0,0,0,0,0,0,31.1058,31.1058,0,0,0,0,0,0
 16.8,0,0,0,0,0,0,0,0,0,0,0,0,0,0
 17.5,0,0,0,0,0,0,0,0,27.499,0,0,0,0,0
 18.1,0,25.913,0,25.913,0,0,0,0,0,0,25.913,0,0,0
 18.8,0,0,0,0,0,0,0,0,0,0,0,24.2931,0,0
 19.5,22.9342,0,0,0,0,0,0,22.9342,0,0,0,0,0,0
 20.2,0,21.6705,21.6705,65.0116,21.6705,0,0,0,0,0,0,0,0,0
 20.9,37.0197,0,12.0011,0,0,0,0,0,0,18.6147,0,18.7459,0,0
 21.7,12.7701,53.4977,1.61467,15.2041,15.334,36.059,0,0,0,0,0,0,0,17.7872
 22.5,0,47.8284,9.95766,28.9375,0,49.8757,0,0,0,0,0,15.574,31.6791,0
 23.3,24.1212,0,0.428086,0,87.4755,0,55.5919,7.01625,37.644,11.6637,28.0609,10.8226,30.1958,0
 24.1,77.2889,33.0139,0,53.809,30.7678,0,0,25.6354,16.2743,0,0,9.04381,12.2679,24.7053
 25.0,0,32.4656,107.02,24.4188,75.5518,62.1352,16.0148,14.5821,32.6032,20.4147,0,14.7201,28.8996,7.30471
 25.9,161.663,40.5355,103.787,2.14077,2.6106,66.8387,51.1305,36.0244,24.8029,69.1253,15.9511,1.98489,39.9093,0
 26.9,111.425,112.123,102.255,162.976,71.1943,67.8494,118.647,94.117,29.0528,88.1634,45.6842,23.9564,88.7982,60.7159
 27.9,101.114,154.379,148.793,177.048,73.7754,110.569,61.367,175.072,72.5356,75.1557,38.7978,71.3527,47.5147,32.5888
 28.9,165.437,114.281,247.366,149.821,222.524,134.149,166.479,161.881,94.0994,111.805,80.1421,15.735,43.6363,90.2963
 30.0,319.437,298.366,208.656,338.309,115.228,199.071,180.526,216.571,184.815,151.283,103.441,140.726,96.3949,25.6009
 31.1,457.517,325.584,272.981,285.667,283.791,189.347,265.313,260.515,125.102,122.886,207.435,118.243,121.137,114.124
 32.2,530.324,452.947,515.057,481.551,398.14,330.073,332.984,330.364,337.575,247.613,188.606,173.428,316.639,254.225
 33.4,583.815,618.59,518.766,583.382,549.223,431.748,379.77,563.333,402.879,313.469,374.475,359.502,258.182,292.588
 34.6,1053,791.188,747.177,589.46,573.714,633.443,497.813,351.383,341.865,311.733,411.99,355.621,201.137,404.888
 35.9,1376.33,1112.32,818.949,977.399,697.799,728.335,654.537,717.866,627.245,349.892,597.023,531.159,418.257,353.161
 37.2,1294.97,1490.95,1223.53,1063.48,1186.3,615.231,920.37,922.035,773.436,826.368,522.525,647.93,506.943,585.684
 38.5,2012.06,1583.04,1421.9,1200.27,1565.81,1147.2,1170.06,1124.14,967.804,817.206,917.975,835.957,821.957,673.737
 40.0,2281.29,2030.75,1908.03,1968.81,1743.24,1436.41,1357.97,1293.03,1250.22,1176.43,893.965,1014.92,837.697,856.985
 41.4,2834.32,2270.83,2050.03,2185.32,2065.37,1630.27,1746.81,1525.69,1714.86,1224.94,1334.83,1396.22,1257.19,1118.52
 42.9,3776.03,3205.41,2836.33,3034.67,2936.5,2361.43,2329.81,1773.87,1669.83,2019.45,1685.09,1586.26,1368.04,1636.66
 44.5,4313.92,3780.51,3698.59,3625.31,3249.68,3255,2698.65,2593.84,2610.16,2475.78,2301.9,1952.49,2188.72,1971.15
 46.1,5018.22,4728.3,4253.71,4274.89,4104.76,3693.07,3526.25,3088.67,2935.72,3129.04,2962.02,2724.16,2358.33,2098.65
 47.8,6520.39,6014.71,5487.24,5398.27,4736.91,4276.1,3990.78,3829.95,3669.85,4052.33,3028.85,2693.3,3054.31,2410.24
 49.6,7489.39,6906.72,7037,6342.88,5867.88,5795.04,5629.24,5081.03,4574.73,4442.33,4018.04,3593.15,3701.48,3572.03
 51.4,9362.38,8327.22,8284.05,7713.5,7334.66,6860.61,6708.16,6312.4,6146.34,5377.3,4506.5,4835.31,4843.63,4831.13
 53.3,10899.1,10602.1,10376.9,9501.36,8255.6,7908.23,7757.61,7476.05,6050.46,6182.68,6111.93,6233.87,5117.65,5518.74
 55.2,13549.8,12363.6,12252.9,11444.8,10097.3,9670.01,9061.62,8392.33,7939.37,8114.38,7365.97,6930.92,6669.87,5988.09
 57.3,15724.4,14235.1,14480.7,13827.5,11984.9,11700.3,10861,10097.1,9490.25,9024.5,8576.67,8431.56,7468.5,7712.82
 59.4,18016.1,17912.7,15752.4,15545.5,14074.7,13586.9,12512.4,12380.2,11563.9,11211.6,9805.39,9801.93,9406.53,8906.59
 61.5,20885.5,20729.8,17985.3,17196.7,16515.2,15798.8,14513.9,14401.3,13679.7,12929.3,11500.8,11247.1,11099.4,10379.3
 63.8,24004.4,23691.4,22009,19964.4,19303.6,18059,17083.7,16392,15017.3,14682.6,13775.8,12674.4,12681.4,12009.8
 66.1,28065.6,25695.8,24172.7,23482.7,22266.5,20378.1,19662.7,18766.1,17612.9,16881.7,15815.6,15418.1,14958.2,14511
 68.5,31582.2,29257,27963,26458,24965.4,23798.1,22899.2,21924.9,20618.5,19824.6,19007.6,17524.8,16921,15343.5
 71.0,34525.7,31717.1,30090.5,29660.3,27013.5,25088.5,24839.9,22150.6,21108.4,20078.1,20049.1,18797.2,18033.8,17549.7
 73.7,37008.8,35783.2,32671.7,31444.5,28559.6,27156.6,26130.2,23784.6,22208.6,22047.7,22054.7,20237.1,18908.7,17806.1
 76.4,40179.2,39308.1,35548.1,36271.8,32686.7,30978.3,29272.4,27097.6,25371.8,25498.3,24688.6,22539.1,21898.9,20282
 79.1,45490.2,42424.8,39439.1,37645.5,35798.7,35044.9,33419.8,30742.7,30349.3,27729,26993.1,26195.2,23483.1,23007.4
 82.0,49737.5,47292,45711.6,41685.2,39467.1,38456.4,36797.9,33325.9,32467.7,30694.7,29832,28636.1,26907.5,26922.6
 85.1,55098.8,49829.3,47567.1,45101.6,43552.1,42038.2,40211.9,36989.6,35082,35004.1,32357.3,30309.9,28663.3,28498.1
 88.2,61445.3,55537,53220.8,49703.7,50112.3,45331.6,42518.6,40956.6,38615.4,37955.9,35094.9,35046.5,32308.5,31469.9
 91.4,64730.4,59813.7,57249.2,55416.3,51555.4,49700.3,47319.8,43272,41945.8,39599.9,39394,36451.8,35013.4,33633.1
 94.7,68438,63447,61296.4,60443.1,55546.8,53616.1,50668.6,48171.7,45201.3,42408.1,41849.8,39504.1,37291.8,36795.5
 98.2,73841.1,69262,66374.5,64120.8,60570.4,58284.6,54766.4,50435.4,48082.3,46202.2,45223.8,41830.4,39285.2,38155.7
101.8,79243.9,73159.6,70335.1,67444.1,64344,59651.9,57014,54068.8,53254.1,48271.9,47854.9,45616,42337.7,41242
105.5,84348.3,78030.7,73403.7,70681.6,67879.8,64185.5,60835.9,57422.5,56114.9,53304.9,50070.6,48182.6,45346.5,43315.9
109.4,86909.8,81545.9,78105.4,73498.6,69793.6,67025.9,63647.8,60908.7,58962.9,55375.7,51323.3,51338.4,46773.9,47472.9
113.4,91337.3,83877.7,82412.3,76490,75580.3,69587.7,66677.5,63495.8,61310.9,58144.9,54946.5,53278.2,49270.8,49169.3
117.6,93453.9,89580.9,84334.8,81276.8,77749.6,72650.9,69203,63653.6,63353.6,59671.9,55442.1,56071.1,53676.5,49351.5
121.9,97717.7,89729.4,87883.6,83482.5,81239.3,74698.4,71378,66999.4,67966.2,62288.3,59027,57152,54332.9,52746.8
126.3,100059,92597.4,88614.4,86674.5,83809.9,76840,74402.3,69729.9,67620,63527.4,60661.6,58670.4,55529.1,53228.5
131.0,101094,96188.8,90874.6,87438.3,83912.6,79659.1,75732.3,71539.3,69653.4,65953.9,62932.3,59230,57791.3,54334.5
135.8,104259,97573,94961.6,89941.4,84162.4,80773.5,77099.2,73436.7,70079.9,67077.7,64031.3,60688.4,58255.3,55367.5
140.7,105451,100476,95870.9,90477.3,85974.2,81450.6,77950.8,73906.8,70143.1,67149.3,64724.1,62727.6,59435.4,56528.6
145.9,105139,99217.2,95822.6,89774.9,87140.6,82435,79124.8,74826.3,72478.3,69757.2,65889.1,62665.5,60711.3,57917.9
151.2,103135,98104.8,94437.9,90009,86444.6,83692.3,78872.6,74711,71606.8,68346.8,64608.6,62259.4,59255.9,57246.5
156.8,102601,99028.5,93574.9,88698.3,86137.7,82151.4,78090.2,73199.7,70978.4,68287.2,63367,62620.3,59811.3,57135.6
162.5,101633,97302.5,93581.5,88251.5,85808.1,80719.1,76310.6,72654.8,70035,66880.1,64821.3,61614.8,59543.3,56314.5
168.5,101052,96993.9,89467.9,87293,83278.8,78849.5,75501.3,71953.8,68709.3,66061.2,64629,59214.5,59665.7,55528.3
174.7,96531.5,93281.3,88304,84009.8,81225.2,78410.9,74551.3,70541.4,67625.3,65061,61633,59907.5,58278,54422.7
181.1,94710.4,89837,84831.4,81720.9,77332.6,74835.2,71530.5,68786.2,65531.1,63232.7,61463.7,57513.6,54474,51829.8
187.7,89496.9,87891.2,82944.2,77297.3,74552.3,72098.4,68528.1,65815.3,61607.9,60976,58313.6,54986.7,53988.9,50307.4
194.6,84786.7,82110.7,77368.5,72887.1,70933.3,67826.8,65734.2,60422.1,59640.8,57521.3,54620.1,53800.6,50013.1,48125.6
201.7,80228.7,77432.5,72328,70773.1,66841.5,63512.7,61966.5,58099.9,55378.6,54253.6,51655,49344.1,47764.1,45058.4
209.1,74300.3,70757.8,68412.5,65565.3,62122.7,60112,57800,55071.5,51885.4,50379,48889,47015.7,44810.3,42581.4
216.7,67911.1,65148.5,62648.7,59592.5,57297.3,54397.7,52109,50745,47893.3,47560.4,45291.5,43527.2,41747.2,39469
224.7,62716.7,60685.3,56755,54090,53573.3,50042.7,48463.2,45699.2,44616,43271.6,41131.9,39112.8,37527.5,35265.2
232.9,54685.7,53256.1,50925.3,50154.7,46957.1,44667.9,43095.5,42562.9,40865,38677.5,37143.9,35436.7,34959.9,32261.9
241.4,50349.9,48565.6,46300.3,44103.2,42353.2,40413,39279.8,37267.6,35696.3,34669.5,33217.1,32291.3,30536.1,29866.2
250.3,44686,41596,39794.9,38819.8,37492.8,35747.6,35763.8,33337.6,32098.8,30591,30145.5,28420.5,27704.2,25432
259.5,38509.3,36384.6,34648.6,33995.5,32461.2,30843.5,30451.1,29815,28082.4,27690.2,26376.2,25569,23703.7,23371.2
269.0,32543.4,31210.7,30785.3,29353.3,27988.6,27596.4,27068.3,24705.8,23952.7,23168,22705.4,21997.1,20826.2,20180.8
278.8,27380.5,26039.9,25195,24427,23676.4,23253.1,21650.4,20840.9,20759.7,19827.1,19257.7,18409.1,17718.5,16567.7
289.0,22739.1,23154.7,21899.6,21112.5,19887.4,19356.8,19245.5,17538.8,17427.8,16432.4,16575.1,15909.7,14942.2,14343.9
299.6,18602.6,18557.4,17021.5,17132.3,16356.9,15797.7,15558.4,14562.1,14071,14149.9,13261,13251.1,12642.8,11989
310.6,15296.3,15023.2,13920.8,14127.6,12933.8,12915.4,12435.3,13015.1,11991.7,11489.9,10751.3,10847.4,10154.5,9859.96
322.0,12150.4,12045.3,11087.8,11223,11029.3,10582.2,10240.8,9586.93,9530.18,9357.79,8847.29,8563.67,8444.35,8159.22
333.8,9440.27,8868.08,8564.25,9003.84,8543.09,8378.71,8106.44,8125.47,7590.58,7384.59,7504.95,6626.92,6550.06,6267.73
346.0,7202.73,7154.89,6858.27,6027.4,6527.62,6329.6,6541.86,5886.24,5862.48,5628.56,5539.13,5101.36,5205.48,5213.62
358.7,5176.65,5534.83,5014.18,5406.21,5145.34,4722.89,4777.26,4719.91,4475.42,4186.67,4302.41,4049.08,4032.94,4003.22
371.8,4239.25,4135.03,4086.56,3719.64,3504.07,3517.97,3472.01,3294.6,3293.1,3417.36,3281.79,2865.26,2843.85,3027.78
385.4,3050.73,3008.1,3089.05,2778.03,2649.31,2720.56,2495.51,2547.68,2613.15,2361.89,2432.5,2585.11,2070.63,2304.05
399.5,2038.21,2325.83,1994.86,2178.13,1919.24,2054.18,2178.17,1734.94,1956.2,1873.45,1745.51,1673.36,1741.81,1547.98
414.2,1588.14,1711.82,1716.84,1405.93,1385.76,1456.13,1414.14,1251.72,1414.68,1404.47,1144.05,1254.01,1120.83,1169.64
429.4,995.099,1077.92,972.181,1005.42,1007.47,797.773,964.328,883.977,969.654,837.784,868.217,746.721,816.36,864.891
445.1,758.111,890.069,576.729,582.064,571.394,783.347,607.029,842.164,635.208,667.386,718.667,572.758,505.547,609.832
461.4,502.499,478.536,559.831,391.494,421.933,452.327,367.575,465.584,439.464,401.471,421.159,343.745,479.747,420.43
478.3,324.563,419.962,251.272,346.672,372.096,274.95,373.609,183.222,340.073,270.276,281.291,261.186,298.96,263.265
495.8,166.935,160.477,234.468,195.156,257.144,235.455,172.898,122.495,186.875,146.158,200.701,225.694,201.195,207.652
514.0,133.614,109.559,106.688,113.247,124.111,149.02,100.056,109.485,177.492,135.829,222.769,105.105,138.774,108.087
532.8,48.5675,60.1945,100.925,82.9545,51.8636,61.5032,89.2981,43.7175,86.1263,69.6493,103.912,95.5811,89.2981,82.9545
552.3,58.8487,46.3723,37.2715,65.2849,80.9793,23.9595,84.4796,23.9595,87.6977,48.7547,45.5366,41.3254,59.6844,33.0603
572.5,34.6617,16.9035,17.7581,17.7581,27.0645,60.017,42.2588,26.2099,16.9035,17.7581,17.7581,16.9035,16.9035,16.9035
593.5,8.58027,17.1605,8.58027,17.1605,8.58027,0,17.1605,17.1605,38.3788,34.3211,8.58027,17.1605,25.7408,8.58027
615.3,0,0,0,0,0,0,0,0,0,0,0,0,0,0
637.8,0,0,0,0,0,0,0,0,0,0,0,0,0,0
661.2,0,0,0,0,0,0,0,0,0,0,0,0,0,0
685.4,0,0,0,0,0,0,0,0,0,0,0,0,0,0
710.5,0,0,0,0,0,0,0,0,0,0,0,0,0,0
Scan Up Time(s),155,155,155,155,155,155,155,155,155,155,155,155,155,155
Retrace Time(s),10,10,10,10,10,10,10,10,10,10,10,10,10,10
Down Scan First,FALSE,FALSE,FALSE,FALSE,FALSE,FALSE,FALSE,FALSE,FALSE,FALSE,FALSE,FALSE,FALSE,FALSE
Scans Per Sample,1,1,1,1,1,1,1,1,1,1,1,1,1,1
Impactor Type(cm),0.071,0.071,0.071,0.071,0.071,0.071,0.071,0.071,0.071,0.071,0.071,0.071,0.071,0.071
Sheath Flow(lpm),3,3,3,3,3,3,3,3,3,3,3,3,3,3
Aerosol Flow(lpm),1.5,1.5,1.5,1.5,1.5,1.5,1.5,1.5,1.5,1.5,1.5,1.5,1.5,1.5
CPC Inlet Flow(lpm),1.5,1.5,1.5,1.5,1.5,1.5,1.5,1.5,1.5,1.5,1.5,1.5,1.5,1.5
CPC Sample Flow(lpm),0.3,0.3,0.3,0.3,0.3,0.3,0.3,0.3,0.3,0.3,0.3,0.3,0.3,0.3
Low Voltage,14.0228,14.0228,14.0228,14.0228,14.0228,14.0228,14.0228,14.0228,14.0228,14.0228,14.0228,14.0228,14.0228,14.0228
High Voltage,9507.79,9507.79,9507.79,9507.79,9507.79,9507.79,9507.79,9507.79,9507.79,9507.79,9507.79,9507.79,9507.79,9507.79
Lower Size(nm),15.9634,15.9634,15.9634,15.9634,15.9634,15.9634,15.9634,15.9634,15.9634,15.9634,15.9634,15.9634,15.9634,15.9634
Upper Size(nm),723.394,723.394,723.394,723.394,723.394,723.394,723.394,723.394,723.394,723.394,723.394,723.394,723.394,723.394
Density(g/cc),1,1,1,1,1,1,1,1,1,1,1,1,1,1
Title,,,,,,,,,,,,,,
Status Flag,Conditioner Temperature Error ,Conditioner Temperature Error ,Conditioner Temperature Error ,Conditioner Temperature Error ,Conditioner Temperature Error ,Conditioner Temperature Error ,Conditioner Temperature Error ,Conditioner Temperature Error ,Conditioner Temperature Error ,Conditioner Temperature Error ,Conditioner Temperature Error ,Conditioner Temperature Error ,Conditioner Temperature Error ,Conditioner Temperature Error 
td(s),0.286,0.286,0.286,0.286,0.286,0.286,0.286,0.286,0.286,0.286,0.286,0.286,0.286,0.286
tf(s),5.51527,5.51527,5.51527,5.51527,5.51527,5.51527,5.51527,5.51527,5.51527,5.51527,5.51527,5.51527,5.51527,5.51527
D50(nm),593.091,593.091,593.091,593.091,593.091,593.091,593.091,593.091,593.091,593.091,593.091,593.091,593.091,593.091
Median(nm),139.24,140.386,140.241,140.264,140.722,141.305,141.637,142.076,141.993,142.655,142.88,142.797,143.492,142.908
Mean(nm),149.02,149.981,149.966,150.219,150.627,151.129,151.616,151.981,152.237,152.579,152.966,152.986,153.419,153.161
Geo. Mean(nm),136.519,137.374,137.433,137.577,138.068,138.512,138.894,139.244,139.532,139.802,140.156,140.214,140.621,140.308
Mode(nm),140.746,140.746,140.746,140.746,145.902,151.247,145.902,145.902,145.902,145.902,145.902,140.746,145.902,145.902
Geo. Std. Dev.,1.5312,1.53196,1.52974,1.53219,1.52871,1.52881,1.53068,1.53075,1.52822,1.53005,1.52951,1.52856,1.52863,1.52979
Total Concentration(#/cm³),50062.3,47435.5,45144.4,43200.5,41268.8,39211,37536,35445.5,34096.5,32668.7,31222.4,29918.6,28546.2,27313.5
Comment,,,,,,,,,,,,,,
