Sample File,C:\Users\vancelab\Desktop\Chamber\Raw data\Chamber_Water_SMPS_FreshSmoke_MRH_20230508.S80
Classifier Model,3080
DMA Model,3081
DMA Inner Radius(cm),0.00937
DMA Outer Radius(cm),0.01961
DMA Characteristic Length(cm),0.44369
CPC Model,3788 High Flow
Reference Gas Viscosity (Pa*s),1.83245e-005
Reference Mean Free Path (m),6.73e-008
Reference Gas Temperature (K),296.15
Reference Gas Pressure (kPa),101.3
Channels/Decade,64
Multiple Charge Correction,TRUE
Nanoparticle Aggregate Mobility Analysis,FALSE
Diffusion Correction,TRUE
Gas Density,0.0012
Units,dw/dlogDp
Weight,Number
Sample #,1,2,3,4,5,6,7,8,9,10,11,12,13,14,15,16,17,18,19,20,21,22,23,24,25,26,27,28,29,30,31,32,33,34,35,36,37,38,39
Date,05/08/23,05/08/23,05/08/23,05/08/23,05/08/23,05/08/23,05/08/23,05/08/23,05/08/23,05/08/23,05/08/23,05/08/23,05/08/23,05/08/23,05/08/23,05/08/23,05/08/23,05/08/23,05/08/23,05/08/23,05/08/23,05/08/23,05/08/23,05/08/23,05/08/23,05/08/23,05/08/23,05/08/23,05/08/23,05/08/23,05/08/23,05/08/23,05/08/23,05/08/23,05/08/23,05/08/23,05/08/23,05/08/23,05/08/23
Start Time,10:13:00,10:16:00,10:19:00,10:22:00,10:25:00,10:28:00,10:31:00,10:34:00,10:37:00,10:40:00,10:43:00,10:46:00,10:49:00,10:52:00,10:55:00,10:58:00,11:01:00,11:04:00,11:07:00,11:10:00,11:13:00,11:16:00,11:19:00,11:22:00,11:25:00,11:28:00,11:31:00,11:34:00,11:37:00,11:40:00,11:43:00,11:46:00,11:49:00,11:52:00,11:55:00,11:58:00,12:01:00,12:04:00,12:07:00
Diameter Midpoint
 16.3,139.401,0,0,0,0,5.18815e+006,96346.2,35054.2,15970.6,8180.82,4033.21,2089.77,1789.28,1012.3,279.908,314.402,153.484,174.886,139.494,69.9544,34.979,0,69.9911,0,0,139.982,48.5432,0,104.565,0,0,0,0,0,34.9919,0,0,0,0
 16.8,163.516,0,0,0,0,4.95424e+006,98847.4,35926.2,18827.2,8495.22,5137.6,2666.84,1819.25,1360.19,638.328,572.784,281.829,229.025,57.3348,90.0413,98.1583,90.0413,32.7342,32.7279,0,32.7342,20.049,0,0,0,0,0,65.4879,0,0,0,0,0,0
 17.5,122.686,0,0,0,0,4.24853e+006,100598,41430.5,19020.8,10049.5,5999.46,3173.27,1687.31,1225.13,693.736,724.324,310.15,214.791,225.702,130.346,153.43,68.9769,30.6991,61.3868,30.7021,3.26139,30.6934,30.7021,0,30.7109,0,30.7035,0,0,0,0,0,0,0
 18.1,115.197,0,0,0,0,3.01044e+006,102464,41332.4,21690.6,11404.9,6348.39,3771.36,2678.34,1445.69,900.373,685.59,528.562,144.055,285.101,112.336,128.201,28.811,28.8241,28.819,28.8268,125.192,0,0,0,0,0,0,28.832,0,0,0,0,0,0
 18.8,183.825,0,0,0,0,2.18761e+006,103174,45010.6,23267.9,13345.7,7791.9,4575.13,3049.05,1867.94,1274.74,922.342,470.059,470.338,244.098,301.028,274.263,129.662,54.2583,81.3734,27.1315,14.9336,54.249,21.2038,0,27.1386,54.2559,0,0,0,54.2536,0,27.1161,0,0
 19.5,184.367,0,0,0,0,1.71619e+006,103451,46270.5,24997.4,13918.9,8746.52,5029.13,3037.99,2070.82,1568.37,871.187,754.441,788.462,383.321,309.206,167.074,84.8336,76.6833,130.385,56.3286,79.2842,153.341,31.1483,51.1307,51.1392,25.5601,25.5643,51.1349,25.5569,0,0,51.0989,0,25.5653
 20.2,72.2738,0,0,0,0,1.31645e+006,105813,47907,27726.5,15885.1,9674.23,6088.68,3260.01,2631.51,1950.78,1124.13,938.174,559.267,467.846,286.746,214.455,248.421,130.426,118.075,187.984,166.312,33.9829,0,96.4527,48.234,58.0954,82.2168,48.2302,0,0,0,24.0989,0,9.88052
 20.9,45.1666,0,0,0,0,899148,103156,50110.1,28171.3,16546.5,9478.01,6746.55,4152.78,2882.17,1666.51,1548.05,841.988,769.885,288.981,386.348,421.72,198.645,297.14,310.403,174.351,27.6485,61.3244,68.3127,6.47705,56.5034,68.8316,95.3632,56.5102,12.0733,13.1937,15.7954,39.3134,15.3423,6.17936
 21.7,21.3412,0,0,0,0,630712,102835,49999.5,30070.6,17894.6,11776.6,6977.84,5463.08,3079.26,2207.83,2100.11,1192.95,810.019,781.184,744.982,339.128,256.725,240.317,394.822,226.976,290.331,122.291,46.8586,23.525,24.7333,68.0511,91.1783,29.1671,0,33.0083,0,7.40607,33.5658,8.92745
 22.5,20.2077,0,0,0,0,459987,104251,53863.5,31105.5,18821.9,12352,8191.72,5361.48,3636.2,2582.99,2119.97,1759.36,1098.5,1042.15,852.396,576.726,401.561,553.183,316.058,161.964,167.541,103.096,160.709,195.025,58.8458,52.7305,140.518,43.2793,21.462,147.723,48.1111,30.9766,27.5848,9.44399
 23.3,0,0,0,0,0,291728,104405,52633.4,33031.4,21338.6,14138,9346.02,6517.49,4424.04,3378.54,2427.73,1975.61,1614.48,1267.19,881.683,511.456,464.25,422.922,250.548,334.616,259.179,184.566,193.894,142.631,126.635,137.907,143.184,119.59,148.894,55.9362,57.6945,98.0109,37.8589,0.80723
 24.1,18.0928,0,0,0,0,190132,101060,56070.6,35766.5,23003.9,14791,10726.4,6232.48,4921.95,3721.25,3182.15,2031.88,1487.5,1402.51,1211.91,957.197,522.063,583.581,424.184,291.336,376.772,238.18,151.498,133.606,80.2056,138.979,74.8471,100.991,180.374,126.606,97.8572,31.2251,61.843,66.5021
 25.0,0,0,0,0,0,135793,101995,59039.7,36381.5,24475.1,16881.4,11549.2,8224.29,6558.69,3949.29,3530.7,2705.85,2162.71,1515.99,1583.93,1322.18,818.599,797.246,517.467,555.752,371.037,537.184,296.479,224.084,309.764,218.403,155.477,170.47,109.62,114.025,137.876,229.664,64.3278,14.8278
 25.9,49.2893,0,0,0,0,89902.3,99127.4,61374.7,39163.6,26249.5,19844.3,12416.7,9529.78,7167.93,5072.38,3804.49,3420.04,2891.08,2224.84,1738.69,1337.39,1231.61,844.556,731.544,555.477,372.706,527.794,507.853,454.703,423.696,406.694,280.21,246.741,176.853,264.814,75.2176,169.14,91.7982,50.2456
 26.9,15.67,0,0,0,0,101146,101105,60096.8,41870.6,29263.9,19733,15279.6,9927.15,8502.34,5882.72,4826.36,4151.66,3128.79,2925.82,1967.02,2079.94,1328.61,1319.77,841.699,925.259,959.526,461.761,734.503,349.581,525.404,273.264,243.335,205.76,406.69,379.528,208.909,198.09,121.043,61.9103
 27.9,0,0,0,0,0,148763,99019.8,63789,42531.8,31044.7,22211,14873.9,11267.2,8296.91,6553.72,5690.38,4623.83,3928.78,2985.31,2726.47,2118.48,1846.5,1416.54,1053,1153.12,1014.53,775.571,793.054,539.216,560.929,342.866,502.998,409.265,456.325,259.632,267.839,403.478,256.175,290.655
 28.9,0,0,0,0,0,145028,101910,62887.7,45805,31990.4,24579,16903.7,13366.1,10083.2,7637.84,6801.72,5651.85,4479.18,3337.51,3079.34,2138.21,2370.68,2016.69,1589.37,1369.4,1249.86,1057.03,1164.84,907.399,658.877,723.604,516.031,463.793,527.038,344.997,445.342,460.865,392.661,326.433
 30.0,0,0,0,0,0,104266,100621,64703.3,46453.4,35110,25827.4,19419.7,14562.3,11352.5,9330.91,8288.87,5907.37,4870.82,4975.58,3372.43,3097.43,2668.82,2039.49,1720.79,1761.35,1379.98,1557.07,1213.1,1267.84,889.874,967.553,659.688,888.937,827.407,739.445,534.825,461.383,570.451,563.097
 31.1,0,0,13.0324,0,0,76869.9,102921,69733.7,50391.4,35896.6,27762.2,21341.1,16656.9,12737.1,9761.08,9672.89,7547.52,6838.69,4778.42,4412.5,3854.73,3228.49,2934.98,2539.73,2356.1,2001.85,1800.94,1578.54,1279.43,1208.96,1163.89,1053.1,903.767,1026.13,643.523,552.215,944.389,610.553,837.076
 32.2,0,0,0,0,0,69591,106205,73307.7,53328.7,40390.1,31104,23677.1,18005.5,15453.4,10921.4,11276.5,8136.31,7742.35,6927.61,6122.11,4153.03,4068.55,3463.67,3182.79,2713.31,2679.55,2288.56,1868.74,1933.78,1611.68,1668.09,1256.83,1027,1119.32,830.548,742.77,859.024,759.99,630.597
 33.4,0,0,0,0,0,71667.7,109382,76468,56890.6,42502.9,34018.6,24928.9,20562,16748.5,15605.6,13146.1,11212.9,8616.91,7673.19,6289.62,5885.03,4548.29,4741.51,3724.09,3301.31,3493.21,2911.62,2384.68,2333.66,2150.79,1810.83,1536.97,1277.24,1234.42,1086.85,994.624,1143.85,1030.07,964.237
 34.6,0,0,0,0,0,90379.9,110600,80121.5,58185.2,46871.5,35676.5,28396.5,23243.5,18854.9,17277.9,14647.6,12555.5,10469,9221.6,7988.79,6799.36,5573.98,5249.42,4448.43,4136.75,3942.73,3415.01,3065.22,3034.13,2159.1,2377.67,1988.42,1605.35,1496.76,1475.54,1346.73,1483.76,1333,1113.77
 35.9,0,0,0,0,0,115890,118243,81909,62773.7,49733.5,39125.2,30708.5,26359.6,21629.9,21267.9,16101.5,14573.2,12144.5,10956.4,9161.24,7575.33,7083,5737.33,5068.23,4795.09,4582.48,4310.65,3364.31,3577.16,2854.99,2726.83,2474.09,2183.27,2048.37,1870.45,1406.58,1863.37,1611.22,1507.02
 37.2,0,0,0,0,0,147567,120826,88273.2,65747.2,53068.3,41657.3,35165.6,28090.9,23431.5,23132.1,19217.4,16327.5,13652.6,12925.6,10467.5,8904.15,7686.5,7753.02,6282,5457.58,5899.04,5379.76,4572.55,3552.35,3509.21,3414.64,3228.07,3056.05,2296.55,1983.39,2197.45,2307.15,2082.44,1799.07
 38.5,0,0,0,0,0,170986,126880,91038.2,71883.2,57690.8,46308.5,37013.5,31840.5,27663.7,26124.3,22294.8,19191,15973.2,14572,12302,11120.1,9885.41,8649.82,7444.74,6674.91,7213.96,6134.6,5522.91,5004.05,4533.01,4140.9,3955.58,3606.65,3090.77,2549.96,2525.85,2409.02,2387.82,2286.27
 40.0,9.93823,0,0,0,0,187608,132867,97476.5,76201.2,62878.1,51409.5,41646.3,35140,28960.7,29345.4,24766.4,20823,18971.2,16492.7,15040.9,12949.5,11231.3,9772.66,8670.57,8117.08,7959.62,7444.3,6592.17,5693.69,5710.54,5117.02,4162.9,4115.5,3619,3424.31,3247.14,3725.66,3370.33,2995.05
 41.4,0,0,0,0,0,212262,136288,101824,82251.3,67391.2,55652.9,45587.2,38285.6,33046.1,32685.4,27941.1,24759,21346.8,18727.2,16605.6,15715.8,13258.1,11748.5,9698.38,10335.8,10165,8859.15,7926.5,7160,6541.37,5645.67,5461.85,4777.21,4705.26,3990.4,3582.26,3701.14,3556.17,3444.31
 42.9,0,0,0,0,0,235105,141164,107585,88918.5,71569.4,60715.2,51608.5,43532.6,37267.3,36840.9,31346.8,28333,24105.4,21472,19617.6,17139.2,15820,14002,12040.3,10958.8,11856.4,10130.1,9536.77,7592.52,7526.77,7021.3,6389.78,5728.75,5288.55,4583.61,4865.01,5001.4,4155.55,4343.83
 44.5,0,0,0,0,0,256278,149150,114343,91057.6,78022.6,66587.3,54432.6,47426.8,40826.7,41900.1,36202.6,32058.4,28108.5,24457.9,23522.7,19072.9,18153.1,15516.2,13988.4,12587,13153.7,11925.8,10183.3,10241.1,9271.99,8350.27,7406.43,6756.35,6137.1,5588.12,5197.92,6146.53,5145.99,5210.57
 46.1,0,0,0,0,0,278261,155840,121782,100893,85416.5,71947.9,61381.5,54250.3,45643.3,46948,39884.7,34627.6,32438.6,29426.7,25572.2,22890.1,21490.6,18733.5,15924.4,14515.9,15765,13618,12810.6,11235.2,10888.3,10345.1,8978.23,8472.99,7658.18,6754.63,5814.99,6808.95,6474.04,5856.51
 47.8,0,0,0,0,0,273076,159428,130484,107782,92366.6,76677,67483.6,58399.5,48935.5,53732.9,44422.9,38060.4,34220.9,32757.6,27888.6,26238.4,23469.3,21304.6,18873.8,16872.7,18756.8,16003.2,15411.5,13708.6,12501.6,11873.5,10184.4,9382.06,10080.8,8133.04,7487.68,8435.11,7187.64,7432.87
 49.6,0,0,0,0,0,280182,174186,140630,118075,99227.6,87435.1,76559.3,65037.5,56597.1,59448.4,49791.6,45046.3,40058.4,35755.2,31462.5,30111.8,25957.7,24476.3,20814.1,19722.3,21372.6,18404,17191.3,15505,14464.5,14429.7,12663.2,11524.1,11571.8,9239.82,9137.29,10085.8,9416.38,8136.03
 51.4,0,0,0,7.96194,0,345234,186468,151357,126398,108823,92130.8,79995,71366.7,62681.9,65170.5,56011.5,49436.4,44725.2,41096.4,37749.1,33629.1,29893.5,28521.3,23874.9,21956.9,25667.2,22496.4,20050.5,19069.3,16804.4,15246.7,14867.9,13548,12348.5,10996,10735,11631.7,10342.4,10401.4
 53.3,7.75481,0,7.75589,0,0,370557,196932,164560,138397,116525,99411.8,89613.4,76430.7,69570.6,70492,62223,56290.7,50524.2,44934.3,41759.9,39199.6,34617.7,30661.1,28221.6,26735.4,28386.6,24707.3,22961.4,21559.3,19490.4,17658.9,16811,16117.9,14808.7,12966.4,11967.6,12967.3,12126.2,11824.9
 55.2,0,0,0,0,0,386038,213932,170824,146508,126332,108818,95796.6,84538,73402.6,78793.3,67645.5,62262,56331.5,51924.4,45896.5,42948.9,39487.3,36282.3,32761.3,29880.4,32045.4,27407.1,26270.6,24386.3,22622.1,20602.5,19789.1,17303.3,17778.5,15102.9,14349.5,15751.6,13775.6,12668.1
 57.3,0,0,0,0,0,409178,230575,181837,154326,135029,115848,102600,91916.8,81006.8,86890.3,75137.2,68313.6,61698.8,56353.6,53722.2,48397.2,42445.3,40396,36752.4,33875.7,36266.9,30956.9,29284.9,28002.1,26175.2,23648.6,22865.4,21177.4,19547.9,17606,16574.3,17487.9,16635.5,15915.7
 59.4,0,0,0,0,0,429192,248636,190182,165429,141921,126780,111354,98415.8,88806,96360.7,82570.4,75843.9,70887.1,64768,58880.3,53718,48581.4,43607.3,39510.7,38009.1,40821.9,35886.6,34096.2,30824,28667.4,27417.4,25183.7,22948.5,22208.5,20833.9,19235.6,19214.3,19490.8,18295.5
 61.5,0,0,0,0,0,456943,266594,200876,174247,154074,137370,121453,106876,96437.5,104887,90546.7,82964.3,77047,70982.3,63805.8,59117.3,53342.6,48112.8,45321.9,42946.6,44965.8,41547.1,36815.3,36983.9,32157.3,31438.9,29141.6,27191.6,25105.3,23477.5,21013.7,22437.2,22449.3,20506.8
 63.8,0,0,0,0,0,471576,276165,212691,188291,162501,143225,127705,116731,104693,113990,97661.6,90057,83904,76193.9,70972.2,64817.6,60116.6,54270,49626.4,46103.6,50806.8,45808.6,42686.2,39574.3,36279.5,34651.6,31250.7,29985.7,28190.2,25858.9,23973.7,25791.8,25326.4,24386.7
 66.1,0,0,0,0,0,486522,288819,225658,198394,173967,154903,138644,124842,115314,123072,107842,96416.4,91341.1,83383.1,78816,69218.8,65204,59928,54754.5,52452.5,57377.9,50269,47640.7,45853.4,41451.2,38775.8,35807.9,33575.5,31708.5,28703.6,26982.4,29001.4,28156.9,27191.5
 68.5,0,0,0,0,6.60128,502580,302525,239574,210760,183479,163240,147078,135972,124743,129960,116007,106576,98606.9,93089.6,84885.3,79108.5,71614.5,66688.3,60863.1,57581.2,61190.9,55347,53193.6,50260.1,46935,43525.2,41332.2,37852.3,34854.4,33668.6,30588.5,33344.6,32219.8,30247.7
 71.0,0,0,6.46262,0,0,498906,305369,244602,214281,188572,170836,151186,140696,125593,136373,118027,110011,104789,97853.7,88966.9,80829.1,75596.9,67362.8,62526.5,60021.5,64251.2,57878.1,54664.7,51986.5,48960.1,45854.1,43710.4,40290.2,35829.8,34796.2,31395.6,34635,33133.1,32556.4
 73.7,0,0,0,0,12.7342,518006,310586,250996,225705,196324,165014,157555,143318,132497,143420,126119,117111,108894,101462,92831.7,86565.2,80806.7,72028.3,68935.1,65673.5,69634.2,61045.4,58867.6,56684.2,52348.4,48968.4,45702.4,43210.5,39307.7,38107.3,34104,36669.4,35109.6,33180
 76.4,0,0,0,0,0,546674,313008,261567,232948,210097,188755,168805,154521,136887,153077,134656,124763,116598,107953,102320,90900.1,87244.4,79549.2,74070.5,70018.7,74166.4,66628.5,63765.8,59011,56439.6,52982.4,49547.3,46431.2,44485,40114.2,37864,40334.8,38256.6,37394
 79.1,0,0,0,0,0,559794,324738,273025,242946,220081,197577,176523,163048,148868,163317,144435,133017,124753,117606,108160,98768.3,92684.7,86103.3,78993.1,76280.3,81375,74708.1,69185.6,65453.3,61311.3,58427.1,54108.4,51132.4,47704.7,44216.3,41442.9,45004.6,43387.8,40936.3
 82.0,6.07274,0,0,0,0,555694,332784,283595,250984,218093,207527,187055,173502,156234,172152,152383,142402,133609,123425,116702,107531,100119,92932.7,85916,82133.5,88056.6,81696.9,74595.3,71842.1,67439,64050.2,58311.1,56165.8,51343.5,48726,44671.4,49864.4,46510.5,45683.1
 85.1,0,0,5.71674,0,0,543550,338506,294207,260625,236697,214155,197394,179125,164488,181317,161867,152259,139643,132954,126411,114224,106321,97601.7,92561.4,86590.4,95218.2,86073.6,80972.9,77380.5,71970.6,69844.7,64022.7,61640,55719.6,52583.8,49256.3,52575.4,49464.4,50360.8
 88.2,0,4.99088,5.02989,0,0,524684,351194,304823,270370,244913,220721,206190,186932,173430,190331,167382,161600,150348,137007,130791,120546,114748,106839,100175,95333.1,100274,91463.7,88741.7,81947,79288.6,73740,70338.8,66849.5,60227.8,58216.2,53040.1,58362.3,55080,52409.6
 91.4,0,0,4.76384,0,0,517404,360738,317439,276026,253057,231166,211434,198020,180024,201859,176719,168960,150312,149081,141026,129266,119911,113340,103791,96646.3,106196,99053.1,91922.5,87628.9,84586.2,78844.5,75810.9,69387.4,65019.3,60761.8,57150.9,63218.7,58929.5,58112.4
 94.7,0,0,0,0,0,529508,368984,322449,284165,260382,242666,224628,206428,188458,208656,187935,176052,165805,155785,148451,138081,126782,116960,112642,104878,113843,104740,98999.7,93892.9,90632.9,84405.9,80798.3,73256.3,71717.9,64655.7,60994.7,66561.2,64545.5,62498.7
 98.2,5.69192,0,0,0,0,534118,374393,331652,289879,269151,248980,230817,215096,196421,218069,191572,185328,174106,162578,153117,143250,135763,126469,119096,109742,120497,109857,104836,98271.1,96541.5,90467.6,84333.7,79765.1,75838.9,72380.9,66617.8,72456.9,68039.4,66902.4
101.8,5.73904,5.73948,0,0,0,523317,385048,334806,300104,275679,259983,235889,219001,203714,228338,202124,193439,180871,170974,162625,150866,141714,132920,124322,118453,127106,118142,110195,105189,101397,96429.5,85908.1,86651.3,79746.6,75246.1,71337.2,75361.8,74660.2,72279.4
105.5,0,0,0,0,0,503167,393080,339969,305475,282425,263110,242052,226018,209571,233063,215000,200108,188145,177647,167486,159720,146309,140994,130868,123142,131805,124295,117852,110369,106210,100795,94565.6,90391.3,84293.8,79791.3,74459.1,80990.7,77367.8,73893.8
109.4,0,0,0,0,0,484292,403598,346916,304643,289158,266041,248649,231517,212713,241226,213745,204880,194998,186916,173011,163868,152108,145548,137242,127912,137126,130649,121900,114459,111531,106632,99873,94996.1,89891.7,81725.5,78717.2,85342.1,84038.3,77675.1
113.4,0,5.63111,0,0,0,472193,402831,349039,309521,288868,269105,249818,233246,218767,244304,222109,211571,200341,189511,180467,170306,158230,151063,140276,134004,144777,135750,127460,120200,113367,111188,105349,98948,93216.4,88470.4,80667.5,90461.7,88592.5,82856.2
117.6,0,0,0,0,0,452302,395778,347562,308344,290319,273178,255746,236159,220005,247448,213414,213625,201851,197142,183805,173980,162513,153134,143284,138847,151406,138488,131470,123302,119420,116661,109650,101961,96536.5,91209.8,83114.2,92209.3,91144.1,86953.3
121.9,0,0,0,0,0,425793,387360,345874,314546,290801,272701,258669,238993,227001,249714,231032,215870,207646,200871,186038,175353,165375,157906,147508,140930,154814,142700,135010,127856,123576,118534,112810,106630,98467,95651.4,87518.9,96408.7,94168.6,87742.1
126.3,0,0,0,0,0,416995,389175,342264,307610,290040,275369,254236,243456,225546,249825,229628,218830,211552,202768,190789,179610,171021,158109,150420,143734,155300,146634,138338,132433,126830,120560,115196,108158,102824,96079.4,90970.2,98081.3,95749.3,89249.3
131.0,0,5.54075,5.11544,0,0,411696,384828,336279,301774,282949,269410,251520,240628,225321,249618,231148,217848,211847,201623,191691,182866,171222,161837,152051,145407,157987,149254,141436,132452,127260,122923,118126,109737,105510,98976.9,91397.4,100882,98227.6,94670.5
135.8,0,0,0,0,0,402828,374910,326668,297894,279377,265638,251272,235685,224221,247665,229394,217714,212835,203194,191071,183971,171342,161010,152637,146849,158862,149376,145108,135040,128849,123169,117946,112346,106509,101567,91822.3,103082,100191,97202.8
140.7,5.53712,0,11.0745,4.65926,0,399260,367397,325920,292077,274614,260200,243034,234820,219398,246517,225230,218324,208891,199943,188778,181577,173867,161573,154225,145129,157854,148624,143850,135972,129813,126407,118976,113382,106696,102474,93177.9,104202,101796,97721.2
145.9,0,0,0,4.25451,0,387032,348604,310608,286623,265164,250996,239707,225796,213086,238971,223493,213486,207028,196841,188313,179879,170672,162032,152774,144814,156495,149895,142915,136246,130811,124416,117210,115055,107334,100674,93391.6,104116,101855,99261.6
151.2,0,0,0,0,0,356303,326660,293094,271645,253322,231350,230624,216940,206916,233377,216224,204500,201294,191599,182755,173912,166097,157380,148504,140957,154500,147327,137379,135088,126563,120584,116363,112429,106172,100580,92176,102876,100323,97300.3
156.8,0,0,3.8464,0,0,324524,305599,275805,255763,243161,231359,220842,209694,197806,218854,206374,197219,192166,186980,177503,170060,160532,150285,146489,136139,149792,143387,134211,129684,125264,120318,114456,110403,103439,97651,90238.2,101479,98501.8,95693.4
162.5,5.56223,5.56245,0,0,0,303765,287138,257668,239243,225215,217811,208494,195924,189209,208247,196420,187105,185724,178418,170333,162912,154751,143310,139638,130101,143541,137167,130510,125893,122453,115894,113304,105697,99710.3,94899.3,88863,98774.4,94946.4,92585.4
168.5,0,0,0,0,0,281667,262333,239050,223439,208791,202832,195169,185413,177368,192361,184051,178479,173737,167656,160647,152574,144607,137697,131706,125390,138563,130565,125213,119900,116142,111010,106262,101343,94905.8,90429.7,84730.9,94362.1,90747.9,89615.1
174.7,0,0,0,0,0,257665,239137,221803,202973,193247,188032,180448,171999,165861,183210,170799,165446,162891,157780,152051,143487,136194,129630,123669,117787,128971,123624,119156,112591,108789,104704,99965.3,98016.2,92881.4,87438.6,81811.1,90833.1,87479.8,84401.8
181.1,0,0,0,0,0,229008,214650,200789,185960,175602,170646,163599,156395,149317,166534,155954,151118,150498,143020,140836,132449,126048,120717,115469,109233,119037,116115,111188,105129,100440,98172.4,94080.6,90819.4,87861.5,81264,77155.6,84296.1,81548.6,78114
187.7,0,0,0,0,0,201147,191345,178444,166799,160373,153415,146264,141934,135647,151379,142731,138253,135406,126889,127832,119350,116121,110163,106497,99317.9,110663,104618,101250,98158.1,93785.5,89860.4,86877.7,82338.5,78540.9,74611.4,70744.8,77993,75182,74248.2
194.6,0,0,0,0,0,175782,165949,157949,147055,140226,135322,130010,125205,121632,134681,126161,125396,121323,118752,115558,107441,103447,98252.4,95327.4,91775.2,98546.7,96083.1,93303.4,88061.5,85981.5,81206.8,79607.4,75796,73104.2,68774.2,64589.9,70636.5,68491.6,67111.2
201.7,0,0,0,5.73795,5.73775,154508,142509,136875,128180,124232,119978,114889,109175,106821,117611,110599,108982,107388,105777,101745,94177.4,93408.5,89263.7,84136.1,79983.8,88730.6,85408.2,82763.6,79103.6,76405.7,73452,70863.3,68000.9,64678.4,61317.1,61381,63073.2,62099,61097
209.1,0,0,5.78422,0,0,134502,121313,118482,110312,105397,102885,98150.4,94855.9,93314.9,101392,96870.8,94203,94616.3,90791.6,87675.2,84574.7,81224.4,77492.7,75185.6,70808.2,76050,74136.8,71981.2,69411.7,67328.3,64282.2,62983.5,60432.6,57179.2,53763.3,59836.2,57515.6,55766.7,53720.9
216.7,0,0,0,0,0,115982,101799,98853.7,92842.8,89681.1,86550.6,83751.9,79854.2,80243.3,86472.8,82825.6,82283.7,80929.9,78905.8,76359.2,72801.4,71263.4,66184.8,64463.5,61281.1,66635.9,64273.9,62017.4,60460.7,58705,56090.6,53665.4,52917.6,50456.8,46466.5,51928.5,49996.7,47822,46727.4
224.7,0,0,0,5.88088,0,94899.8,84974,82221.1,77267.6,75550.3,73077.2,69677.8,67255.4,66184,72450.5,69545.7,67576.7,69484.2,66185.7,63424,60723,58913.9,55374,55222,52216.1,56107.7,55188.3,53557.6,51059.6,49188.6,47593.8,46037.7,44011.7,43752.3,40192.3,44196.3,42479.5,39982.8,40316.7
232.9,5.931,0,0,0,0,75893.7,70012,65943.4,62167.2,61150.8,58981,56852.3,56149.1,54168.8,59611.3,56124.6,55369.4,56073.6,54455.5,53095,50737.4,48519.1,46978.4,45003.9,43854.8,47222.7,46495.4,44552.6,43327.2,41830.6,40335.7,39037.2,36928.1,35588.9,33991.8,37763.1,35709,35299.3,33411.4
241.4,0,0,0,0,0,61924.6,57141.7,53434.4,50291.9,49225.6,48259.7,46589.1,45136.6,43394.5,47772.6,45264,46595,45564.7,44519.8,44268.1,41354.5,40448.4,38693.7,37877.7,35295.1,39136.6,38352.4,38306.8,35388.4,33912.3,32886,31630.2,31242.1,28655.1,28572.2,31441.7,28878.4,28807.5,28351.5
250.3,0,0,6.06724,0,0,48474.5,44163,41032.3,38553.9,37843.1,38339.1,36774.4,35456.4,34369,39139.3,36837.9,35880.9,36104.2,35798.4,33771.4,33193.3,32068.1,30318,30611.4,28990,30939.9,30621,29709.7,27682.2,27472.6,25652.6,25609.9,25491.4,24122.6,23449.4,25407,23680.2,24069.9,23153.5
259.5,0,0,0,0,0,39010.6,33746.8,31834.4,30287,29666.7,28878.3,27455.2,27302.7,26645.3,29967.3,28374.8,28479.5,28039.3,26888.1,27096.1,25438.8,24798,24076,23685.3,21577,23998.2,23661.4,23446.1,21941.9,21218.7,21050.3,19894.4,20006.3,19371.8,18088.7,19323.4,18759.5,18924.5,17721.6
269.0,0,0,0,0,0,31003.2,26027.6,23717.6,22820.2,22306.6,21934.8,21887.1,20789.6,20579.8,22595.4,21555.8,21768.7,21749.1,20850.1,21315.2,19798.8,19100.9,18438.8,18258.1,16808.7,18742,18176,18326.5,17350,16283.8,16236.8,16109.5,15851,14795.4,14253.8,15490.8,15390.6,14014.8,13684
278.8,0,0,0,0,6.27057,22615.9,17947.4,17643.3,16787.2,15930.6,16243.8,16068.9,15827.8,15222.2,16577.2,15768.1,15821.5,15599.2,15345.6,15807.5,15190.6,14206.2,13982.8,13797.3,12612.9,14298,13796.8,13804.2,12841.4,12794.5,12284.7,11735,11741.1,11104,10559.2,11984,11135.8,10436.6,10666.2
289.0,0,0,0,0,0,17161.7,13231.4,12713.1,12483,11751.2,11338.2,11721.1,11711.3,10910.9,11604.1,11465.9,11670.3,11143,11992.3,10942.4,11239.6,10194.9,9876.73,10098.3,9299.95,10473.7,9942.89,9505.1,9620.61,9327.89,8864.59,8649.32,8420.56,8449.38,7686.3,8768.36,8099.04,7929.5,7698.41
299.6,0,0,0,0,0,13078.2,8806.13,8918.39,8094.86,8263.39,8570.16,7962.42,8263.08,7754,8327.2,7857.2,8156.85,8807.72,8334.55,8063.87,8078.93,7335.36,7276.02,7180.25,6631.76,7432.1,7114.71,7049.73,7071.26,6781.74,6141.03,6674.41,6160.92,5830.35,5548.32,6417.31,5674.51,5777.15,5735.42
310.6,0,0,0,0,0,8448.24,6052.65,6266.73,6068.3,5577.87,5831.32,5695.72,5472.07,5430.61,5814.9,5496.18,5642.14,5743.98,5780.55,5466.95,5201.67,5159.66,5237.18,5239.62,4360.94,5118.1,5107.28,4852.87,5039.94,4534.09,4422.32,4479.28,4394.07,4232.31,3889.25,4294.13,4110.25,4309.96,3674.16
322.0,0,0,0,0,0,6068.12,4558.71,4181.97,3889.3,4074.33,3919.45,3760.11,3783.46,4055.26,3898.1,4085.25,3652.31,4027.77,3419.11,3628.11,3571.84,3438.87,3256.55,3585.57,3263,3296.46,3471.97,3384.07,3438.81,3185.97,3124.26,2897.69,3181.6,2716.63,2704.5,3216.93,2602.03,2987.26,2530.73
333.8,0,0,0,0,0,4513.81,3099.44,2811.25,2872.56,2563.91,2691.49,2638.35,2287.97,2370.38,2815.87,2438.35,2681.99,2668.14,2727.79,2374.12,2410.75,2292.39,2126.68,2442.91,2147.4,2497.21,2304.3,2133.82,2186.78,2096.55,2003.09,2170.46,2024.33,1613.64,1946.17,2190.81,2014.38,2034.61,1876.97
346.0,0,0,0,0,0,2896.93,1897.84,1753.27,1830.91,1668.38,1711.69,1839.36,1677.43,1638.6,1874.22,1662.73,1679.41,1797.84,1723.71,1705.92,1713.76,1575.44,1325.68,1421.24,1364.48,1390.24,1604.6,1532.72,1487.86,1462.67,1176.85,1409.55,1384.78,1175.72,1129.05,1320.38,1175.55,1277.53,1064.88
358.7,0,0,0,0,0,2018.16,1413.34,1203.45,1174.69,1042.23,1104.09,1125.9,1073.46,979.637,1266.25,1129.58,1208.99,1129.22,1075.17,1107.66,1040.06,1008.06,1011.24,962.995,1019.51,996.826,861.551,846.507,859.845,881.209,877.163,894.448,910.048,791.552,864.175,789.169,845.729,859.311,700.881
371.8,0,0,0,0,0,1325.36,791.113,873.627,827.929,726.071,881.632,684.382,752.576,793.419,629.717,732.81,648.638,627.623,762.455,614.507,613.411,677.594,630.364,676.518,482.001,558.585,684.417,590.195,506.023,534.308,533.496,613.156,549.509,601.983,507.891,614.25,530.686,505.247,454.002
385.4,0,0,0,0,0,830.566,470.006,604.909,419.277,511.169,485.202,552.304,496.033,417.365,451.663,423.643,487.08,484.245,630.142,421.348,472.263,457.48,419.151,431.639,324.71,412.077,392.513,309.385,301.229,358.836,279.752,285.456,271.214,353.292,298.232,297.691,311.677,358.006,359.504
399.5,0,0,0,0,0,435.084,460.631,335.063,366.736,356.09,357.98,281.968,358.398,243.451,347.02,295.286,281.757,357.978,336.111,197.618,162.851,291.956,340.071,224.704,177.22,203.046,279.058,230.944,253.442,169.302,231.154,209.497,282.598,229.895,246.361,173.05,203.256,195.337,155.352
414.2,0,0,0,0,0,422.367,278.315,370.839,257.683,240.621,171.391,114.264,181.841,128.564,222.927,208.159,218.892,169.65,194.956,201.101,156.535,169.193,153.784,94.8194,145.802,193.761,180.558,141.767,130.218,156.536,146.356,117.744,135.905,165.615,175.425,126.912,130.217,117.744,162.864
429.4,0,0,0,0,0,200.203,148.974,133.936,112.889,221.25,117.125,118.793,107.673,137.96,88.5055,153.104,88.5054,80.9335,117.125,101.981,79.0536,112.995,117.019,77.2799,121.043,83.0778,122.711,113.259,48.9787,41.4069,33.729,122.817,118.899,73.2558,48.8726,60.4683,71.6938,92.5294,43.0747
445.1,0,0,0,0,0,209.139,127.516,162.095,140.108,47.0438,108.297,92.1484,76.8081,86.3101,93.0643,115.158,109.32,63.2999,77.6167,76.7006,53.9052,76.808,76.8082,61.5754,54.714,30.8951,63.4074,31.9185,40.1824,61.3608,76.8082,38.4578,55.5226,53.9053,46.1279,69.138,46.0203,24.0336,30.7877
461.4,0,0,0,0,0,107.672,115.321,77.3092,37.253,85.1334,70.7984,78.2436,15.6487,62.0395,69.4848,71.7326,32.0555,54.215,61.6604,23.473,49.573,46.9461,31.2975,15.6487,38.1874,48.2597,37.253,22.5387,38.5665,32.611,16.9622,15.6487,21.6043,62.5948,31.2974,15.6487,23.473,16.0278,31.2975
478.3,0,0,0,0,0,112.857,29.2601,39.9262,43.1186,63.8817,54.5562,48.9755,23.9557,22.6152,17.0346,46.5708,61.2008,30.6004,7.98522,23.9556,29.2599,39.9261,56.9608,23.9557,23.9557,47.6351,7.98523,7.98524,23.6794,6.64477,14.63,15.9705,23.9557,7.98522,15.9705,15.9704,0,22.6152,23.9557
495.8,0,0,0,0,0,79.874,32.5237,48.5716,37.2399,16.1905,8.09528,39.3975,24.2858,0.285097,23.207,16.1905,48.5716,8.09526,16.3331,0,24.2858,32.381,7.159,24.2858,24.2858,15.1117,8.09527,16.1906,15.1117,8.09529,24.4284,40.4764,16.1906,16.1905,8.09527,0,24.2858,16.1905,0
514.0,0,0,0,0,0,24.8042,29.9988,16.5361,23.3402,8.26806,8.26808,8.26807,8.26806,24.513,24.8042,33.0722,0,16.5361,32.9266,0,8.26806,16.5361,8.12248,8.26807,16.5362,0,0,16.5362,24.8042,16.5362,8.12248,6.80408,0,0,0,0,24.8041,8.26806,0
532.8,0,0,0,0,0,25.1596,19.7431,25.1596,1.48497,8.38652,8.38654,0,25.1596,8.38652,0,0,33.5461,8.38652,8.38652,0,8.38652,0,8.38653,8.38653,8.38654,8.38653,0,0,8.38654,25.1596,16.7731,18.258,0,8.38653,0,8.38653,0,0,25.1596
552.3,0,0,0,0,0,17.0173,17.0173,1.74294,0,34.0345,0,0,0,10.2516,25.5259,0,0,8.50862,0,10.2516,17.0172,0,0,1.74294,0,8.50864,8.50864,0,0,17.0173,0,8.50864,0,0,0,0,8.50862,8.50863,0
572.5,0,0,0,0,0,76.4391,8.70047,24.3191,8.70045,0,8.70046,0,0,6.91821,0,0,17.4009,0,0,6.91821,8.70044,8.70044,0,6.91822,0,0,0,0,0,0,0,0,0,0,0,8.70045,0,0,0
593.5,0,0,0,0,0,0,0,0,0,0,0,0,0,0,0,0,0,0,0,0,0,0,0,0,0,0,0,0,0,0,0,0,0,0,0,0,0,0,0
615.3,0,0,0,0,0,0,0,0,0,0,0,0,0,0,0,0,0,0,0,0,0,0,0,0,0,0,0,0,0,0,0,0,0,0,0,0,0,0,0
637.8,0,0,0,0,0,0,0,0,0,0,0,0,0,0,0,0,0,0,0,0,0,0,0,0,0,0,0,0,0,0,0,0,0,0,0,0,0,0,0
661.2,0,0,0,0,0,0,0,0,0,0,0,0,0,0,0,0,0,0,0,0,0,0,0,0,0,0,0,0,0,0,0,0,0,0,0,0,0,0,0
685.4,0,0,0,0,0,0,0,0,0,0,0,0,0,0,0,0,0,0,0,0,0,0,0,0,0,0,0,0,0,0,0,0,0,0,0,0,0,0,0
710.5,0,0,0,0,0,0,0,0,0,0,0,0,0,0,0,0,0,0,0,0,0,0,0,0,0,0,0,0,0,0,0,0,0,0,0,0,0,0,0
Scan Up Time(s),155,155,155,155,155,155,155,155,155,155,155,155,155,155,155,155,155,155,155,155,155,155,155,155,155,155,155,155,155,155,155,155,155,155,155,155,155,155,155
Retrace Time(s),10,10,10,10,10,10,10,10,10,10,10,10,10,10,10,10,10,10,10,10,10,10,10,10,10,10,10,10,10,10,10,10,10,10,10,10,10,10,10
Down Scan First,FALSE,FALSE,FALSE,FALSE,FALSE,FALSE,FALSE,FALSE,FALSE,FALSE,FALSE,FALSE,FALSE,FALSE,FALSE,FALSE,FALSE,FALSE,FALSE,FALSE,FALSE,FALSE,FALSE,FALSE,FALSE,FALSE,FALSE,FALSE,FALSE,FALSE,FALSE,FALSE,FALSE,FALSE,FALSE,FALSE,FALSE,FALSE,FALSE
Scans Per Sample,1,1,1,1,1,1,1,1,1,1,1,1,1,1,1,1,1,1,1,1,1,1,1,1,1,1,1,1,1,1,1,1,1,1,1,1,1,1,1
Impactor Type(cm),0.071,0.071,0.071,0.071,0.071,0.071,0.071,0.071,0.071,0.071,0.071,0.071,0.071,0.071,0.071,0.071,0.071,0.071,0.071,0.071,0.071,0.071,0.071,0.071,0.071,0.071,0.071,0.071,0.071,0.071,0.071,0.071,0.071,0.071,0.071,0.071,0.071,0.071,0.071
Sheath Flow(lpm),3,3,3,3,3,3,3,3,3,3,3,3,3,3,3,3,3,3,3,3,3,3,3,3,3,3,3,3,3,3,3,3,3,3,3,3,3,3,3
Aerosol Flow(lpm),1.5,1.5,1.5,1.5,1.5,1.5,1.5,1.5,1.5,1.5,1.5,1.5,1.5,1.5,1.5,1.5,1.5,1.5,1.5,1.5,1.5,1.5,1.5,1.5,1.5,1.5,1.5,1.5,1.5,1.5,1.5,1.5,1.5,1.5,1.5,1.5,1.5,1.5,1.5
CPC Inlet Flow(lpm),1.5,1.5,1.5,1.5,1.5,1.5,1.5,1.5,1.5,1.5,1.5,1.5,1.5,1.5,1.5,1.5,1.5,1.5,1.5,1.5,1.5,1.5,1.5,1.5,1.5,1.5,1.5,1.5,1.5,1.5,1.5,1.5,1.5,1.5,1.5,1.5,1.5,1.5,1.5
CPC Sample Flow(lpm),0.3,0.3,0.3,0.3,0.3,0.3,0.3,0.3,0.3,0.3,0.3,0.3,0.3,0.3,0.3,0.3,0.3,0.3,0.3,0.3,0.3,0.3,0.3,0.3,0.3,0.3,0.3,0.3,0.3,0.3,0.3,0.3,0.3,0.3,0.3,0.3,0.3,0.3,0.3
Low Voltage,11.1921,11.1712,11.1817,11.1689,11.1922,11.1794,11.1658,11.1785,11.1853,11.1908,11.1707,11.1748,11.1817,11.178,11.1762,11.178,11.178,11.1798,11.1743,11.1798,11.1785,11.1798,11.1684,11.1762,11.168,11.1684,11.1762,11.168,11.1653,11.1598,11.1698,11.1643,11.1602,11.1716,11.1712,11.1702,11.1789,11.1702,11.1584
High Voltage,9103.15,9101.43,9105.1,9104.78,9108.78,9108.46,9106.1,9106.43,9107.61,9108.55,9103.22,9103.93,9105.1,9102.6,9104.16,9102.6,9102.6,9101.04,9100.1,9101.04,9100.81,9101.04,9100.95,9104.16,9102.75,9100.95,9104.16,9102.75,9102.28,9101.34,9101.19,9100.25,9099.54,9099.63,9101.43,9099.39,9099.01,9099.39,9095.48
Lower Size(nm),15.9634,15.9634,15.9634,15.9634,15.9634,15.9634,15.9634,15.9634,15.9634,15.9634,15.9634,15.9634,15.9634,15.9634,15.9634,15.9634,15.9634,15.9634,15.9634,15.9634,15.9634,15.9634,15.9634,15.9634,15.9634,15.9634,15.9634,15.9634,15.9634,15.9634,15.9634,15.9634,15.9634,15.9634,15.9634,15.9634,15.9634,15.9634,15.9634
Upper Size(nm),723.394,723.394,723.394,723.394,723.394,723.394,723.394,723.394,723.394,723.394,723.394,723.394,723.394,723.394,723.394,723.394,723.394,723.394,723.394,723.394,723.394,723.394,723.394,723.394,723.394,723.394,723.394,723.394,723.394,723.394,723.394,723.394,723.394,723.394,723.394,723.394,723.394,723.394,723.394
Density(g/cc),1,1,1,1,1,1,1,1,1,1,1,1,1,1,1,1,1,1,1,1,1,1,1,1,1,1,1,1,1,1,1,1,1,1,1,1,1,1,1
Title,,,,,,,,,,,,,,,,,,,,,,,,,,,,,,,,,,,,,,,
Status Flag,Conditioner Temperature Error ,Conditioner Temperature Error ,Conditioner Temperature Error ,Conditioner Temperature Error ,Conditioner Temperature Error ,Conditioner Temperature Error ,Conditioner Temperature Error ,Conditioner Temperature Error ,Conditioner Temperature Error ,Conditioner Temperature Error ,Conditioner Temperature Error ,Conditioner Temperature Error ,Conditioner Temperature Error ,Conditioner Temperature Error ,Conditioner Temperature Error ,Conditioner Temperature Error ,Conditioner Temperature Error ,Conditioner Temperature Error ,Conditioner Temperature Error ,Conditioner Temperature Error ,Conditioner Temperature Error ,Conditioner Temperature Error ,Conditioner Temperature Error ,Conditioner Temperature Error ,Conditioner Temperature Error ,Conditioner Temperature Error ,Conditioner Temperature Error ,Conditioner Temperature Error ,Conditioner Temperature Error ,Conditioner Temperature Error ,Conditioner Temperature Error ,Conditioner Temperature Error ,Conditioner Temperature Error ,Conditioner Temperature Error ,Conditioner Temperature Error ,Conditioner Temperature Error ,Conditioner Temperature Error ,Conditioner Temperature Error ,Conditioner Temperature Error 
td(s),0.286,0.286,0.286,0.286,0.286,0.286,0.286,0.286,0.286,0.286,0.286,0.286,0.286,0.286,0.286,0.286,0.286,0.286,0.286,0.286,0.286,0.286,0.286,0.286,0.286,0.286,0.286,0.286,0.286,0.286,0.286,0.286,0.286,0.286,0.286,0.286,0.286,0.286,0.286
tf(s),5.51527,5.51527,5.51527,5.51527,5.51527,5.51527,5.51527,5.51527,5.51527,5.51527,5.51527,5.51527,5.51527,5.51527,5.51527,5.51527,5.51527,5.51527,5.51527,5.51527,5.51527,5.51527,5.51527,5.51527,5.51527,5.51527,5.51527,5.51527,5.51527,5.51527,5.51527,5.51527,5.51527,5.51527,5.51527,5.51527,5.51527,5.51527,5.51527
D50(nm),574.103,574.103,574.103,574.103,574.103,574.103,574.103,574.103,574.103,574.103,574.103,574.103,574.103,574.103,574.103,574.103,574.103,574.103,574.103,574.103,574.103,574.103,574.103,574.103,574.103,574.103,574.103,574.103,574.103,574.103,574.103,574.103,574.103,574.103,574.103,574.103,574.103,574.103,574.103
Median(nm),18.6607,113.591,89.3587,145.331,74.239,20.5689,89.3756,96.3761,99.9721,103.455,106.384,108.851,110.713,112.696,113.661,115.518,116.846,118.69,119.64,120.609,121.618,122.616,123.149,124.341,124.415,124.858,126.421,127.109,127.512,127.939,128.313,129.23,129.928,130.353,130.767,132.206,131.528,131.865,132.425
Mean(nm),22.6542,119.894,109.873,146.145,137.058,52.9893,96.1143,102.762,106.505,109.839,112.752,115.146,117.035,118.916,119.999,121.649,123.066,124.645,125.59,126.633,127.475,128.401,129.082,130.278,130.291,130.708,132.144,132.804,133.184,133.738,134.091,134.949,135.611,135.966,136.414,138.611,137.068,137.531,137.78
Geo. Mean(nm),20.0703,117.293,90.3319,126.448,113.855,35.8913,79.7238,87.7351,92.4349,96.5174,99.96,102.84,105.065,107.146,108.748,110.387,111.951,113.601,114.65,115.761,116.715,117.699,118.43,119.676,119.772,120.233,121.705,122.371,122.774,123.422,123.82,124.66,125.321,125.655,126.212,127.963,126.841,127.385,127.644
Mode(nm),19.4564,101.815,31.059,51.397,73.6525,16.2531,109.411,113.419,121.881,121.881,126.346,121.881,126.346,121.881,126.346,130.975,126.346,135.773,135.773,130.975,135.773,140.746,145.902,140.746,135.773,135.773,145.902,135.773,145.902,145.902,140.746,140.746,145.902,145.902,140.746,145.902,140.746,145.902,145.902
Geo. Std. Dev.,1.43357,1.2311,1.9215,1.79693,1.80941,2.3355,1.9273,1.82386,1.76038,1.71152,1.67614,1.64585,1.62445,1.60944,1.58415,1.58007,1.56939,1.56196,1.55517,1.54954,1.54312,1.53821,1.53473,1.52934,1.52645,1.52364,1.51903,1.51691,1.51497,1.51036,1.50821,1.50661,1.50489,1.50511,1.50003,1.50848,1.49984,1.49545,1.49481
Total Concentration(#/cm³),18.8009,0.429136,1.16639,0.445227,0.489747,708058,253621,205711,177916,159338,145056,132820,122555,113266,123734,111907,105899,100785,95538.5,90198.1,84462.6,79352.3,74359.6,70084.8,66251.5,71855.2,67205.6,63812,60541.3,57847.3,55179.6,52348,49763.2,46902.1,44090.7,41827.6,45146.3,43633.6,42054
Comment,,,,,,,,,,,,,,,,,,,,,,,,,,,,,,,,,,,,,,,
