Sample File,C:\Users\VanceLab\Desktop\CASA_InLab_Sp23\Chamber\Chamber_Butanol_SMPS_FreshSmoke_MRH_20230410.S82,
AIM Version,10.3.1.0
Classifier Model,3082       ,Classifier S/N,3082021905001   ,Classifier Firmware Version,2.60
Neutralizer Model,3088,Neutralizer S/N,3088011906004
Impactor (cm),0.071,Impactor S/N,7100764
DMA Model,3081,DMA S/N,3081A1903007
DMA Inner Radius (cm),0.937
DMA Outer Radius (cm),1.961
DMA Characteristic Length (cm),44.369
HV Polarity,NEG,
Detector Model,3750,Detector S/N,3750190603,Nano Enhancer , None
Detector Sample Flow (L/min),1.00,Detector Inlet Flow (L/min),1.00
Reference Gas Viscosity (Pa*s),1.832450e-005
Reference Mean Free Path (m),6.730000e-008
Reference Gas Temperature (K),296.15
Reference Gas Pressure (kPa),101.30
Sutherland Constant (K),110.40
Tube Length (cm),25.40
Tube Diameter (cm),0.48
Channels/Decade,64
Multiple Charge Correction,TRUE
Nanoparticle Agglomerate Mobility Analysis,FALSE
Diffusion Correction,TRUE
Units,dw/dlogDp
Weight,Number
Sample #,1,2,3,4,5,6,7,8,9,10,11,12,13,14,15,16,17,18,19,20,21,22,23,24
Date,4/10/2023,4/10/2023,4/10/2023,4/10/2023,4/10/2023,4/10/2023,4/10/2023,4/10/2023,4/10/2023,4/10/2023,4/10/2023,4/10/2023,4/10/2023,4/10/2023,4/10/2023,4/10/2023,4/10/2023,4/10/2023,4/10/2023,4/10/2023,4/10/2023,4/10/2023,4/10/2023,4/10/2023
Start Time,11:52:00,11:55:00,11:58:00,12:01:00,12:04:00,12:07:00,12:10:00,12:13:00,12:16:00,12:19:00,12:22:00,12:25:00,12:28:00,12:31:00,12:34:00,12:37:00,12:40:00,12:43:00,12:46:00,12:49:00,12:52:00,12:55:00,12:58:00,13:01:01
Sample Temp (C),22.8,22.8,22.8,22.8,22.7,22.7,22.7,22.6,22.6,22.6,22.6,22.6,22.5,22.5,22.5,22.5,22.4,22.4,22.4,22.4,22.4,22.4,22.4,22.3
Sample Pressure (kPa),81.1,81.1,81.1,81.1,81.1,81.1,81.1,81.1,81.1,81.1,81.0,81.0,81.0,80.9,80.9,80.9,80.8,80.8,80.8,80.7,80.7,80.7,80.7,80.6
Relative Humidity (%),16.9,16.4,16.1,15.8,15.6,15.4,15.2,15.1,15.0,14.9,14.8,14.8,14.7,14.7,14.6,14.6,14.6,14.6,14.6,14.6,14.6,14.6,14.5,14.6
Mean Free Path (m),8.39906e-008,8.39906e-008,8.39906e-008,8.39906e-008,8.39545e-008,8.39545e-008,8.39545e-008,8.39184e-008,8.39184e-008,8.39184e-008,8.40220e-008,8.40220e-008,8.39859e-008,8.40897e-008,8.40897e-008,8.40897e-008,8.41575e-008,8.41575e-008,8.41575e-008,8.42618e-008,8.42618e-008,8.42618e-008,8.42618e-008,8.43301e-008
Gas Viscosity (Pa*s),1.83149e-005,1.83149e-005,1.83149e-005,1.83149e-005,1.83102e-005,1.83102e-005,1.83102e-005,1.83054e-005,1.83054e-005,1.83054e-005,1.83054e-005,1.83054e-005,1.83006e-005,1.83006e-005,1.83006e-005,1.83006e-005,1.82958e-005,1.82958e-005,1.82958e-005,1.82958e-005,1.82958e-005,1.82958e-005,1.82958e-005,1.82911e-005
Diameter Midpoint (nm)
 16.3,0.000,0.000,0.000,0.000,11.028,41470.801,13021.490,5102.897,3408.500,2472.202,2051.298,1957.789,1764.941,1669.523,1534.773,1353.570,1318.955,1146.805,1057.600,1067.599,1050.074,875.743,760.080,798.820
 16.8,0.000,10.303,0.000,10.327,10.312,41091.165,13735.139,5088.046,2644.565,1711.301,1396.962,987.845,923.210,1108.824,677.813,851.813,776.744,723.826,529.265,557.203,426.564,556.935,638.921,494.570
 17.5,0.000,0.000,0.000,9.690,19.353,42891.676,13287.379,4732.195,2372.985,1082.973,773.872,555.798,576.162,495.480,388.218,378.154,358.690,338.868,279.169,197.957,396.892,217.268,234.901,271.868
 18.1,0.000,0.000,9.094,0.000,9.103,46233.476,13554.880,5069.944,2195.678,1479.160,693.407,486.092,362.907,217.457,173.767,180.022,140.533,75.161,106.822,129.727,45.911,139.160,98.336,72.076
 18.8,8.574,8.574,0.000,0.000,8.582,46330.229,15429.159,5606.215,2367.600,1276.524,641.836,508.893,274.008,287.185,188.510,121.320,129.404,136.728,69.297,83.567,61.693,23.011,38.392,60.028
 19.5,16.089,8.044,16.089,18.241,1.725,48525.307,16729.432,6941.452,3143.101,1214.045,714.002,535.885,342.730,269.405,84.573,113.802,44.840,70.443,43.648,21.536,29.144,21.742,21.765,21.274
 20.2,7.592,0.000,7.592,5.613,5.972,51989.392,18260.661,7373.275,3525.889,2044.052,1008.804,549.366,335.215,159.890,123.413,107.468,77.641,90.777,68.726,40.697,20.649,34.234,27.416,40.205
 20.9,0.000,0.000,7.195,0.000,7.202,53944.215,20584.610,8470.907,3736.826,2080.656,1088.221,706.838,500.412,214.935,131.902,125.700,92.140,60.973,50.353,48.988,26.375,1.199,35.509,15.093
 21.7,0.000,13.518,13.652,27.359,6.765,55900.033,21861.191,9060.990,4575.348,2520.575,1395.130,779.401,479.596,346.002,307.312,222.644,115.085,77.020,58.382,42.407,21.002,34.634,18.505,13.365
 22.5,0.000,0.000,6.420,0.000,6.494,60252.525,24257.014,11202.310,5341.912,2914.020,1762.892,984.735,583.339,508.336,274.792,214.798,167.788,71.038,74.073,41.496,34.536,10.981,7.124,15.308
 23.3,0.000,0.000,6.138,12.233,0.000,61595.598,26420.812,12794.861,5856.106,3444.178,1937.875,1307.423,842.752,649.727,340.212,257.377,164.188,147.120,122.026,74.666,89.331,23.797,54.251,75.995
 24.1,11.755,0.000,5.789,11.688,5.883,64919.694,28843.487,14338.160,7214.165,4106.366,2324.250,1861.001,1111.763,615.255,407.276,366.097,287.101,216.549,142.776,78.074,121.746,74.229,62.443,21.396
 25.0,0.000,5.632,5.531,5.543,5.637,69532.169,31770.359,15703.795,8922.245,4567.460,2964.553,2124.153,1109.574,744.938,661.160,413.474,415.664,163.668,174.681,134.337,182.006,71.406,75.529,43.615
 25.9,5.362,5.362,15.979,0.000,5.367,71449.741,34407.715,18357.550,9707.725,5968.576,3712.980,2336.761,1674.308,1006.052,705.595,626.387,425.498,337.545,377.632,151.792,154.306,129.700,107.579,73.245
 26.9,0.000,0.000,10.305,10.213,5.158,76473.644,37112.591,20119.849,11067.485,6659.422,4381.713,2883.341,1746.421,1186.840,1094.695,738.776,565.208,353.515,304.338,245.932,213.330,217.298,139.763,161.498
 27.9,4.920,4.923,4.923,4.934,0.000,79282.093,40958.670,22197.361,13083.643,8033.576,5147.905,3461.980,2167.664,1475.254,1300.504,888.911,562.908,463.662,370.567,302.280,240.281,180.676,189.557,92.085
 28.9,4.592,0.000,4.698,14.163,0.000,81811.668,44458.888,24629.665,14906.872,9406.296,6007.323,4374.439,2894.852,2265.705,1421.912,1161.483,810.021,551.074,555.302,384.630,361.759,278.081,238.758,201.242
 30.0,0.000,0.000,0.000,4.551,0.000,88564.693,49252.194,27321.304,17047.729,10265.880,7221.015,4892.550,3346.943,2440.439,1945.379,1251.373,1104.642,877.807,615.778,661.003,463.724,391.720,259.239,294.957
 31.1,0.000,8.595,0.000,0.000,4.366,90073.638,51987.728,30262.481,18758.478,12206.751,8071.682,5624.119,4224.971,3190.113,2331.858,1748.465,1496.387,1038.414,973.783,759.922,604.590,517.287,377.233,280.948
 32.2,0.000,0.000,4.192,4.025,0.000,94544.889,55865.690,33186.505,21686.616,13816.751,9800.252,6919.625,4963.863,3712.801,3052.088,2294.876,1685.323,1320.235,1071.166,883.989,671.858,668.757,566.503,415.015
 33.4,0.000,0.000,0.000,3.786,0.000,99075.083,60512.756,36901.039,24071.498,16310.667,11560.731,8049.759,5986.084,4290.537,3281.248,2683.578,1941.892,1686.254,1375.310,993.710,806.085,719.073,595.544,535.709
 34.6,0.000,0.000,3.912,3.920,0.000,102854.743,64730.202,39607.766,25908.760,18623.426,13579.172,9248.537,6945.168,5502.654,4376.429,3243.282,2253.215,2115.818,1491.947,1183.893,1081.804,925.281,746.049,646.173
 35.9,0.000,0.000,3.773,3.781,0.000,107830.783,68240.887,43358.732,29776.007,20824.279,14705.275,10845.026,8062.220,5854.835,4686.491,3627.730,2938.601,2102.042,1937.529,1435.554,1386.444,973.186,1024.924,841.718
 37.2,0.000,0.000,3.667,7.349,0.000,111404.772,72028.215,47431.378,32875.629,23305.098,16574.969,12453.765,9459.128,6992.301,5729.673,4499.820,3283.352,2669.998,2446.598,1898.083,1598.914,1400.739,1156.253,905.046
 38.5,3.396,3.443,0.000,3.551,0.000,115887.833,77914.689,52057.722,37228.632,25366.694,18211.397,14341.521,11259.659,8466.220,6239.837,5539.604,3965.223,3459.451,2602.426,2399.089,1943.443,1749.921,1212.265,1097.065
 40.0,0.000,0.000,0.000,0.000,0.000,122143.968,83789.383,56463.028,39789.124,28588.995,20682.585,16202.486,12057.680,10142.050,7543.309,6010.733,5235.650,4112.654,3519.833,2815.503,2333.740,1993.624,1713.178,1591.660
 41.4,3.191,0.000,0.000,0.000,0.000,128982.270,88876.389,60887.271,44953.004,32781.531,23414.109,18168.311,13913.031,11488.749,9053.500,7410.404,5831.624,5105.632,4150.078,3333.240,2909.492,2503.093,2053.602,1795.025
 42.9,0.000,0.000,6.474,0.000,0.000,133981.783,95654.573,65762.147,48012.882,36339.176,26334.762,21246.957,16519.524,12721.855,10494.240,8559.217,6797.020,5855.870,4812.019,3953.464,3480.383,2902.762,2483.846,2200.639
 44.5,2.494,2.989,0.000,2.815,0.000,141518.207,100478.115,72754.839,52096.247,39629.759,29398.776,23503.556,19106.945,15250.111,11906.258,9763.341,8376.901,6381.355,6138.380,4506.050,4163.046,3536.697,3144.470,2440.761
 46.1,0.000,0.000,0.000,3.072,0.000,149616.017,107112.268,78248.544,58296.741,45185.534,33696.187,26038.782,20574.337,17862.902,13868.141,11287.499,9555.806,7893.764,6521.286,5393.757,4782.225,4439.854,3577.227,3081.226
 47.8,0.000,0.000,0.000,5.853,59594.578,158005.968,114300.107,83658.772,63602.738,48700.427,38536.019,29760.186,23110.062,20441.190,16181.124,13614.460,11157.362,9076.629,7454.843,6841.190,6164.199,5121.166,4627.051,3695.785
 49.6,0.000,0.000,0.000,0.000,163218.405,169092.430,119942.276,93304.109,72063.494,55514.777,43661.392,34573.583,27280.952,23482.075,19099.063,15926.119,13450.096,11434.401,9232.517,8217.283,7584.481,6203.783,5583.689,5053.929
 51.4,0.000,0.000,0.000,0.000,286014.319,179741.501,131517.402,100771.664,79454.593,62303.595,48963.129,39496.022,31437.637,26826.208,22882.115,18651.567,16039.236,13635.751,11594.724,10090.358,9121.056,7676.256,6743.856,6001.404
 53.3,0.000,0.000,0.000,0.000,403120.044,192700.824,139987.321,110812.932,87899.491,69119.061,54665.495,45046.468,35739.887,30585.929,25082.473,22237.234,19032.737,15463.623,13729.230,11961.868,10586.518,9356.684,8152.708,7092.749
 55.2,2.512,0.000,0.000,0.000,551330.302,205169.679,153656.918,122310.586,97110.510,75853.953,60659.817,51075.268,40825.791,34457.383,29671.848,24669.489,21293.318,18423.895,15936.092,13957.245,13391.739,10884.727,10173.489,8717.987
 57.3,0.000,5.320,0.000,0.000,647302.266,214074.228,165953.293,130420.869,105996.967,85811.565,66802.539,55434.711,45875.675,40343.244,32175.649,27763.009,24494.878,20393.841,18836.696,15933.620,14780.209,12764.355,11655.204,9902.041
 59.4,2.357,0.000,2.607,0.000,641440.292,230487.481,178367.932,142413.816,114823.884,92193.350,75021.825,64111.169,52920.026,43819.473,36884.798,32725.071,28519.158,23526.597,21182.674,18335.696,17154.992,15162.696,13852.486,12033.660
 61.5,0.000,0.000,0.000,2.561,567849.994,242803.436,194626.069,153721.157,125215.132,100393.047,83188.821,70845.243,58874.659,50917.346,42163.885,36601.029,33084.972,27149.413,23639.851,21545.762,18589.962,17291.417,15946.932,13905.147
 63.8,7.105,2.289,0.000,5.025,420036.255,260794.020,206663.594,166219.297,135670.965,111588.010,92275.758,78057.754,66095.141,55860.633,48117.583,41850.511,35917.972,31456.217,27374.826,24965.767,22192.271,20035.469,18517.114,16479.785
 66.1,4.745,0.000,0.000,0.000,277089.953,278460.532,222255.479,183120.700,146707.329,122034.491,102829.574,87161.729,74587.667,63328.356,54674.380,48016.906,41040.214,36269.777,31920.159,28084.358,25510.270,23102.697,21013.086,19058.879
 68.5,2.194,0.000,2.416,0.000,162826.845,292476.238,234962.841,192502.902,158095.027,132835.614,109585.314,96142.061,82359.457,69503.846,60221.262,53632.597,46343.695,40979.930,35541.246,31456.106,29170.825,26504.546,23440.092,21527.219
 71.0,4.412,2.381,1.934,2.300,59101.282,297030.910,234800.898,197062.584,159202.819,131919.810,110806.289,95777.622,83464.402,69334.033,61505.186,54649.121,45320.887,41997.487,36615.122,32017.201,29428.293,26584.842,23990.939,21930.384
 73.7,4.255,3.841,0.000,2.250,13088.566,295054.364,241557.087,196435.632,161356.877,132920.502,111538.999,98753.175,86850.563,72865.812,64593.612,56045.938,45289.080,42631.399,37475.039,32708.998,28838.286,26986.289,24893.189,21957.449
 76.4,6.367,1.355,0.000,0.000,53811.699,311912.011,251806.831,207511.519,170133.780,139790.175,120936.957,104362.339,93106.773,79650.375,69115.070,58670.574,50072.254,46673.771,40874.418,35521.757,31546.740,28903.512,27348.366,25127.423
 79.1,1.408,0.000,0.000,0.000,147852.501,329350.097,264373.798,219101.270,179492.644,150236.930,129226.758,111342.434,95553.080,84826.697,76023.953,65594.919,54582.062,51244.275,45019.481,38939.679,35215.443,32674.746,29791.056,26365.225
 82.0,1.299,0.000,0.000,2.159,270876.689,345471.603,275518.164,231519.097,194147.688,161539.999,142203.467,124329.650,105261.273,93094.939,84680.808,70510.283,58814.019,56339.664,48763.736,41203.941,38640.789,34792.780,32580.663,28455.543
 85.1,4.191,0.000,0.000,4.052,420152.906,367117.974,295739.474,249019.087,204207.601,172310.246,149855.677,131009.734,113260.770,96984.337,91879.913,76158.638,65136.494,62008.565,54102.603,46830.065,42561.846,39117.329,35591.531,31955.734
 88.2,0.000,0.000,0.000,0.000,599930.137,381763.230,312312.627,267749.097,219765.989,183765.574,163176.896,140376.597,122906.048,104116.883,99440.996,84625.533,71761.570,67188.438,60015.111,51169.454,48254.794,42837.439,38632.031,35201.346
 91.4,4.148,4.355,0.000,0.000,725199.248,407686.454,336413.363,284350.664,238328.374,202931.852,172106.796,152620.572,133770.825,115202.669,107779.075,91105.575,79630.992,73307.797,64561.818,56330.829,52064.867,47363.570,42175.850,37099.247
 94.7,1.520,0.000,0.000,0.000,795653.805,432183.814,353365.046,298439.462,248817.392,217939.451,187767.794,164910.564,141529.018,126171.276,111525.414,98201.023,88774.966,75675.020,71318.165,61545.623,58175.963,51403.132,47303.271,41814.885
 98.2,0.715,1.731,0.000,0.000,828161.185,442976.209,379384.875,317356.043,268277.498,234669.265,201222.258,177563.887,156910.789,136017.527,119911.816,106451.760,94191.403,82812.557,76537.685,68335.226,63905.031,56543.323,52355.091,45868.490
101.8,1.144,0.000,0.000,1.855,846799.075,476835.838,400220.559,339504.707,290093.513,261426.110,215704.653,187646.162,165893.554,151486.147,133508.359,115493.935,105109.349,90815.608,82862.944,76303.432,68274.277,62390.574,57144.226,51410.274
105.5,1.669,0.000,2.109,0.000,851981.091,494985.295,427083.938,363726.519,312129.817,274725.059,236382.222,207089.463,181044.070,162212.956,143908.054,125023.162,117365.802,100184.652,88966.357,83644.348,75494.977,68886.885,61914.271,55851.039
109.4,1.549,3.998,0.000,0.000,873751.654,524946.141,448044.305,387851.714,334834.610,292063.758,254298.517,224486.948,194951.910,169906.399,156270.582,136185.030,127858.118,109176.430,98328.791,91750.016,84022.595,74998.787,68191.698,61466.871
113.4,1.963,4.090,0.000,0.000,891211.518,552848.917,467085.726,411042.564,357866.151,317090.630,271023.283,243874.298,209324.800,187771.130,171694.907,151135.868,136802.866,119859.713,109553.705,99314.942,90840.322,83637.109,75998.939,67687.166
117.6,2.078,0.000,5.373,2.011,929231.338,581642.424,495444.833,432508.595,370729.418,337812.856,289957.471,263044.429,232713.099,201533.736,181018.383,163991.245,147855.052,130681.346,117038.833,107157.913,98599.824,89764.155,82378.831,73708.900
121.9,4.121,0.000,0.000,0.000,978658.739,600629.132,528311.472,457702.318,393994.862,352439.169,305245.239,277129.434,247865.692,213880.656,190848.595,171718.392,160750.218,142585.017,126332.229,116636.584,106884.771,98019.730,90294.350,81123.955
126.3,0.000,0.000,0.525,0.000,1052578.948,620296.648,542979.897,479350.433,419033.592,369799.929,326286.419,299976.356,260303.199,235580.332,207998.455,183766.203,171360.342,152751.254,137634.739,123950.223,114712.642,108027.371,98319.401,86942.740
131.0,1.743,0.000,0.000,1.894,1125762.739,657042.917,572699.970,494737.389,437046.391,390932.635,341617.843,311435.298,278138.801,252071.312,217711.408,197111.745,181612.338,164630.872,146618.392,132189.106,124992.123,113582.061,105277.035,94476.610
135.8,0.000,0.000,2.054,1.038,1179707.965,667697.422,585420.502,515668.522,457341.323,411171.267,358782.283,326496.531,291211.022,264112.042,232374.630,210112.493,192587.310,173537.026,158909.553,144592.270,133280.766,122325.520,113058.721,102187.941
140.7,2.050,0.000,0.000,1.584,1194895.662,683187.252,603089.553,534254.046,476616.550,426830.215,378075.147,345588.973,309879.650,276507.720,245708.129,222120.230,202593.997,182915.030,164734.683,151203.345,141129.606,129417.107,119467.424,107891.184
145.9,2.047,0.000,1.590,0.000,1204496.699,696657.296,612647.670,548933.602,487655.513,438514.357,389230.031,352261.157,316929.994,287178.039,257465.415,232582.462,209716.527,192303.686,173072.322,158039.083,148198.600,136357.301,125103.176,113034.004
151.2,6.158,2.330,0.000,0.000,1183945.626,709953.694,621849.978,560196.445,495295.894,451938.888,400513.174,367349.931,328655.018,295317.507,265747.913,241346.780,219082.761,200434.051,183663.364,166456.883,155269.849,143476.621,133025.450,119507.361
156.8,0.000,1.094,0.000,1.364,1129005.885,706595.524,632324.292,564058.755,501361.057,450644.747,410058.781,371290.183,334488.763,302301.378,273653.945,250625.058,225885.407,203782.106,187008.459,170670.740,160973.969,150233.764,139166.246,123534.862
162.5,2.055,1.235,0.000,3.848,1052649.785,699979.748,626889.598,564907.064,503898.678,460821.068,413160.608,375907.025,340583.185,309860.702,278108.391,255639.579,230287.380,208698.325,193011.326,175734.358,165131.095,152978.360,141609.119,127417.190
168.5,1.104,0.000,0.000,5.672,959278.350,694101.607,614830.461,561324.079,500329.765,457877.391,413158.884,378291.786,340855.943,310937.901,282258.693,259444.627,233073.858,210050.764,195009.287,176975.192,168536.062,154832.277,143573.187,129929.416
174.7,0.000,0.000,0.000,1.026,872454.270,674375.400,606264.874,548917.121,492996.601,447118.870,410097.962,378403.375,339840.008,306579.958,282377.332,258416.455,237545.669,212299.091,193830.925,179345.495,168371.410,157411.991,144556.534,132923.517
181.1,0.000,0.000,2.074,0.000,788637.080,644811.387,584298.773,531658.222,483548.467,439977.370,399787.494,368039.979,334539.898,303426.394,280185.255,253586.172,232290.774,212131.299,193608.182,180258.676,170802.757,160342.208,144202.901,132105.990
187.7,0.000,0.000,0.000,0.000,711241.231,618437.436,558028.736,510308.244,464931.404,428883.599,386532.805,359484.194,326267.959,297269.446,277282.400,250719.765,227600.500,208972.932,193038.393,178452.185,167250.947,156190.583,143644.198,130485.539
194.6,2.096,0.000,4.192,0.000,639559.205,581523.590,527361.497,480590.223,440706.116,407824.682,373720.652,341880.938,314398.040,285480.918,263940.804,240683.457,221219.030,201753.814,184357.513,172390.795,162358.713,152492.867,138474.927,127295.357
201.7,0.000,2.112,0.000,0.000,576574.958,535269.929,490068.163,453120.108,413861.339,383812.346,352047.264,328087.265,297330.478,270570.091,253359.962,229230.718,212593.520,193101.141,177497.866,166117.542,156058.433,145784.199,134124.981,122084.947
209.1,0.000,0.000,0.000,2.123,520356.490,488195.030,451274.702,415934.349,381019.665,356398.493,323585.388,304803.054,277501.098,253328.510,235716.605,215139.555,199711.498,181794.791,165538.511,157474.874,147452.031,139348.694,125967.990,115543.884
216.7,0.000,0.000,0.000,0.000,468006.117,440255.175,408192.173,377636.210,346635.136,326482.892,296862.501,277210.482,255599.328,235008.125,218367.516,199774.998,183117.619,167941.033,154430.080,146382.453,138224.318,130305.874,117363.853,108965.243
224.7,0.000,0.000,0.000,1.855,418689.421,390071.951,365247.457,333766.816,309394.836,291187.754,268989.790,253792.002,232421.728,214408.234,199228.352,179719.385,167176.822,153092.008,141455.407,133379.760,127175.797,119738.316,108686.910,99197.180
232.9,0.000,2.171,2.171,0.000,363759.973,339483.861,314375.600,290074.559,273462.556,256277.837,236257.207,222779.128,204752.117,191998.711,175739.095,161655.780,151928.473,136735.164,127705.461,120801.624,114196.590,108428.438,98050.686,90372.771
241.4,0.000,0.000,0.000,0.000,308839.205,291155.547,271406.450,248852.510,238026.358,220905.868,205125.337,194870.128,177306.495,167028.425,154865.059,142458.308,132890.577,121032.308,110983.260,106273.637,102518.590,94699.007,86897.965,80512.946
250.3,0.000,0.000,0.000,2.212,261405.386,243561.787,223880.143,210226.722,199065.638,186884.876,173239.432,165508.081,149930.394,141700.695,132934.145,122388.418,115134.636,105720.964,96445.093,93044.759,88138.053,83253.630,74973.294,69568.148
259.5,0.000,2.237,0.000,0.000,217933.901,200605.189,184553.333,174540.865,166596.241,155209.265,144500.966,139713.184,125561.323,118640.738,112233.737,104259.354,97799.522,89409.748,82191.209,79556.469,76173.458,70960.266,64927.664,59579.998
269.0,2.257,0.000,0.000,0.000,178183.021,160970.503,148688.296,142190.679,132741.404,125784.221,116436.507,112523.908,105296.356,97082.190,91348.142,84429.828,81031.791,74100.328,67362.232,65676.167,61833.427,59918.087,53653.284,50239.088
278.8,0.000,0.000,0.000,2.281,143526.728,125758.829,115284.480,111484.304,103426.737,99953.838,91449.370,90071.289,82478.828,78306.979,73151.332,67804.752,63720.095,59820.261,54414.933,52546.676,50664.048,47411.317,43397.279,41418.630
289.0,0.000,0.000,0.000,0.000,111861.442,95133.364,89487.515,84547.723,79912.364,77431.052,71093.916,69855.814,64347.021,61275.172,57209.648,52792.236,50288.323,46971.570,42937.887,41651.222,40356.450,36757.575,34938.550,32506.638
299.6,0.000,0.000,0.000,0.000,82592.113,69400.648,65311.455,62584.166,58813.503,57270.793,53370.969,52042.495,48312.028,45999.457,43443.249,40539.190,38592.350,35459.564,32573.767,32294.298,31540.400,28715.880,27228.717,25565.004
310.6,0.000,2.363,0.000,0.000,59276.627,49298.212,47278.500,44769.583,43516.491,41274.245,38780.419,38225.181,35311.101,33934.734,31947.975,30131.167,28206.096,25886.948,24619.236,24711.543,23699.353,22013.163,19939.951,19186.412
322.0,0.000,0.000,0.000,0.000,41528.873,34659.038,33615.540,31478.204,30129.811,28931.970,27194.134,26818.288,24692.933,23796.806,23014.310,21975.802,20243.980,18798.516,17993.399,17246.544,17003.855,16218.902,14353.101,14009.856
333.8,0.000,0.000,0.000,0.000,28209.913,23171.186,22488.374,21406.931,20033.571,20012.409,19221.189,18540.941,17268.469,16827.002,15908.871,15029.465,14150.547,13091.496,12593.531,12086.192,12075.992,11217.691,10013.441,9969.935
346.0,0.000,0.000,0.000,0.000,18393.771,14580.682,15306.085,14073.547,13334.097,13430.957,12963.472,11903.134,11753.148,10961.983,10420.215,10026.603,9497.007,8670.843,8559.768,8294.157,8094.379,7553.541,6970.837,6622.068
358.7,0.000,0.000,0.000,2.499,11585.091,9541.377,9445.864,8869.475,8510.486,8445.733,8273.688,7507.553,7363.925,7143.073,6557.060,6255.472,6223.118,5508.716,5425.990,5197.904,5385.019,5202.319,4600.619,4302.717
371.8,0.000,0.000,0.000,0.000,6952.953,5747.941,5928.274,5581.900,5049.741,5074.242,5182.840,4726.589,4544.892,4274.448,3993.394,3936.136,3795.732,3520.912,3450.484,3302.548,3507.027,3151.146,2916.953,2756.645
385.4,0.000,0.000,0.000,0.000,4285.642,3493.952,3512.881,3302.864,2922.861,2949.943,2945.551,2698.091,2613.259,2518.257,2493.536,2247.938,2215.004,2108.932,1888.531,1913.066,1949.495,1908.287,1586.064,1648.131
399.5,0.000,0.000,0.000,0.000,2477.097,2008.927,1904.549,1915.242,1731.555,1695.472,1599.524,1494.186,1485.037,1443.631,1321.654,1269.162,1245.623,1137.059,1072.280,1136.123,1042.634,1093.534,1059.189,828.941
414.2,0.000,0.000,0.000,0.000,1173.306,1137.257,1016.541,966.768,823.522,927.914,940.148,792.729,873.914,829.203,711.429,663.588,640.878,643.875,558.099,641.162,615.942,630.955,556.732,498.366
429.4,0.000,0.000,0.000,0.000,722.600,649.431,561.926,505.144,459.930,532.158,507.637,512.972,392.408,416.131,401.258,342.139,342.187,318.046,378.354,308.932,278.238,339.697,309.862,282.138
445.1,0.000,0.000,0.000,0.000,395.314,336.794,301.116,259.351,224.959,299.293,246.641,230.750,218.902,192.162,172.528,191.715,210.551,185.892,170.067,158.578,172.354,202.764,168.969,126.129
461.4,0.000,0.000,0.000,0.000,217.181,174.561,155.939,136.063,119.427,128.399,88.809,127.954,104.754,137.235,102.003,103.592,71.793,111.878,101.144,61.158,93.536,91.294,85.753,61.634
478.3,0.000,0.000,0.000,0.000,154.685,115.248,101.960,87.541,84.244,86.816,94.292,102.520,49.693,35.327,51.045,58.439,40.380,52.961,34.689,47.587,37.503,50.417,42.618,49.952
495.8,0.000,0.000,0.000,0.000,71.756,68.948,63.151,54.398,37.276,39.671,44.897,61.678,53.036,24.900,28.515,28.398,13.512,18.755,23.372,15.702,15.013,21.095,26.391,23.322
514.0,0.000,0.000,0.000,0.000,73.006,49.598,37.962,32.032,28.590,31.742,31.434,25.696,28.487,16.905,14.075,16.713,16.513,10.915,21.997,18.656,21.574,10.741,18.813,5.278
532.8,0.000,0.000,0.000,0.000,54.596,29.942,20.824,20.766,35.373,35.277,34.935,23.269,23.184,14.352,11.471,14.189,14.019,16.679,19.212,10.861,8.242,8.207,13.364,18.819
552.3,0.000,0.000,0.000,0.000,50.474,25.505,9.095,18.141,33.046,11.984,17.802,14.821,18.545,17.552,8.768,14.461,17.441,16.998,16.783,11.069,2.800,11.153,11.495,8.220
572.5,0.000,0.000,0.000,0.000,34.002,29.740,30.912,27.742,30.630,27.492,18.150,21.088,17.228,26.843,8.940,17.692,11.352,11.554,5.704,11.285,2.855,8.528,14.225,13.968
593.5,0.000,0.000,0.000,0.000,68.894,9.412,21.921,13.722,24.824,18.568,13.252,3.130,15.254,18.129,9.057,11.949,14.757,11.706,5.778,11.433,11.568,8.640,8.647,11.321
615.3,0.000,0.000,0.000,0.000,42.768,22.406,31.950,24.233,23.333,9.472,11.493,16.642,18.675,12.331,12.320,3.048,9.034,2.986,14.739,5.833,5.902,5.876,2.941,5.775
637.8,0.000,0.000,0.000,0.000,28.093,9.802,22.829,16.261,18.193,19.337,19.149,18.088,22.239,9.440,15.720,9.333,0.000,12.190,3.009,2.977,6.024,5.999,9.005,5.895
661.2,0.000,0.000,0.000,0.000,26.453,23.188,19.839,32.973,9.829,19.605,16.179,16.165,12.885,6.381,6.376,0.000,9.350,9.270,0.000,0.000,12.215,0.000,6.087,0.000
685.4,0.000,0.000,0.000,0.000,16.888,33.839,23.644,20.210,18.150,23.365,9.916,6.605,0.000,0.000,0.000,0.000,0.000,0.000,0.000,0.000,0.000,0.000,0.000,0.000
710.5,0.000,0.000,0.000,0.000,0.000,0.000,0.000,0.000,0.000,0.000,0.000,0.000,0.000,0.000,0.000,0.000,0.000,0.000,0.000,0.000,0.000,0.000,0.000,0.000
Scan Time (s),155,155,155,155,155,155,155,155,155,155,155,155,155,155,155,155,155,155,155,155,155,155,155,155
Retrace Time (s),4,4,4,4,4,4,4,4,4,4,4,4,4,4,4,4,4,4,4,4,4,4,4,4
Scan Resolution (Hz),50,50,50,50,50,50,50,50,50,50,50,50,50,50,50,50,50,50,50,50,50,50,50,50
Scans Per Sample,1,1,1,1,1,1,1,1,1,1,1,1,1,1,1,1,1,1,1,1,1,1,1,1
Sheath Flow (L/min),3.000,3.000,3.000,3.000,3.000,3.000,3.000,3.000,3.000,3.000,3.000,3.000,3.000,3.000,3.000,3.000,3.000,3.000,3.000,3.000,3.000,3.000,3.000,3.000
Aerosol Flow (L/min),1.11,1.11,1.11,1.11,1.11,1.11,1.11,1.12,1.12,1.13,1.14,1.14,1.14,1.15,1.15,1.17,1.18,1.19,1.20,1.22,1.20,1.21,1.21,1.23
Bypass Flow (L/min),0.00,0.00,0.00,0.00,0.00,0.00,0.00,0.00,0.00,0.00,0.00,0.00,0.00,0.00,0.00,0.00,0.00,0.00,0.00,0.00,0.00,0.00,0.00,0.00
Low Voltage (V),11.14,11.15,11.15,11.15,11.15,11.15,11.15,11.15,11.15,11.15,11.14,11.14,11.15,11.13,11.14,11.14,11.13,11.14,11.14,11.13,11.14,11.13,11.13,11.12
High Voltage (V),9223.71,9222.84,9222.84,9222.84,9221.83,9221.53,9222.12,9219.94,9219.06,9217.03,9213.83,9210.65,9208.77,9205.29,9202.14,9201.86,9194.52,9190.56,9187.75,9181.23,9177.63,9181.51,9180.12,9176.47
Lower Size (nm), 16.0, 16.0, 16.0, 16.0, 16.0, 16.0, 16.0, 16.0, 16.0, 16.0, 16.0, 16.0, 16.0, 16.0, 16.0, 16.0, 16.0, 16.0, 16.0, 16.0, 16.0, 16.0, 16.0, 16.0
Upper Size (nm),723.4,723.4,723.4,723.4,723.4,723.4,723.4,723.4,723.4,723.4,723.4,723.4,723.4,723.4,723.4,723.4,723.4,723.4,723.4,723.4,723.4,723.4,723.4,723.4
Density (g/cm³),1.0,1.0,1.0,1.0,1.0,1.0,1.0,1.0,1.0,1.0,1.0,1.0,1.0,1.0,1.0,1.0,1.0,1.0,1.0,1.0,1.0,1.0,1.0,1.0
td + 0.5 (s),1.52,1.52,1.52,1.52,1.52,1.52,1.52,1.52,1.52,1.52,1.52,1.52,1.52,1.52,1.52,1.52,1.52,1.52,1.52,1.52,1.52,1.52,1.52,1.52
tf (s),6.03,6.03,6.03,6.04,6.04,6.04,6.04,6.03,6.02,6.02,6.00,6.00,5.99,5.98,5.98,5.96,5.94,5.92,5.90,5.89,5.90,5.90,5.90,5.87
D50 (nm),682.1,682.1,682.1,682.8,682.4,683.1,682.4,681.3,678.9,677.9,674.0,673.7,672.3,668.5,668.2,664.3,659.7,656.5,651.8,647.8,652.0,650.5,650.8,644.0
Neutralizer Status,ON,ON,ON,ON,ON,ON,ON,ON,ON,ON,ON,ON,ON,ON,ON,ON,ON,ON,ON,ON,ON,ON,ON,ON
Median (nm),62.905,30.612,25.705,27.440,131.489,125.702,132.395,137.183,141.020,144.177,146.925,149.094,150.838,152.519,154.125,155.563,156.657,157.420,158.375,160.023,160.998,161.978,161.800,162.861
Mean (nm),67.133,62.828,43.168,53.256,135.970,129.083,135.810,140.607,144.462,147.752,150.336,152.675,154.404,156.162,157.614,158.993,160.408,161.195,162.053,163.774,164.738,165.619,165.581,166.563
Geo. Mean (nm),50.545,41.935,32.141,36.356,125.110,110.612,119.399,125.519,130.125,134.029,137.035,139.677,141.701,143.598,145.214,146.735,148.325,149.200,150.162,151.925,152.904,153.894,153.934,154.885
Mode (nm),19.456,21.674,19.456,21.674,145.902,151.247,156.788,162.531,162.531,162.531,162.531,174.658,168.485,168.485,174.658,168.485,174.658,174.658,168.485,181.056,181.056,181.056,174.658,174.658
Geo. Std. Dev.,2.142,2.315,1.920,2.136,1.521,1.834,1.729,1.665,1.627,1.597,1.576,1.560,1.547,1.538,1.530,1.523,1.514,1.510,1.505,1.500,1.498,1.493,1.491,1.490
Total Conc. (#/cm³),2.300425e+000,1.785717e+000,2.538620e+000,3.473734e+000,4.747997e+005,3.738461e+005,3.112998e+005,2.674163e+005,2.318048e+005,2.054393e+005,1.806427e+005,1.634611e+005,1.453349e+005,1.304748e+005,1.180438e+005,1.060310e+005,9.635058e+004,8.687847e+004,7.893498e+004,7.258235e+004,6.790747e+004,6.277130e+004,5.741178e+004,5.207519e+004
Title,,,,,,,,,,,,,,,,,,,,,,,,
User Name,VanceLab,VanceLab,VanceLab,VanceLab,VanceLab,VanceLab,VanceLab,VanceLab,VanceLab,VanceLab,VanceLab,VanceLab,VanceLab,VanceLab,VanceLab,VanceLab,VanceLab,VanceLab,VanceLab,VanceLab,VanceLab,VanceLab,VanceLab,VanceLab
Sample ID,,,,,,,,,,,,,,,,,,,,,,,,
Instrument ID,,,,,,,,,,,,,,,,,,,,,,,,
Lab ID,,,,,,,,,,,,,,,,,,,,,,,,
Leak Test and Leakage Rate,,,,,,,,,,,,,,,,,,,,,,,,
Instrument Errors,Normal Scan,Normal Scan,Normal Scan,Normal Scan,Normal Scan,Normal Scan,Normal Scan,Normal Scan,Normal Scan,Normal Scan,Normal Scan,Normal Scan,Normal Scan,Normal Scan,Normal Scan,Normal Scan,Normal Scan,Normal Scan,Normal Scan,Normal Scan,Normal Scan,Normal Scan,Normal Scan,Normal Scan
Comment,,,,,,,,,,,,,,,,,,,,,,,,
