Sample File,C:\Users\VanceLab\Desktop\CASA_InLab_Sp23\Chamber\Chamber_Butanol_SMPS_FreshSmoke_MRH_20230606.S82,
AIM Version,10.3.1.0
Classifier Model,3082       ,Classifier S/N,3082021905001   ,Classifier Firmware Version,2.60
Neutralizer Model,3088,Neutralizer S/N,3088011906004
Impactor (cm),0.071,Impactor S/N,7100764
DMA Model,3081,DMA S/N,3081A1903007
DMA Inner Radius (cm),0.937
DMA Outer Radius (cm),1.961
DMA Characteristic Length (cm),44.369
HV Polarity,NEG,
Detector Model,3750,Detector S/N,3750190603,Nano Enhancer , None
Detector Sample Flow (L/min),1.00,Detector Inlet Flow (L/min),1.00
Reference Gas Viscosity (Pa*s),1.832450e-005
Reference Mean Free Path (m),6.730000e-008
Reference Gas Temperature (K),296.15
Reference Gas Pressure (kPa),101.30
Sutherland Constant (K),110.40
Tube Length (cm),25.40
Tube Diameter (cm),0.48
Channels/Decade,64
Multiple Charge Correction,TRUE
Nanoparticle Agglomerate Mobility Analysis,FALSE
Diffusion Correction,TRUE
Units,dw/dlogDp
Weight,Number
Sample #,1,2,3,4,5,6,7,8,9,10,11,12,13,14,15,16,17,18,19,20,21,22,23,24,25,26,27,28
Date,6/6/2023,6/6/2023,6/6/2023,6/6/2023,6/6/2023,6/6/2023,6/6/2023,6/6/2023,6/6/2023,6/6/2023,6/6/2023,6/6/2023,6/6/2023,6/6/2023,6/6/2023,6/6/2023,6/6/2023,6/6/2023,6/6/2023,6/6/2023,6/6/2023,6/6/2023,6/6/2023,6/6/2023,6/6/2023,6/6/2023,6/6/2023,6/6/2023
Start Time,11:31:00,11:34:00,11:37:00,11:40:00,11:43:00,11:46:00,11:49:00,11:52:00,11:55:00,11:58:00,12:01:00,12:04:00,12:07:00,12:10:00,12:13:00,12:16:00,12:19:00,12:22:00,12:25:00,12:28:00,12:31:00,12:34:00,12:37:00,12:40:00,12:43:00,12:46:00,12:49:00,12:52:00
Sample Temp (C),22.8,22.8,22.8,22.8,22.8,22.7,22.7,22.6,22.6,22.6,22.5,22.5,22.4,22.4,22.3,22.3,22.3,22.2,22.2,22.1,22.1,22.1,22.1,22.1,22.1,22.1,22.2,22.2
Sample Pressure (kPa),79.3,79.3,79.3,79.3,79.3,79.4,79.3,79.3,79.2,79.2,79.2,79.1,79.0,78.9,78.8,78.8,78.6,78.6,78.5,78.4,78.4,78.3,78.2,78.2,78.2,78.2,78.2,78.1
Relative Humidity (%),9.2,9.0,8.9,8.9,8.8,8.7,8.7,8.6,8.6,8.5,8.5,8.4,8.4,8.3,8.3,8.3,8.3,8.3,8.2,8.2,8.2,8.2,8.2,8.2,8.1,8.1,8.1,8.1
Mean Free Path (m),8.58971e-008,8.58971e-008,8.58971e-008,8.58971e-008,8.58971e-008,8.57520e-008,8.58601e-008,8.58232e-008,8.59316e-008,8.59316e-008,8.58946e-008,8.60032e-008,8.60751e-008,8.61842e-008,8.62564e-008,8.62564e-008,8.64759e-008,8.64386e-008,8.65487e-008,8.66218e-008,8.66218e-008,8.67324e-008,8.68434e-008,8.68434e-008,8.68434e-008,8.68434e-008,8.68808e-008,8.69920e-008
Gas Viscosity (Pa*s),1.83149e-005,1.83149e-005,1.83149e-005,1.83149e-005,1.83149e-005,1.83102e-005,1.83102e-005,1.83054e-005,1.83054e-005,1.83054e-005,1.83006e-005,1.83006e-005,1.82958e-005,1.82958e-005,1.82911e-005,1.82911e-005,1.82911e-005,1.82863e-005,1.82863e-005,1.82815e-005,1.82815e-005,1.82815e-005,1.82815e-005,1.82815e-005,1.82815e-005,1.82815e-005,1.82863e-005,1.82863e-005
Diameter Midpoint (nm)
 16.3,0.000,0.000,0.000,49270.529,14746.250,5755.157,3091.935,1723.832,1355.875,1074.949,896.923,854.117,602.829,608.879,680.796,543.460,513.247,602.187,557.058,580.135,516.164,514.500,472.314,480.573,364.238,325.561,345.977,361.967
 16.8,0.000,0.000,8.466,52093.178,15558.151,6046.322,2949.347,1346.116,800.591,677.800,542.715,481.353,406.999,315.701,349.897,276.739,448.989,243.399,293.308,335.477,261.602,292.102,266.595,197.247,232.305,204.920,236.835,156.175
 17.5,0.000,0.000,0.000,55008.751,17094.909,6892.012,2959.971,1623.173,840.481,495.371,463.431,264.225,217.832,185.534,184.863,188.163,203.045,133.810,137.269,164.500,105.407,178.849,69.028,120.573,118.744,68.410,86.730,111.436
 18.1,14.844,0.000,0.000,57019.188,17829.628,7974.470,3431.344,1680.112,889.409,673.805,433.369,296.745,232.533,134.956,113.927,85.564,76.588,69.410,62.484,67.371,102.171,42.187,71.063,47.338,53.082,35.216,17.541,45.215
 18.8,0.000,7.003,14.059,61725.876,20782.127,8898.679,4055.567,2147.215,994.037,673.904,332.974,340.142,152.646,116.193,88.612,74.610,24.123,47.704,58.798,75.957,75.079,22.791,39.196,27.975,0.000,11.101,11.058,21.883
 19.5,6.621,0.000,6.648,65217.216,22104.489,9928.975,4840.664,2577.663,1428.884,732.910,658.684,391.187,278.034,164.931,125.804,88.285,90.726,39.529,17.020,22.137,21.883,26.989,15.917,10.603,21.139,36.817,31.439,10.369
 20.2,0.000,6.260,6.284,69681.283,26034.185,11529.552,5802.137,3103.113,1853.382,1112.877,657.618,365.716,268.011,150.269,164.403,91.845,97.921,53.467,47.662,41.926,15.544,35.789,24.695,15.067,15.018,14.949,0.000,9.825
 20.9,5.844,11.688,0.000,70982.290,26955.405,12512.596,5881.557,3644.630,2154.603,1317.623,792.151,516.909,315.721,252.524,167.719,119.118,90.618,87.999,55.419,55.853,0.000,28.279,11.673,9.416,20.062,5.616,2.257,1.542
 21.7,11.060,22.457,0.000,76692.602,30740.244,14164.590,6728.351,4209.912,2374.376,1621.844,1164.928,619.217,492.791,276.951,201.931,151.871,132.528,70.385,59.473,22.233,38.848,58.943,22.017,25.767,21.207,7.387,9.603,0.000
 22.5,5.300,21.333,0.000,79550.218,35099.488,16860.461,8635.509,5122.062,2731.711,1797.375,1342.131,871.908,498.345,314.966,234.066,227.478,117.544,103.262,112.742,95.247,62.176,16.286,27.323,56.150,2.833,13.932,13.429,36.997
 23.3,25.356,10.054,0.000,88823.315,37131.497,19129.348,9857.773,5798.869,3431.126,2128.832,1460.427,965.713,727.634,570.359,266.300,271.898,212.235,131.008,136.371,90.839,61.307,48.884,39.551,24.076,35.009,37.490,13.347,14.029
 24.1,24.264,4.949,0.000,91765.247,39969.849,21715.523,11822.502,7224.567,4109.094,3015.846,1937.348,1273.733,721.904,547.683,474.308,373.209,219.423,205.189,118.297,121.742,92.456,71.688,68.052,50.242,75.967,53.626,43.389,32.133
 25.0,4.260,18.235,0.000,99604.848,45692.301,24311.285,14255.889,8578.866,5347.295,3705.786,2526.310,1518.660,1246.874,789.070,627.113,451.933,293.339,208.690,208.325,198.434,137.291,48.181,86.170,79.099,49.709,58.827,47.011,36.864
 25.9,13.232,39.682,0.000,109725.918,49735.038,26874.487,15931.508,9933.074,6021.302,3988.020,3017.148,2001.285,1480.582,996.940,789.557,604.595,496.001,371.065,259.355,255.616,195.927,125.193,158.823,110.558,55.271,44.475,73.361,66.217
 26.9,16.723,4.137,67048.341,116516.113,56471.004,31143.944,18192.142,12270.466,7054.685,4849.891,3585.288,2559.167,1835.894,1357.169,920.083,816.561,573.037,473.619,385.463,203.915,234.115,196.970,151.858,155.312,94.993,65.325,71.206,48.954
 27.9,15.861,11.883,226610.956,125280.668,62363.149,34056.482,21112.645,13046.376,9068.115,5960.125,4174.358,2939.203,2325.321,1644.144,1224.023,941.691,750.924,547.118,405.448,394.362,325.613,272.279,216.100,258.080,141.959,129.442,94.051,105.746
 28.9,23.609,7.365,471889.627,132633.423,65513.085,37984.264,24874.505,15788.562,10196.412,7464.963,5049.551,3663.405,2767.837,2142.743,1659.380,1106.739,1016.717,805.106,606.777,516.109,458.960,309.483,291.865,296.357,175.356,144.044,144.259,112.337
 30.0,7.311,14.699,823541.770,140654.287,74141.127,44035.495,27462.521,19051.987,11693.675,8854.641,6062.449,4921.868,3437.661,2586.830,1960.881,1511.009,1136.576,1025.940,754.161,671.224,468.581,433.617,324.850,370.562,282.686,291.454,185.987,236.377
 31.1,14.564,7.113,1223925.709,149381.944,80938.410,49575.747,32008.994,21638.393,13800.728,9481.894,7463.517,5513.614,4174.809,3402.069,2425.020,1869.148,1601.328,1318.539,1060.361,971.408,743.101,593.634,542.056,365.555,369.150,378.988,239.143,277.066
 32.2,3.438,10.228,1498603.505,160888.080,84767.975,52970.819,36325.522,23901.086,17304.069,12394.378,8909.760,6530.142,5042.888,3927.357,3252.027,2340.143,1970.282,1739.215,1318.874,1211.857,1042.445,843.635,636.023,584.867,427.006,408.765,444.627,301.699
 33.4,6.308,6.405,1807810.669,170869.734,96265.655,59242.853,40651.493,27682.670,19341.835,14363.224,10583.070,8001.687,6230.521,4756.142,3793.510,2981.502,2352.673,2041.864,1740.103,1420.562,1138.623,874.573,865.184,687.858,601.536,565.561,542.766,495.260
 34.6,15.361,5.573,2172697.940,184426.199,103363.594,66326.717,45730.650,31207.274,22327.295,16162.967,12186.067,8988.843,7221.409,5847.724,4544.737,3819.955,2988.885,2398.302,1946.432,1673.946,1509.748,1256.784,1010.408,967.006,809.099,738.123,674.347,665.990
 35.9,8.697,12.221,2368940.748,196648.968,110129.324,70865.984,51556.328,35459.878,25434.330,18473.810,14797.684,10859.123,8706.857,6819.274,5389.298,4490.723,3498.355,3153.471,2607.912,2112.715,1763.484,1575.619,1369.937,1187.557,962.799,842.923,797.317,730.775
 37.2,5.676,17.874,2353352.978,207113.726,124127.142,82352.367,58025.561,41454.291,28406.219,21489.914,17312.300,13427.739,10532.764,8698.205,6506.735,5429.457,4494.468,3789.310,3078.156,2634.500,2149.934,1819.382,1806.900,1572.588,1343.386,1244.937,1060.319,877.746
 38.5,14.457,4.762,2150279.538,221424.716,135869.709,88411.354,62843.946,46093.825,33881.122,25634.379,20645.006,15512.270,12265.512,9514.127,8236.979,6680.243,5301.425,4732.601,3782.620,3195.290,2787.417,2367.388,1988.564,1780.284,1418.516,1571.524,1318.640,1036.223
 40.0,16.752,12.556,1872831.850,230665.629,145847.873,99464.988,69938.016,51427.814,36942.058,29153.731,23915.462,18566.761,13793.469,12063.230,9447.685,7414.737,6341.590,5305.284,4497.351,3924.928,3453.426,2839.871,2406.393,2274.904,2016.242,1876.507,1582.380,1331.551
 41.4,0.000,13.045,1639344.644,252239.405,156310.263,110050.046,74545.787,57137.952,43702.196,33319.550,26958.969,21111.506,16355.867,13109.243,11085.594,9111.777,7867.138,6277.585,5547.265,4799.690,4135.031,3561.351,3326.253,2849.172,2362.078,2140.184,1876.080,1807.888
 42.9,7.440,12.860,1379064.392,265689.104,167866.454,118420.268,85306.214,63765.276,49848.265,38208.194,31521.425,24045.473,18965.672,16526.335,12991.042,10021.155,9215.650,7686.044,6579.335,5539.602,4917.638,4356.752,3787.679,3321.392,2727.589,2695.534,2346.707,2133.934
 44.5,1.006,3.848,1143077.100,284828.783,181955.167,131458.224,95345.689,70260.683,55671.182,42898.238,34778.423,28073.716,22736.835,18506.477,14782.246,12797.367,10954.874,9150.861,7820.950,6763.877,6163.763,5372.357,4937.357,4123.745,3533.639,3134.280,3111.778,2447.780
 46.1,0.664,6.142,925904.033,300106.373,194072.827,144580.087,105621.534,80786.990,62576.519,48635.541,40869.618,31041.872,26686.302,21207.936,17424.000,14938.312,13072.045,10821.818,9304.626,8091.114,7374.976,6413.447,5347.275,5170.755,4729.897,3979.657,3754.336,3155.013
 47.8,7.490,5.520,730945.434,315207.301,211313.177,154547.536,118360.763,88179.303,69026.694,55549.790,45989.766,36854.192,29820.803,25667.448,21180.260,18193.220,14873.633,13050.335,11210.138,9370.321,8520.953,8067.484,6872.198,5893.899,5153.177,4970.163,4534.043,3963.164
 49.6,18.212,17.912,588061.445,348751.164,229882.971,168438.530,131970.803,99813.422,77901.271,65183.132,54323.256,42851.176,34325.883,28157.659,24613.082,21335.749,18168.490,16175.256,13665.541,12062.822,10950.739,9720.475,7817.282,7720.191,6966.048,6321.661,5976.205,5174.591
 51.4,13.506,8.559,488300.687,364707.863,243449.518,183663.698,143529.727,109222.372,87830.816,74560.162,61890.892,49914.840,41395.973,34230.611,29425.227,25406.830,21973.199,18661.686,16712.089,14335.703,13238.489,11317.763,10172.556,8816.943,8378.035,7866.995,7151.072,6114.868
 53.3,7.376,6.381,449603.157,392841.130,267122.112,195185.771,155116.229,119421.601,96025.008,82810.617,68344.325,54474.025,45641.336,38678.660,32988.440,28825.674,24670.389,21569.759,18768.877,16912.878,15947.150,13487.292,12110.294,10671.075,9490.490,8772.547,8574.191,7548.999
 55.2,4.875,12.276,445028.426,416067.393,283231.552,218097.075,167377.174,132939.099,105759.418,89964.345,76809.581,63595.802,53460.904,44230.493,38430.416,33321.405,28257.797,25270.204,21963.359,19896.288,17952.130,15363.838,14253.272,13329.333,11861.130,10667.142,9820.457,9032.730
 57.3,8.836,25.603,477159.826,434251.716,304926.150,234905.451,186332.922,148046.299,117536.221,101828.733,82226.750,70691.051,58693.059,49489.145,43913.480,39134.809,33206.809,29101.178,25792.099,23150.990,20664.253,17545.435,16595.445,15285.026,13875.070,11957.658,12071.875,10231.396
 59.4,1.400,14.347,510125.396,462152.213,322328.736,246682.443,201725.358,160189.020,128475.127,111340.756,90119.612,77469.968,66809.117,55250.796,50232.774,42263.033,36281.801,33796.622,29257.186,26777.716,23663.563,19843.973,19035.347,17431.947,16133.897,14852.650,14123.105,12211.097
 61.5,3.201,4.557,555150.090,490755.913,342941.969,267614.070,218877.175,175981.911,141717.232,118923.519,101048.588,89023.145,73298.534,64457.578,55849.659,50173.122,42666.950,37228.748,34331.334,29951.823,26857.495,24033.646,22355.835,20453.437,18684.922,17086.941,15372.042,14750.070
 63.8,16.984,15.446,633782.057,508105.902,361849.652,281290.359,234322.725,189276.068,155149.075,133120.762,110179.709,93794.926,80825.044,71349.090,63123.555,54420.108,46252.040,42066.921,38271.470,35503.661,30660.008,26518.945,25973.864,23200.165,21914.843,19613.048,18253.555,17324.434
 66.1,14.159,11.687,703590.283,529834.859,382588.022,304644.313,248704.485,206072.638,168388.147,146726.950,118128.895,105733.263,88384.669,79350.915,70497.410,59276.591,52600.643,48026.699,43972.842,38195.452,34639.034,30763.948,29187.845,26104.585,24576.838,24049.743,20984.679,19642.222
 68.5,22.514,19.337,766255.461,561991.671,409499.503,328038.463,260758.132,216143.201,185614.759,155164.338,134035.369,114077.320,97875.779,87485.170,78669.643,66591.499,57515.948,52381.240,48009.932,43267.889,38650.948,34873.583,31695.552,28979.440,28168.919,25748.924,23078.165,22248.663
 71.0,20.979,17.228,755260.085,566172.381,418682.716,332656.063,270190.335,228355.066,187407.327,164325.255,132871.031,118913.541,101611.073,90650.697,79158.124,68611.069,60688.578,55732.252,50478.755,45888.675,42196.307,35000.822,32480.188,29857.118,28249.191,26135.592,23859.400,22779.094
 73.7,0.702,7.899,778290.097,565749.415,422687.705,336701.226,277434.643,231845.608,199362.336,167278.161,141819.330,123458.034,104207.134,95565.091,84406.705,73352.784,61405.951,55553.784,52877.923,47105.482,42665.675,38084.019,34441.958,31918.401,28922.380,27587.322,26423.451,23476.957
 76.4,13.405,20.639,811360.626,595761.523,435923.002,361363.736,299430.912,251166.646,212662.066,179078.795,153824.114,131494.398,115659.388,101807.105,89838.605,79952.891,68537.538,64044.819,57294.966,51611.370,48909.396,41621.366,36740.124,34903.246,33326.258,30406.684,27860.085,25814.654
 79.1,14.752,10.763,835168.684,607010.142,458358.263,375611.819,321539.999,268366.410,220813.490,191866.000,164101.570,144887.502,124337.746,107687.256,97469.172,84052.142,76677.340,69619.223,63184.171,56265.058,51595.410,47758.889,42144.954,38798.221,35954.083,34230.522,31082.319,29290.433
 82.0,12.416,9.452,879605.096,632095.258,481469.933,398472.135,332958.464,279498.201,239117.729,200644.984,183236.725,153443.922,132301.667,120307.634,106586.262,95029.766,81737.472,77446.377,69680.369,60842.302,58230.835,50973.965,44657.181,43026.815,39311.396,37933.174,35584.858,31632.701
 85.1,16.957,8.475,936236.514,651089.635,491781.465,410059.081,345590.863,292546.625,254026.104,213158.449,192732.381,164884.903,143244.649,127076.980,113857.430,101975.881,92397.740,81066.661,76762.543,65975.006,62690.077,56506.995,49137.560,47135.225,44382.957,42324.732,37458.017,36686.032
 88.2,18.340,5.489,979444.358,651611.755,520424.112,438325.797,365903.354,314701.161,264744.140,233122.703,205884.912,175895.380,154790.276,138756.814,125356.824,110075.753,97628.897,89617.697,82779.431,74542.628,67518.995,62281.794,54515.044,52963.703,48772.082,45665.058,41865.771,40376.367
 91.4,9.467,13.329,1041683.134,662462.048,524331.821,451182.650,375619.137,327533.566,278611.339,243422.745,219146.667,187249.479,165438.760,148501.731,135392.480,119411.948,105208.178,95830.882,86430.309,79047.572,73279.509,66525.929,58307.696,58310.255,54557.915,48711.618,46842.771,43685.533
 94.7,20.109,6.440,1062819.981,685136.682,536815.611,465107.146,395780.558,338557.808,290374.868,254611.663,230009.261,199545.073,173412.090,155106.755,139082.876,125913.068,115377.162,103081.915,95533.494,86452.861,77380.038,72929.531,64065.835,61304.835,56250.261,53370.620,49866.834,45791.365
 98.2,10.747,17.172,1060412.172,677980.366,547816.119,474701.430,410659.742,350827.792,302780.461,273659.193,237988.116,207494.402,185788.074,167786.372,150220.947,138271.129,123157.627,113950.543,100652.907,92630.280,86391.108,77495.102,68092.702,68246.916,62703.248,57988.773,53098.874,50041.891
101.8,9.842,3.070,1047154.009,688899.639,562175.230,476742.573,416846.850,363706.612,315846.350,275712.114,252863.685,216191.034,192911.076,177391.311,159025.047,145947.128,128981.208,119720.361,108542.520,100976.670,91612.181,85307.898,75585.716,73356.735,66104.463,62534.026,58127.843,52341.704
105.5,4.357,3.851,1009538.024,695018.000,560009.230,493846.001,430198.339,370931.802,317516.227,291670.324,264124.758,228908.245,206863.841,184011.514,168442.488,149843.390,135219.729,125143.824,114153.408,106793.166,95308.256,89070.056,79956.741,76872.034,70024.486,68898.095,64241.475,58703.604
109.4,21.997,6.202,967253.857,691432.263,565500.455,497348.644,431575.521,380897.430,330671.874,302158.814,270639.205,236997.961,209998.326,193179.487,176470.881,160833.185,144170.410,133588.569,121707.676,111084.492,103989.573,93836.504,84610.433,82554.815,75411.456,72715.924,66130.981,60716.199
113.4,7.474,10.094,939814.843,674881.717,565747.432,493038.133,434960.792,382431.446,331921.626,301204.924,278573.865,241953.485,216904.868,197620.087,182135.183,164450.174,146837.386,137445.194,128302.520,119448.473,109191.201,99206.836,88677.949,87097.053,79353.897,76368.536,71106.161,65793.306
117.6,9.526,18.992,897269.563,666626.831,562949.713,497983.428,435585.596,389955.017,339970.622,312553.977,283782.940,248846.149,223847.803,206252.080,187244.778,170274.487,154732.565,142991.754,131395.092,123475.130,112242.000,103432.903,93355.656,89456.205,83636.003,79763.601,75665.662,69308.663
121.9,9.135,3.231,844841.702,642646.088,544550.508,488894.028,433518.975,382979.408,336780.137,313644.385,285429.034,250033.198,227068.220,210145.746,191818.831,173168.141,155664.273,145237.164,137437.698,126021.527,117264.359,106474.729,95094.518,93404.705,87114.937,82723.895,76212.968,71655.760
126.3,3.302,9.526,802110.771,636819.652,538406.068,478950.898,426441.669,385268.822,336977.323,311730.311,283726.125,253343.453,231999.592,209053.225,192591.739,175474.766,160984.020,149865.941,136553.250,129871.564,121438.750,108419.638,99585.737,97120.084,91960.210,86262.503,79835.396,75217.648
131.0,15.005,4.878,774410.861,602158.323,516694.626,461769.038,413299.782,377949.702,337480.117,312075.155,286022.231,250413.970,231214.624,209232.110,194081.460,178962.117,162233.650,152811.900,140933.141,132527.057,120389.179,112602.298,101854.948,97153.700,91990.643,87326.595,82024.576,77209.041
135.8,6.412,5.761,734605.954,580094.588,495577.612,450596.108,404996.282,369823.936,331268.989,306497.317,282035.004,251955.651,231322.630,211049.638,192862.058,177967.194,165272.231,152960.198,139939.699,132644.804,122957.781,112973.768,104701.777,100693.626,93389.757,90038.063,83516.695,77109.903
140.7,14.429,17.711,686123.398,550296.601,471282.066,428887.427,393059.728,356608.173,320415.437,294320.795,273456.773,241144.158,226053.139,208175.143,193492.437,176044.825,160250.006,153252.776,141383.729,132329.592,122731.651,113055.402,105588.669,99400.513,94625.221,89120.371,84650.732,79322.765
145.9,4.645,5.978,625739.449,514378.330,443374.069,411732.599,369707.606,337719.309,307387.159,288273.804,265444.344,235415.242,221286.107,201192.312,188516.529,173656.591,159542.555,148100.978,138554.413,131517.261,119631.175,111809.083,103479.397,98574.059,93580.781,87547.068,82826.147,77705.780
151.2,4.241,4.936,575643.617,477132.381,415021.971,381953.740,349447.248,320985.347,292251.597,273819.535,253828.915,225289.716,214859.721,195599.068,183496.415,166873.410,152391.441,145966.009,135294.611,127116.729,117167.562,110111.233,103148.067,98532.030,92885.427,88180.146,83399.576,77682.366
156.8,11.044,14.024,523922.597,435537.068,382447.266,356311.644,324795.588,297049.015,274659.519,260431.153,239632.522,214808.369,202427.205,187101.034,173689.172,159012.388,147047.938,140718.065,132710.415,123676.241,115105.461,106392.006,99414.897,94287.327,91491.492,85546.931,79275.556,76539.574
162.5,3.628,5.377,469803.183,394858.158,352680.704,323830.251,299652.950,279829.403,257364.893,241568.998,226490.904,200997.743,190965.214,175678.266,165482.648,152229.065,141191.661,134278.315,124347.984,117537.815,109526.325,102227.775,95358.350,90320.592,88075.897,81640.788,77516.675,73072.509
168.5,5.269,6.650,420397.305,360480.680,318503.155,296183.467,275086.609,254645.409,235798.438,224899.288,208660.207,188040.140,175502.495,165166.822,156246.516,143676.629,131578.165,128307.666,119189.841,112809.699,103511.325,96713.006,91025.017,86312.959,82594.331,78967.561,74647.401,69999.855
174.7,7.919,4.887,373957.353,322368.276,284645.138,267367.729,250104.819,233099.154,216248.757,203836.935,191967.851,174137.098,164938.928,154040.192,145780.802,131281.204,123019.712,117908.230,110571.666,104502.310,98124.767,91902.685,86499.334,82819.629,77951.254,73656.318,69817.765,66044.566
181.1,6.830,3.243,332254.064,283177.881,255583.419,237215.914,225129.693,208797.135,195047.765,186858.822,173432.027,156546.767,150108.220,138722.672,133220.779,122009.041,113868.364,108843.360,102406.407,96769.559,90975.197,84242.133,79218.924,76427.263,73520.049,69095.324,66035.564,60566.081
187.7,3.110,8.401,294636.312,250216.705,227123.211,211231.346,201681.144,185634.486,174300.402,168291.777,156550.284,142453.341,135284.886,126752.224,119705.249,111505.730,103295.825,99563.770,94889.547,88700.167,83409.908,76409.722,74251.126,70017.340,67942.522,65122.077,60301.638,57030.551
194.6,5.229,10.027,256768.269,215694.588,196213.372,183562.099,177487.500,163627.900,151623.891,148473.028,139086.049,124714.071,121309.311,114334.238,107983.405,99797.375,92532.096,89439.094,85250.138,80784.652,74929.685,69231.706,67018.122,62929.392,61234.465,58415.209,55876.786,51566.145
201.7,0.000,5.402,224122.638,185405.067,170198.257,161230.121,157299.352,143581.084,134317.286,129384.851,124059.732,110908.793,107122.741,101339.684,95067.851,89512.274,82208.298,79831.404,76665.231,73147.649,67337.050,61803.886,60096.307,57065.905,55215.226,52237.917,49915.898,45909.578
209.1,8.546,1.807,193158.612,159650.331,146322.740,139444.833,135280.992,122946.842,116599.794,111932.688,104517.688,97393.108,92651.927,87160.866,83290.848,78717.832,71262.421,69723.575,67446.076,64036.968,58603.058,53719.197,53065.607,49700.367,49040.463,46627.411,44470.608,41304.552
216.7,8.754,3.643,165206.369,135494.343,125589.097,118670.225,114071.062,106033.806,98892.101,96510.657,90105.874,82261.106,81135.009,75924.433,72684.415,67270.264,62181.434,60768.079,58099.960,55340.795,51443.610,47313.967,46288.914,44734.690,43081.075,40933.825,38765.512,35458.480
224.7,3.352,0.295,141134.996,115027.824,106685.281,100690.065,97406.486,90751.006,84185.775,81686.984,77247.315,71520.335,68285.519,64479.161,61598.332,58300.071,52816.956,52958.846,49745.110,47980.056,43736.071,41504.100,39612.913,38486.733,36905.682,35462.171,33682.600,31324.846
232.9,1.851,5.976,118739.896,97306.881,90330.761,84818.290,82553.351,76507.738,71463.711,69068.823,65954.625,59856.250,58066.409,54698.258,52114.806,48597.031,45074.241,45750.823,42762.787,40383.837,38175.508,35420.636,34163.656,32529.727,31576.192,30313.807,29048.803,26654.483
241.4,0.000,6.300,99554.519,81864.953,75497.258,69996.145,69662.544,64029.031,60653.405,58193.144,55774.033,49176.711,49392.533,45863.494,43109.276,41478.643,37696.422,37577.418,36384.202,34968.591,32278.711,29490.024,29162.339,27619.620,26245.473,25779.661,24335.377,22576.938
250.3,0.829,1.883,83650.841,69121.128,63181.778,58294.217,57156.921,52653.869,50565.346,48424.430,46473.985,40536.363,40891.768,37307.670,36184.198,34594.859,31462.498,32221.421,29944.276,28513.701,27026.928,24869.052,24193.893,23058.626,22096.379,21571.559,20286.020,19208.000
259.5,0.000,3.816,70154.698,57061.752,51618.591,48710.571,47674.553,43280.670,41572.255,40193.265,38493.618,33057.311,33480.818,31434.616,30231.296,28852.140,25921.593,26074.934,24964.721,23908.706,22365.134,20061.992,20265.285,19258.209,18069.767,18014.469,16618.727,15605.436
269.0,0.000,0.000,58353.547,47554.567,42639.307,40802.319,39233.029,35451.734,34128.003,33037.954,31717.772,27299.692,27420.236,25688.752,24943.117,22929.251,20897.670,21561.803,20218.654,19338.398,18330.497,16409.538,16327.281,15220.365,15407.141,14609.639,13337.667,12815.309
278.8,1.942,3.884,47281.745,38982.600,35447.724,34276.305,32022.413,28659.471,27733.174,26216.148,25839.409,22403.901,22137.511,21002.151,19972.894,18750.713,17426.153,17773.902,16644.271,15757.929,14790.598,13405.049,13321.414,12335.456,12115.275,11584.167,10845.757,10282.712
289.0,0.000,0.000,39546.079,32017.456,28278.265,28244.761,26055.056,23755.035,22839.453,21271.684,20977.411,18481.576,17791.928,17206.304,16206.063,14907.576,13375.354,13894.828,13216.089,12817.735,11969.623,10863.644,10772.158,10076.851,9909.585,9643.735,9058.833,8389.348
299.6,0.000,0.000,33293.625,26068.280,23778.403,22330.787,21208.032,19489.260,18139.999,17349.811,17139.526,14651.103,14203.623,13633.268,12805.047,12026.134,10912.769,11460.396,10609.855,10123.746,9573.352,8587.949,8474.873,8027.955,8078.859,7608.133,7034.345,6726.030
310.6,0.000,2.016,26689.202,21973.966,19265.652,17966.956,17289.131,15947.498,14704.940,13834.034,13463.145,11595.073,11371.746,11039.814,10308.676,9708.227,8811.383,8995.390,8696.228,8032.824,7400.479,6714.924,6843.745,6206.154,6457.942,6171.585,5584.301,5285.810
322.0,0.000,0.000,21729.706,17198.597,15667.469,14050.137,14012.857,12643.014,11991.896,11284.494,10805.838,8942.982,9145.334,8350.452,8088.959,7298.018,6978.252,7047.429,6874.968,6568.721,5852.920,5315.973,5229.318,4974.960,5089.252,4770.796,4410.140,4021.015
333.8,2.065,0.000,16823.951,13629.839,12723.649,11367.388,10891.586,9873.133,8998.154,8773.146,8509.247,7050.013,7125.277,6946.687,6379.011,5904.948,5429.924,5610.964,5276.905,5053.140,4579.152,4079.486,3909.939,3961.444,3980.119,3800.733,3364.666,3024.876
346.0,0.000,0.000,13471.299,10838.224,10289.240,8950.657,8413.003,7974.896,7352.001,6862.829,6659.725,5659.428,5639.241,5154.181,4969.825,4325.511,4245.168,4402.262,4225.640,3976.890,3464.583,3213.921,3166.744,3080.720,2753.053,2962.293,2522.472,2531.293
358.7,0.000,0.000,10865.356,8360.600,7941.183,7448.099,6885.032,6106.072,5794.448,5297.200,5401.302,4508.044,4281.061,4049.896,3889.363,3555.104,3255.736,3387.852,3056.440,3092.564,2756.448,2421.243,2338.024,2250.473,2191.012,2151.833,2006.409,1956.374
371.8,0.000,2.162,8484.244,6906.302,6098.352,5654.585,5237.951,4731.177,4401.722,4222.004,4061.191,3315.392,3253.476,3198.468,2931.932,2630.308,2390.916,2615.189,2401.319,2203.306,2230.382,1901.030,1865.456,1769.765,1802.707,1654.233,1496.228,1427.323
385.4,0.000,0.000,6442.140,5317.516,4795.608,4471.904,4261.839,3582.520,3391.791,3105.685,3056.044,2623.002,2628.262,2351.529,2235.248,2025.090,1865.582,1953.350,1807.457,1822.288,1474.149,1397.148,1379.283,1308.062,1392.815,1212.163,1103.586,1004.511
399.5,0.000,2.220,5110.483,3987.236,3612.794,3482.419,3281.242,2600.794,2487.959,2468.379,2197.656,2025.176,1877.797,1783.064,1667.839,1548.845,1447.219,1497.075,1279.043,1274.528,1126.725,1079.872,1023.945,972.325,1049.766,895.408,885.251,836.543
414.2,2.256,0.000,3755.398,3000.583,2732.138,2476.487,2495.104,1937.976,1839.650,1706.190,1715.114,1410.047,1442.649,1185.692,1323.849,1140.940,1090.885,1266.890,1043.312,965.967,864.068,669.791,818.764,711.240,702.257,636.796,654.548,568.886
429.4,0.000,0.000,2938.106,2241.947,2250.446,1895.084,1842.463,1454.653,1453.505,1384.245,1277.582,1025.597,1052.551,964.015,868.408,810.563,763.017,869.886,767.179,752.241,622.066,576.329,585.920,519.053,497.576,523.566,437.991,407.021
445.1,0.000,0.000,2222.724,1640.168,1493.536,1282.090,1396.464,1105.240,1047.052,1000.608,872.700,791.415,831.779,769.758,699.973,616.221,573.134,573.707,574.587,559.615,403.286,376.990,406.933,405.613,366.081,326.366,363.554,323.592
461.4,0.000,0.000,1712.201,1212.986,1151.358,986.967,1054.241,838.008,782.972,696.010,617.809,574.307,528.315,510.175,492.186,459.710,390.646,421.527,368.796,333.045,284.487,262.737,308.572,317.006,272.500,238.275,209.187,206.786
478.3,0.000,0.000,1195.167,873.404,815.595,748.275,717.088,639.371,497.995,498.438,551.232,353.678,393.133,393.528,337.475,300.654,242.321,276.359,270.222,255.166,225.519,189.662,173.858,185.427,192.944,180.491,163.306,146.893
495.8,2.445,0.000,854.431,556.862,588.591,567.071,587.615,441.068,334.554,368.329,402.556,250.134,274.949,274.742,246.975,218.850,214.608,245.983,204.860,192.346,148.311,118.508,122.407,156.239,145.590,138.883,126.336,98.675
514.0,0.000,0.000,679.163,414.756,403.150,380.451,358.687,279.208,233.048,234.741,284.797,154.558,216.569,167.957,199.608,142.753,165.871,182.028,130.487,112.266,157.485,83.748,82.382,120.759,75.005,78.727,71.128,54.410
532.8,0.000,0.000,482.482,310.771,265.190,301.210,307.198,229.490,180.776,187.931,179.743,159.764,150.455,152.099,114.146,98.330,105.402,128.419,88.389,77.147,91.151,73.006,82.062,79.894,66.179,54.166,69.134,41.530
552.3,0.000,0.000,350.382,209.368,207.063,202.359,182.330,142.943,112.893,143.773,134.837,94.504,106.866,117.454,88.909,51.701,57.709,112.071,85.629,67.069,51.736,50.333,57.341,46.531,55.908,35.591,38.433,38.094
572.5,0.000,0.000,294.294,156.607,148.869,116.050,185.656,102.126,101.155,123.113,94.635,72.375,84.758,62.531,52.489,45.525,62.690,50.877,50.545,52.332,24.820,42.395,0.000,0.000,0.000,0.000,0.000,0.000
593.5,0.000,0.000,212.242,108.679,138.397,106.632,119.938,67.819,93.555,59.176,51.329,52.551,55.562,45.499,34.474,46.123,0.000,0.000,0.000,0.000,0.000,0.000,0.000,0.000,0.000,0.000,0.000,0.000
615.3,0.000,0.000,133.337,100.678,79.892,80.898,58.403,58.123,46.555,48.671,52.348,23.589,0.000,0.000,0.000,0.000,0.000,0.000,0.000,0.000,0.000,0.000,0.000,0.000,0.000,0.000,0.000,0.000
637.8,0.000,0.000,0.000,0.000,0.000,74.034,65.964,39.552,0.000,0.000,0.000,0.000,0.000,0.000,0.000,0.000,0.000,0.000,0.000,0.000,0.000,0.000,0.000,0.000,0.000,0.000,0.000,0.000
661.2,0.000,0.000,0.000,0.000,0.000,0.000,0.000,0.000,0.000,0.000,0.000,0.000,0.000,0.000,0.000,0.000,0.000,0.000,0.000,0.000,0.000,0.000,0.000,0.000,0.000,0.000,0.000,0.000
685.4,0.000,0.000,0.000,0.000,0.000,0.000,0.000,0.000,0.000,0.000,0.000,0.000,0.000,0.000,0.000,0.000,0.000,0.000,0.000,0.000,0.000,0.000,0.000,0.000,0.000,0.000,0.000,0.000
710.5,0.000,0.000,0.000,0.000,0.000,0.000,0.000,0.000,0.000,0.000,0.000,0.000,0.000,0.000,0.000,0.000,0.000,0.000,0.000,0.000,0.000,0.000,0.000,0.000,0.000,0.000,0.000,0.000
Scan Time (s),155,155,155,155,155,155,155,155,155,155,155,155,155,155,155,155,155,155,155,155,155,155,155,155,155,155,155,155
Retrace Time (s),4,4,4,4,4,4,4,4,4,4,4,4,4,4,4,4,4,4,4,4,4,4,4,4,4,4,4,4
Scan Resolution (Hz),50,50,50,50,50,50,50,50,50,50,50,50,50,50,50,50,50,50,50,50,50,50,50,50,50,50,50,50
Scans Per Sample,1,1,1,1,1,1,1,1,1,1,1,1,1,1,1,1,1,1,1,1,1,1,1,1,1,1,1,1
Sheath Flow (L/min),3.000,3.000,3.000,3.000,3.000,3.000,3.000,3.000,3.000,3.000,3.000,3.000,3.000,3.000,3.000,3.000,3.000,3.000,3.000,3.000,3.000,3.000,3.000,3.000,3.000,3.000,3.000,3.000
Aerosol Flow (L/min),1.30,1.30,1.30,1.30,1.29,1.27,1.28,1.28,1.31,1.31,1.32,1.36,1.38,1.39,1.41,1.43,1.47,1.48,1.49,1.51,1.52,1.54,1.56,1.56,1.56,1.57,1.58,1.59
Bypass Flow (L/min),0.00,0.00,0.00,0.00,0.00,0.00,0.00,0.00,0.00,0.00,0.00,0.00,0.00,0.00,0.00,0.00,0.00,0.00,0.00,0.00,0.00,0.00,0.00,0.00,0.00,0.00,0.00,0.00
Low Voltage (V),10.97,10.97,10.97,10.97,10.97,10.98,10.96,10.97,10.95,10.96,10.97,10.96,10.95,10.95,10.94,10.95,10.93,10.94,10.93,10.92,10.93,10.92,10.91,10.92,10.92,10.92,10.92,10.91
High Voltage (V),9128.24,9127.18,9127.18,9128.24,9128.77,9131.74,9133.60,9130.97,9126.95,9120.07,9117.46,9112.69,9100.42,9092.12,9084.85,9079.32,9069.49,9059.12,9053.53,9046.66,9043.55,9037.78,9031.32,9026.18,9025.95,9025.02,9025.16,9021.55
Lower Size (nm), 16.0, 16.0, 16.0, 16.0, 16.0, 16.0, 16.0, 16.0, 16.0, 16.0, 16.0, 16.0, 16.0, 16.0, 16.0, 16.0, 16.0, 16.0, 16.0, 16.0, 16.0, 16.0, 16.0, 16.0, 16.0, 16.0, 16.0, 16.0
Upper Size (nm),723.4,723.4,723.4,723.4,723.4,723.4,723.4,723.4,723.4,723.4,723.4,723.4,723.4,723.4,723.4,723.4,723.4,723.4,723.4,723.4,723.4,723.4,723.4,723.4,723.4,723.4,723.4,723.4
Density (g/cm³),1.0,1.0,1.0,1.0,1.0,1.0,1.0,1.0,1.0,1.0,1.0,1.0,1.0,1.0,1.0,1.0,1.0,1.0,1.0,1.0,1.0,1.0,1.0,1.0,1.0,1.0,1.0,1.0
td + 0.5 (s),1.52,1.52,1.52,1.52,1.52,1.52,1.52,1.52,1.52,1.52,1.52,1.52,1.52,1.52,1.52,1.52,1.52,1.52,1.52,1.52,1.52,1.52,1.52,1.52,1.52,1.52,1.52,1.52
tf (s),5.77,5.77,5.77,5.77,5.79,5.81,5.80,5.79,5.76,5.75,5.74,5.70,5.67,5.65,5.62,5.60,5.55,5.54,5.52,5.51,5.49,5.47,5.44,5.44,5.44,5.43,5.42,5.41
D50 (nm),621.4,621.4,622.5,623.0,625.2,629.8,628.5,626.8,619.5,618.4,616.0,607.5,601.4,598.1,592.5,587.7,579.1,576.1,573.3,570.3,567.2,563.5,558.7,558.5,557.7,556.4,555.4,552.5
Neutralizer Status,ON,ON,ON,ON,ON,ON,ON,ON,ON,ON,ON,ON,ON,ON,ON,ON,ON,ON,ON,ON,ON,ON,ON,ON,ON,ON,ON,ON
Median (nm),65.743,58.299,60.355,88.790,96.378,101.502,105.478,108.782,111.646,114.517,116.632,117.963,120.644,121.835,123.368,124.573,125.829,127.454,128.329,129.530,129.871,130.725,132.543,132.328,133.526,133.742,134.321,134.623
Mean (nm),78.517,78.521,77.052,97.115,104.295,109.245,113.314,116.329,119.258,121.871,124.059,125.213,127.807,129.154,130.647,131.844,132.885,134.723,135.631,136.755,137.098,137.702,139.347,139.446,140.544,140.943,141.314,141.554
Geo. Mean (nm),60.737,60.076,64.535,83.572,91.492,97.026,101.357,104.745,107.829,110.581,112.874,114.242,116.827,118.280,119.842,121.121,122.261,123.977,124.935,126.105,126.509,127.276,128.704,128.968,130.023,130.446,130.854,131.161
Mode (nm),23.291,25.946,35.866,105.545,113.419,117.574,117.574,117.574,117.574,121.881,130.975,126.346,126.346,135.773,130.975,130.975,135.773,140.746,140.746,135.773,135.773,140.746,140.746,135.773,140.746,135.773,140.746,140.746
Geo. Std. Dev.,2.041,2.059,1.787,1.771,1.701,1.654,1.626,1.601,1.585,1.571,1.561,1.550,1.543,1.535,1.529,1.523,1.517,1.516,1.512,1.508,1.506,1.499,1.503,1.497,1.495,1.494,1.492,1.489
Total Conc. (#/cm³),1.110177e+001,1.151761e+001,8.060646e+005,4.080246e+005,3.085253e+005,2.573185e+005,2.197627e+005,1.893476e+005,1.639902e+005,1.473483e+005,1.322529e+005,1.153544e+005,1.043742e+005,9.464190e+004,8.665359e+004,7.836373e+004,7.068087e+004,6.628569e+004,6.122900e+004,5.681775e+004,5.234139e+004,4.782419e+004,4.411873e+004,4.209503e+004,3.966270e+004,3.752388e+004,3.508085e+004,3.266096e+004
Title,,,,,,,,,,,,,,,,,,,,,,,,,,,,
User Name,VanceLab,VanceLab,VanceLab,VanceLab,VanceLab,VanceLab,VanceLab,VanceLab,VanceLab,VanceLab,VanceLab,VanceLab,VanceLab,VanceLab,VanceLab,VanceLab,VanceLab,VanceLab,VanceLab,VanceLab,VanceLab,VanceLab,VanceLab,VanceLab,VanceLab,VanceLab,VanceLab,VanceLab
Sample ID,,,,,,,,,,,,,,,,,,,,,,,,,,,,
Instrument ID,,,,,,,,,,,,,,,,,,,,,,,,,,,,
Lab ID,,,,,,,,,,,,,,,,,,,,,,,,,,,,
Leak Test and Leakage Rate,,,,,,,,,,,,,,,,,,,,,,,,,,,,
Instrument Errors,Normal Scan,Normal Scan,Normal Scan,Normal Scan,Normal Scan,Normal Scan,Normal Scan,Normal Scan,Normal Scan,Normal Scan,Normal Scan,Normal Scan,Normal Scan,Normal Scan,Normal Scan,Normal Scan,Normal Scan,Normal Scan,Normal Scan,Normal Scan,Normal Scan,Normal Scan,Normal Scan,Normal Scan,Normal Scan,Normal Scan,Normal Scan,Normal Scan
Comment,,,,,,,,,,,,,,,,,,,,,,,,,,,,
