Sample File,C:\Users\VanceLab\Desktop\CASA_InLab_Sp23\Chamber\Chamber_Butanol_SMPS_FreshSmoke_HRH_20230608_comparison_nodryer.S82,
AIM Version,10.3.1.0
Classifier Model,3082       ,Classifier S/N,3082021905001   ,Classifier Firmware Version,2.60
Neutralizer Model,3088,Neutralizer S/N,3088011906004
Impactor (cm),0.071,Impactor S/N,7100764
DMA Model,3081,DMA S/N,3081A1903007
DMA Inner Radius (cm),0.937
DMA Outer Radius (cm),1.961
DMA Characteristic Length (cm),44.369
HV Polarity,NEG,
Detector Model,3750,Detector S/N,3750190603,Nano Enhancer , None
Detector Sample Flow (L/min),1.00,Detector Inlet Flow (L/min),1.00
Reference Gas Viscosity (Pa*s),1.832450e-005
Reference Mean Free Path (m),6.730000e-008
Reference Gas Temperature (K),296.15
Reference Gas Pressure (kPa),101.30
Sutherland Constant (K),110.40
Tube Length (cm),25.40
Tube Diameter (cm),0.48
Channels/Decade,64
Multiple Charge Correction,TRUE
Nanoparticle Agglomerate Mobility Analysis,FALSE
Diffusion Correction,TRUE
Units,dw/dlogDp
Weight,Number
Sample #,1,2,3
Date,6/8/2023,6/8/2023,6/8/2023
Start Time,11:22:00,11:25:00,11:28:00
Sample Temp (C),22.7,22.7,22.7
Sample Pressure (kPa),79.1,79.1,79.0
Relative Humidity (%),14.0,25.8,36.0
Mean Free Path (m),8.60772e-008,8.60772e-008,8.61862e-008
Gas Viscosity (Pa*s),1.83102e-005,1.83102e-005,1.83102e-005
Diameter Midpoint (nm)
 16.3,15.801,192.972,271.983
 16.8,7.417,108.730,102.156
 17.5,0.000,74.522,88.660
 18.1,13.073,31.944,32.155
 18.8,55.576,30.185,18.229
 19.5,29.231,34.299,28.767
 20.2,60.871,0.000,69.616
 20.9,25.565,81.439,52.273
 21.7,94.719,58.123,30.938
 22.5,80.573,113.625,103.282
 23.3,69.506,123.483,75.368
 24.1,93.739,169.986,75.423
 25.0,178.543,184.942,124.147
 25.9,239.307,211.660,163.502
 26.9,287.264,250.813,182.979
 27.9,380.070,314.566,238.495
 28.9,489.892,384.231,266.261
 30.0,449.067,452.085,435.722
 31.1,636.411,641.519,515.458
 32.2,802.353,664.262,661.490
 33.4,1017.590,886.719,915.325
 34.6,1181.794,1004.163,843.747
 35.9,1482.147,1121.857,1069.592
 37.2,1625.473,1576.626,1302.407
 38.5,2213.100,1788.810,1597.708
 40.0,2363.768,2130.150,1965.728
 41.4,2875.355,2536.631,2560.950
 42.9,3479.228,3091.676,2893.151
 44.5,4076.979,3804.578,3570.849
 46.1,4677.511,4585.721,4202.608
 47.8,5618.323,5508.635,4728.606
 49.6,7361.936,6533.916,6473.545
 51.4,8144.111,8117.901,7512.140
 53.3,10228.215,9302.812,8731.253
 55.2,11600.142,10757.811,10161.489
 57.3,13135.142,12608.775,12309.153
 59.4,15750.853,14510.901,13868.349
 61.5,18120.297,16608.719,15735.084
 63.8,20517.539,19208.151,17745.627
 66.1,23351.529,22075.479,20285.153
 68.5,26322.461,24265.739,22980.534
 71.0,26438.017,25236.717,23776.671
 73.7,27674.264,26005.504,25026.939
 76.4,32143.995,28374.263,27262.404
 79.1,34006.441,32552.854,30909.187
 82.0,37664.281,34925.085,33464.190
 85.1,42249.300,38664.882,36304.815
 88.2,45185.914,42881.356,41201.310
 91.4,47958.107,47044.253,45205.225
 94.7,53948.095,50806.187,49782.987
 98.2,57122.334,54353.395,53551.702
101.8,63554.258,59531.888,58378.388
105.5,66589.411,63401.271,62557.792
109.4,72215.660,68126.328,66226.280
113.4,75195.497,73164.921,70322.992
117.6,80972.651,76430.596,75457.622
121.9,85096.503,80866.665,77465.108
126.3,86480.767,83780.989,81856.858
131.0,89668.002,85406.344,84085.424
135.8,92439.467,88091.463,87875.767
140.7,94835.823,89185.387,88914.189
145.9,94110.017,90659.781,89589.125
151.2,93574.243,90811.700,87905.631
156.8,91740.872,89234.703,86488.626
162.5,90396.973,86285.988,85449.479
168.5,87075.958,83100.178,83269.203
174.7,81775.242,78828.387,78719.384
181.1,77650.411,74399.671,74261.148
187.7,72488.355,68169.854,69558.917
194.6,65431.264,62800.698,63037.474
201.7,58868.371,56099.421,56609.184
209.1,50761.369,48768.857,50183.439
216.7,43917.860,42585.312,43513.336
224.7,36561.170,36029.098,36854.399
232.9,30527.756,29726.037,30169.247
241.4,24684.926,23472.622,24630.123
250.3,19714.869,18734.647,19416.009
259.5,14697.922,14312.514,15288.642
269.0,10867.529,10717.561,10882.328
278.8,7923.531,7812.008,7841.401
289.0,5487.238,5476.193,5695.656
299.6,3685.754,3585.797,3825.119
310.6,2502.336,2317.808,2483.620
322.0,1561.226,1462.421,1645.573
333.8,911.750,950.196,921.921
346.0,467.089,480.195,511.644
358.7,273.350,303.771,295.177
371.8,128.670,158.715,163.798
385.4,54.381,75.397,67.408
399.5,19.217,16.302,31.629
414.2,21.527,19.135,19.231
429.4,6.223,20.368,30.706
445.1,4.220,6.215,10.410
461.4,10.733,4.216,6.355
478.3,6.555,4.291,3.193
495.8,6.633,4.342,1.133
514.0,6.755,6.633,2.222
532.8,6.882,2.252,0.000
552.3,0.000,4.591,0.000
572.5,7.151,2.341,2.352
593.5,0.000,0.000,0.000
615.3,0.000,0.000,0.000
637.8,0.000,0.000,0.000
661.2,0.000,0.000,0.000
685.4,0.000,0.000,0.000
710.5,0.000,0.000,0.000
Scan Time (s),155,155,155
Retrace Time (s),4,4,4
Scan Resolution (Hz),50,50,50
Scans Per Sample,1,1,1
Sheath Flow (L/min),3.000,3.000,3.000
Aerosol Flow (L/min),1.44,1.47,1.46
Bypass Flow (L/min),0.00,0.00,0.00
Low Voltage (V),11.00,10.99,10.99
High Voltage (V),9082.89,9086.08,9077.29
Lower Size (nm), 16.0, 16.0, 16.0
Upper Size (nm),723.4,723.4,723.4
Density (g/cm³),1.0,1.0,1.0
td + 0.5 (s),1.51,1.51,1.51
tf (s),5.59,5.56,5.57
D50 (nm),586.6,580.6,582.1
Neutralizer Status,ON,ON,ON
Median (nm),134.481,134.955,136.108
Mean (nm),138.623,139.114,140.318
Geo. Mean (nm),128.993,129.498,130.702
Mode (nm),140.746,151.247,145.902
Geo. Std. Dev.,1.481,1.480,1.477
Total Conc. (#/cm³),3.857074e+004,3.675671e+004,3.615625e+004
Title,,,
User Name,VanceLab,VanceLab,VanceLab
Sample ID,,,
Instrument ID,,,
Lab ID,,,
Leak Test and Leakage Rate,,,
Instrument Errors,Normal Scan,Normal Scan,Normal Scan
Comment,,,
