Sample File,C:\Users\VanceLab\Desktop\CASA_InLab_Sp23\Chamber\Chamber_Butanol_SMPS_FreshSmoke_HRH_20230407_03.S82,
AIM Version,10.3.1.0
Classifier Model,3082       ,Classifier S/N,3082021905001   ,Classifier Firmware Version,2.60
Neutralizer Model,3088,Neutralizer S/N,3088011906004
Impactor (cm),0.071,Impactor S/N,7100764
DMA Model,3081,DMA S/N,3081A1903007
DMA Inner Radius (cm),0.937
DMA Outer Radius (cm),1.961
DMA Characteristic Length (cm),44.369
HV Polarity,NEG,
Detector Model,3750,Detector S/N,3750190603,Nano Enhancer , None
Detector Sample Flow (L/min),1.00,Detector Inlet Flow (L/min),1.00
Reference Gas Viscosity (Pa*s),1.832450e-005
Reference Mean Free Path (m),6.730000e-008
Reference Gas Temperature (K),296.15
Reference Gas Pressure (kPa),101.30
Sutherland Constant (K),110.40
Tube Length (cm),25.40
Tube Diameter (cm),0.48
Channels/Decade,64
Multiple Charge Correction,TRUE
Nanoparticle Agglomerate Mobility Analysis,FALSE
Diffusion Correction,TRUE
Units,dw/dlogDp
Weight,Number
Sample #,1,2,3,4,5,6,7,8,9,10,11,12,13,14,15,16,17,18,19,20,21,22,23,24,25,26
Date,4/7/2023,4/7/2023,4/7/2023,4/7/2023,4/7/2023,4/7/2023,4/7/2023,4/7/2023,4/7/2023,4/7/2023,4/7/2023,4/7/2023,4/7/2023,4/7/2023,4/7/2023,4/7/2023,4/7/2023,4/7/2023,4/7/2023,4/7/2023,4/7/2023,4/7/2023,4/7/2023,4/7/2023,4/7/2023,4/7/2023
Start Time,13:24:00,13:27:00,13:30:00,13:33:00,13:36:00,13:39:00,13:42:00,13:45:00,13:48:00,13:51:00,13:54:00,13:57:00,14:00:00,14:03:00,14:06:00,14:09:00,14:12:00,14:15:00,14:18:00,14:21:00,14:24:00,14:27:00,14:30:00,14:33:00,14:36:00,14:39:00
Sample Temp (C),22.7,22.7,22.7,22.8,22.8,22.8,22.8,22.8,22.8,22.8,22.8,22.8,22.8,22.7,22.7,22.7,22.7,22.6,22.6,22.6,22.6,22.5,22.5,22.5,22.5,22.5
Sample Pressure (kPa),80.3,80.3,80.3,80.3,80.3,80.3,80.3,80.3,80.3,80.3,80.3,80.3,80.3,80.3,80.3,80.3,80.3,80.3,80.3,80.2,80.3,80.2,80.2,80.2,80.2,80.2
Relative Humidity (%),14.0,13.9,13.8,13.7,13.6,13.6,13.6,13.5,13.5,13.4,13.4,13.4,13.4,13.4,13.4,13.3,13.3,13.3,13.3,13.3,13.3,13.3,13.3,13.3,13.3,13.3
Mean Free Path (m),8.47909e-008,8.47909e-008,8.47909e-008,8.48274e-008,8.48274e-008,8.48274e-008,8.48274e-008,8.48274e-008,8.48274e-008,8.48274e-008,8.48274e-008,8.48274e-008,8.48274e-008,8.47909e-008,8.47909e-008,8.47909e-008,8.47909e-008,8.47545e-008,8.47545e-008,8.48601e-008,8.47545e-008,8.48236e-008,8.48236e-008,8.48236e-008,8.48236e-008,8.48236e-008
Gas Viscosity (Pa*s),1.83102e-005,1.83102e-005,1.83102e-005,1.83149e-005,1.83149e-005,1.83149e-005,1.83149e-005,1.83149e-005,1.83149e-005,1.83149e-005,1.83149e-005,1.83149e-005,1.83149e-005,1.83102e-005,1.83102e-005,1.83102e-005,1.83102e-005,1.83054e-005,1.83054e-005,1.83054e-005,1.83054e-005,1.83006e-005,1.83006e-005,1.83006e-005,1.83006e-005,1.83006e-005
Diameter Midpoint (nm)
 16.3,0.000,105.715,158.947,211.727,177.896,144.873,120.860,147.157,140.262,126.117,150.181,96.756,171.806,107.483,128.826,53.613,89.678,96.482,64.244,96.536,32.122,85.790,100.126,84.881,95.377,42.390
 16.8,0.000,89.010,88.907,39.615,109.194,79.599,59.331,80.919,70.637,12.916,40.222,50.277,30.131,40.213,80.331,80.235,50.088,60.164,90.140,60.196,50.077,20.061,36.435,39.702,29.742,39.656
 17.5,0.000,9.284,46.367,37.187,18.636,18.679,76.117,18.985,0.000,0.000,28.312,28.312,0.000,9.435,28.273,37.653,9.402,9.411,56.402,28.249,18.801,9.414,9.393,18.634,8.226,55.837
 18.1,0.000,17.475,26.182,26.247,0.000,8.789,8.951,0.000,17.820,17.779,8.880,0.000,17.739,8.878,8.868,0.000,17.694,17.711,8.846,0.000,0.000,0.000,8.838,0.000,1.016,26.274
 18.8,0.000,0.000,0.000,0.000,0.000,8.289,8.440,0.000,0.000,16.766,0.000,0.000,8.364,0.000,25.087,0.000,0.000,0.000,0.000,0.000,0.000,8.353,0.000,16.539,0.000,0.000
 19.5,0.000,0.000,0.000,15.482,0.000,7.776,0.000,7.901,23.648,7.865,0.000,0.000,0.000,0.000,0.000,7.836,7.827,7.835,0.000,0.000,15.651,0.000,0.000,15.515,15.498,0.000
 20.2,7.291,7.299,0.000,7.308,14.649,0.000,14.948,7.457,0.000,0.000,0.000,0.000,7.407,0.000,0.000,0.000,0.000,7.395,0.000,0.000,0.000,0.000,7.381,0.000,0.000,7.315
 20.9,6.116,0.000,0.000,6.718,5.850,0.000,0.000,0.000,0.000,6.582,0.000,0.000,0.000,0.000,34.488,0.000,0.000,6.735,0.000,6.775,0.000,0.000,0.000,0.000,0.000,0.000
 21.7,0.000,0.000,0.000,4.845,11.658,0.000,0.000,5.397,0.000,5.743,25.995,6.105,8.860,6.487,72.533,12.945,6.268,0.000,0.000,0.000,0.000,0.000,6.576,5.880,6.336,6.185
 22.5,9.832,9.701,10.206,0.000,0.000,0.000,0.000,17.243,5.030,0.000,0.000,5.162,1.758,17.918,4.990,5.029,0.000,11.699,12.039,5.575,5.441,0.000,0.000,0.000,5.586,12.051
 23.3,8.271,12.890,13.823,9.180,3.195,8.219,3.668,0.000,0.000,0.000,10.044,0.000,16.392,9.973,4.831,17.097,4.619,0.000,4.686,0.000,0.000,0.000,5.225,10.678,4.810,5.522
 24.1,11.541,8.138,11.466,0.954,6.063,0.000,0.000,3.181,0.000,14.674,0.000,0.000,9.677,3.275,0.000,9.402,9.905,2.961,3.809,0.000,4.666,0.000,4.731,0.000,0.000,0.000
 25.0,35.273,25.677,7.342,26.176,25.961,10.459,27.598,29.762,18.421,18.933,17.839,14.127,3.334,6.908,2.115,16.807,14.053,0.000,3.768,3.303,9.379,4.018,8.945,0.000,9.277,3.505
 25.9,31.853,0.991,12.222,9.753,21.997,29.045,19.815,21.240,3.982,3.574,10.766,1.262,11.305,0.000,7.032,8.927,7.315,20.226,21.822,0.000,8.168,13.782,0.910,7.417,0.000,12.996
 26.9,55.825,30.624,17.486,43.339,0.000,38.480,27.128,11.857,7.877,28.494,31.413,9.297,3.899,4.396,0.000,2.816,0.000,6.231,14.480,11.039,6.444,6.070,27.470,12.581,2.029,4.172
 27.9,19.935,33.109,58.094,73.081,15.510,40.783,43.096,12.535,6.775,12.938,18.993,7.818,5.339,16.532,19.716,30.079,1.244,8.570,7.591,0.000,9.142,20.240,0.000,18.551,0.000,0.000
 28.9,52.685,71.768,70.055,53.195,52.005,28.220,36.600,35.206,42.557,12.749,21.255,17.246,20.736,3.419,32.682,25.436,14.841,14.975,18.207,38.849,14.877,23.325,22.250,0.000,17.099,3.466
 30.0,58.575,110.860,70.626,15.470,80.413,44.384,41.855,28.869,31.979,33.403,0.000,53.185,39.971,7.364,44.837,23.824,30.451,20.251,36.106,17.526,25.025,36.303,43.056,26.010,15.190,14.520
 31.1,121.991,208.750,71.282,110.149,90.503,138.810,78.493,81.615,99.871,57.013,43.863,31.387,74.401,10.976,42.921,21.018,21.463,37.444,69.798,45.756,34.838,55.752,0.000,43.243,14.411,24.223
 32.2,140.074,141.277,123.022,73.491,93.701,80.099,130.980,100.562,67.393,114.697,40.313,64.278,69.366,62.118,72.623,71.777,44.941,51.205,28.667,39.054,46.958,43.586,30.922,55.122,37.059,24.869
 33.4,168.677,180.994,187.570,128.723,131.279,179.043,110.744,130.054,151.178,108.312,95.842,69.839,75.663,97.880,53.667,38.975,65.503,24.062,63.161,24.200,50.567,29.663,35.728,55.955,53.613,18.633
 34.6,231.487,176.506,233.830,202.272,227.813,159.331,147.784,108.124,90.890,108.569,108.062,135.851,75.812,104.311,70.361,89.272,65.062,121.506,81.591,49.416,44.252,44.554,41.945,52.748,25.183,37.358
 35.9,307.580,262.385,340.613,243.371,253.472,225.242,216.818,130.769,140.281,117.707,159.713,88.384,81.979,156.718,129.906,68.475,91.833,49.831,64.214,83.979,60.718,56.092,77.450,63.935,61.505,74.268
 37.2,322.050,320.166,466.415,376.227,311.757,249.840,224.932,175.256,224.840,238.864,169.433,136.897,151.853,174.491,117.057,162.600,107.310,205.574,148.559,124.693,78.203,65.347,148.671,101.397,80.634,86.696
 38.5,586.968,480.350,374.875,398.651,462.354,350.645,256.399,256.514,222.281,207.689,273.621,177.524,188.883,173.908,170.470,222.447,161.751,116.073,171.929,122.768,110.342,122.900,79.349,71.512,89.556,178.539
 40.0,614.871,590.503,487.498,561.926,496.491,456.310,413.737,458.815,343.427,309.406,272.582,317.375,252.556,205.094,252.152,231.521,230.305,158.150,188.494,266.069,144.919,101.665,164.173,145.690,196.963,132.779
 41.4,830.576,723.762,744.488,711.954,513.306,547.534,606.735,504.456,561.220,370.402,385.230,374.605,285.953,378.816,342.193,275.905,324.273,319.295,232.278,297.680,198.194,227.820,129.524,168.144,137.968,142.012
 42.9,1268.650,1057.390,989.003,1042.402,869.715,785.020,561.124,769.105,595.501,550.367,614.746,512.583,404.970,435.025,484.454,524.439,304.363,343.571,338.157,307.875,344.443,174.893,222.706,210.445,254.448,168.864
 44.5,1371.683,1432.597,1116.915,1295.016,1079.313,1079.097,884.558,883.288,657.329,746.579,753.819,579.848,481.060,579.011,617.811,480.922,527.256,456.839,353.041,370.991,325.203,338.236,367.908,228.667,300.397,210.809
 46.1,1865.347,1670.913,1552.500,1569.566,1502.321,1162.265,1119.098,1227.280,1033.485,935.688,954.610,781.645,672.988,582.412,544.125,724.712,609.937,575.442,539.025,495.206,504.537,476.219,486.513,403.848,498.187,264.706
 47.8,2126.359,2161.583,1959.388,2130.801,1976.822,1519.073,1826.691,1537.139,1472.085,1253.481,1159.176,1168.087,1070.288,933.031,982.030,938.914,815.966,727.752,661.098,638.584,598.863,707.658,676.079,583.252,444.149,478.518
 49.6,3187.942,3192.258,2876.392,2834.219,2581.076,2363.577,2376.459,2179.740,2055.981,1720.958,1842.532,1520.757,1487.550,1468.537,1395.181,1404.853,1325.041,999.307,963.524,1029.729,935.253,918.198,829.025,764.163,752.712,656.227
 51.4,4263.962,4130.693,3502.097,3433.014,3212.391,3049.193,2859.911,2625.159,2775.294,2529.154,2117.079,2131.174,1933.237,1933.987,1696.064,1754.095,1496.749,1433.254,1241.643,1257.482,1079.261,1193.928,1082.159,1122.890,987.907,840.713
 53.3,4813.235,4958.679,4897.827,4168.497,4122.376,3757.366,3637.695,3268.306,3441.645,3035.555,2767.656,2510.093,2513.322,2161.597,2191.456,2020.756,1817.774,1720.334,1697.133,1405.390,1382.095,1528.419,1468.894,1363.899,1161.805,1231.374
 55.2,6436.597,6328.124,5537.126,5269.640,5277.236,4575.317,4689.419,4433.887,3933.881,3797.334,3411.413,3249.082,2968.348,3040.565,2772.850,2564.598,2332.273,2291.120,1925.370,1993.999,1845.778,1696.958,1745.085,1518.360,1361.244,1338.306
 57.3,7830.591,7734.315,6867.049,6525.112,6241.627,5534.597,5313.456,4850.406,4731.575,4550.614,4068.031,3939.452,3672.277,3646.805,3309.914,3294.016,2652.141,2658.499,2786.781,2431.164,2088.009,2249.282,2054.548,2017.192,1669.993,1609.750
 59.4,9718.751,8912.618,8105.886,7722.819,7698.690,7047.615,6655.279,6229.937,5335.268,5698.621,5350.105,4904.958,4603.239,4157.038,3952.903,3614.871,3513.731,3198.714,3169.255,2923.440,2838.625,2537.402,2651.524,2347.846,2177.042,2032.452
 61.5,10441.646,10564.002,9345.043,9157.841,9401.896,8099.806,7942.799,7041.125,7086.173,6729.736,5928.425,5727.827,5337.000,4878.462,4813.035,4349.754,4293.784,4199.417,4033.489,3590.494,3128.540,3330.069,3046.404,2990.040,2554.338,2434.619
 63.8,13207.940,12230.906,11562.077,10984.356,10110.274,9709.037,9390.881,8577.376,8221.644,7956.995,6963.428,6911.736,6708.443,5783.452,5670.999,5290.347,5028.105,4829.255,4497.187,4263.338,4054.318,3925.351,3461.142,3390.522,3165.951,3097.992
 66.1,15321.224,14315.390,13685.673,13269.839,12177.117,11489.731,11114.920,10285.386,9543.954,9670.312,8363.997,7904.125,7898.135,7106.562,7009.089,6388.810,6385.958,5641.895,5002.190,4980.549,4587.533,4607.513,4495.254,4278.898,3587.361,3631.429
 68.5,17842.827,16346.716,15428.544,14868.606,13839.437,13108.977,12364.446,11569.666,10967.431,10647.292,9545.751,8948.088,9251.062,8183.869,7998.568,6905.595,7032.062,6341.135,6344.331,5735.263,5667.227,5273.782,4762.003,4751.345,4237.262,4170.634
 71.0,18930.283,16656.005,15484.480,14834.404,13838.604,13761.492,12873.106,12095.960,10947.699,11614.734,9867.139,9315.507,9233.956,8177.165,7929.658,6855.812,7079.491,6600.180,6334.073,5861.369,5581.244,5367.875,4884.846,4449.235,4370.736,4176.535
 73.7,19100.870,17741.196,16034.563,16004.918,14376.125,13783.217,12951.139,12556.596,11380.715,11437.925,10366.821,9498.155,9072.231,8579.648,8202.150,7634.941,7453.862,7079.304,6912.887,5899.192,5542.381,5105.799,5243.954,4713.308,4544.169,4408.641
 76.4,21587.052,20373.764,18383.093,18303.304,16685.889,16664.123,15339.831,14649.018,12660.359,12509.472,11730.371,11309.025,10228.302,9570.061,9521.804,8541.753,8238.284,7921.092,7776.150,7010.905,6928.257,6244.000,5871.110,5514.470,5302.337,4938.721
 79.1,23490.331,23354.607,20810.174,20320.780,19286.053,18777.056,16852.587,16027.819,14843.551,14199.495,13761.541,12395.647,11655.844,11389.327,10800.050,10210.354,9989.611,9065.620,8731.225,8137.243,7940.063,7126.312,6589.654,6499.489,5803.346,5415.020
 82.0,27370.694,26854.293,23926.951,23431.027,22501.820,21023.375,18841.437,17928.719,17198.402,16016.739,16020.218,14453.345,13341.460,12622.873,12284.278,11360.412,11088.012,10178.855,9757.204,8967.113,8665.348,8055.760,8149.658,7251.087,6851.746,6787.186
 85.1,31769.199,29941.062,27067.064,26206.123,24189.033,22739.791,21064.022,19990.391,20118.094,18470.649,17594.045,16417.941,14679.886,14374.613,13982.410,12489.026,12310.438,12062.039,10834.940,10023.235,9825.503,8957.766,8482.948,7981.014,7907.580,7419.127
 88.2,36107.981,34372.873,30796.221,30313.637,27598.692,26923.830,24825.200,22823.661,22181.170,20653.444,19580.524,18265.709,17108.737,16602.678,15639.852,14037.071,13864.770,13042.304,12332.964,11948.540,11192.201,10518.463,9916.991,9255.019,9289.941,8470.157
 91.4,41903.625,37662.458,35038.591,33556.670,30977.973,28988.250,28217.528,26315.015,24663.276,22844.111,22156.347,21229.498,19587.462,18468.653,17689.582,16161.780,15414.627,14755.942,13757.053,13092.298,12575.272,11934.813,11184.241,10117.437,9920.477,9279.162
 94.7,45740.272,42455.066,39134.994,37298.275,35124.578,32458.035,31426.486,29116.769,27647.497,25143.796,24891.143,23548.563,21194.905,20685.853,20103.168,17643.340,17303.297,16375.773,15568.195,14535.115,13638.426,13381.235,12936.095,11508.921,11138.518,10562.544
 98.2,49918.976,45734.403,42353.398,40197.458,37820.141,35883.183,34346.125,32188.596,30452.056,28616.059,27823.256,25596.778,23891.248,22835.688,21756.335,20086.768,18915.337,18796.471,17405.983,16756.065,15676.941,15190.231,14042.892,13162.713,12348.500,11573.158
101.8,54692.353,50940.208,48067.531,44553.725,42582.952,39599.610,38059.226,36368.272,33280.466,31099.303,31060.288,29021.981,26425.451,25599.138,24285.521,23053.397,21596.897,20518.425,19084.764,17567.491,17704.321,16591.971,15739.505,14532.484,13635.665,13229.513
105.5,58307.961,56008.496,51769.308,49487.972,46388.787,43728.257,42903.140,39627.246,37433.431,35143.028,33491.099,32185.949,29959.230,27699.172,25731.558,24932.434,23545.505,22581.853,21310.366,20036.899,18930.354,18335.713,17570.339,15868.263,15019.337,14185.530
109.4,63783.004,59898.845,56116.752,52971.201,50587.563,47229.871,45560.779,43429.905,40717.007,38414.928,35446.900,34644.114,32313.155,30586.210,28907.781,27426.508,25985.637,24426.037,22983.749,21574.784,20664.699,20093.427,19223.799,17150.619,16633.561,15922.445
113.4,68110.253,64080.832,61409.964,57244.777,54628.873,50861.687,49513.163,46372.402,43967.724,41781.020,39090.285,37273.793,34940.303,34070.267,31170.704,30297.140,27897.696,26652.825,25187.157,23760.907,22535.005,21002.178,20135.001,18847.491,17428.315,17026.285
117.6,73615.115,69560.299,65382.062,62392.026,58121.897,54857.859,52829.114,49966.994,46760.030,45277.738,41655.881,41038.309,37094.977,35110.694,34043.820,32138.718,30335.023,28577.212,26921.403,25185.983,23953.733,23104.481,21891.019,20155.082,19118.293,18724.118
121.9,77608.316,73437.597,69958.184,64971.476,61348.255,58158.572,56405.599,52490.233,49162.585,46925.834,44600.851,41795.105,39917.023,38020.596,36243.935,33971.507,31908.022,29743.174,28200.398,26754.762,25456.495,24436.080,22758.051,21781.082,20112.702,19446.817
126.3,81412.535,76598.985,73728.484,68528.123,64718.894,60925.447,60132.053,56992.713,52049.911,49800.193,46453.756,44546.522,42282.139,40363.788,37449.920,35775.603,33605.537,31677.054,30601.718,28756.407,27103.407,25558.134,24476.546,22255.826,21863.713,20635.680
131.0,85366.718,80922.055,76279.617,70778.586,67103.822,63407.055,61929.406,58587.366,54479.813,51352.884,48713.498,46316.206,43751.317,41335.561,39753.533,37296.657,35327.873,33541.351,30839.842,29975.048,27961.115,26980.766,25641.469,23353.790,22300.480,21622.151
135.8,87515.018,83301.047,77595.724,73143.088,69144.991,66304.228,63791.708,60079.774,56264.145,53519.788,49919.257,47531.529,45206.514,42823.417,40394.217,38730.141,36392.002,34565.648,31986.616,31203.447,29766.049,27978.205,26349.157,24922.367,23698.320,22813.386
140.7,88501.557,83098.562,78771.004,73986.888,70405.618,67426.777,65515.007,61642.491,58119.486,54494.036,51448.769,48546.096,45773.940,43807.531,41534.695,39580.638,37380.768,35623.638,33304.129,31936.060,30428.754,28532.385,27015.672,25363.756,24111.933,22770.961
145.9,88373.187,83093.505,80662.238,74522.432,70088.441,67786.854,64913.063,61111.521,58231.406,54744.676,51071.475,49221.332,47028.180,43815.980,42117.497,39902.793,37666.910,35618.477,33307.705,32110.450,30670.120,28331.405,27085.649,25696.152,24358.746,23221.910
151.2,88085.976,83262.420,78539.343,74320.803,70594.309,67808.488,65334.080,61254.256,57985.275,55089.946,51731.247,49363.570,46637.663,43350.594,41879.328,39120.629,37118.797,35416.592,33826.658,31650.237,30572.321,28915.430,27902.449,25646.532,24582.641,23332.341
156.8,86551.158,81208.473,77385.218,72867.313,70025.744,66342.670,63499.313,60130.300,56527.505,54404.224,51283.186,48510.909,45405.761,43485.800,41741.635,39082.302,36698.172,35101.129,32809.611,31165.591,29910.219,28665.251,26600.789,25351.182,24527.387,22882.724
162.5,84340.072,79103.669,74590.127,71195.629,67598.766,64218.081,61358.620,57763.705,55289.395,52538.902,49844.084,47161.142,44450.398,42082.437,40019.863,38361.230,36296.618,34565.147,32443.746,30420.416,29197.072,27528.771,26067.717,24935.098,23815.802,22166.557
168.5,78773.678,75349.956,70343.979,68260.629,64858.550,61319.645,59136.572,55412.560,52876.351,49845.259,47768.791,45326.248,43225.414,40681.382,38643.963,36684.411,35096.983,32693.005,31393.813,29460.003,28017.954,26501.414,24820.245,24016.198,22740.060,21174.186
174.7,74131.589,70480.081,66641.292,63497.279,59996.548,57918.939,54864.477,52837.608,50129.898,47174.408,44668.996,42265.771,39797.474,37831.566,36490.365,34429.606,32645.699,31129.007,29448.523,28342.864,26454.920,24997.718,23791.372,22481.947,21242.033,20863.911
181.1,68770.407,65409.392,61499.717,58502.854,55968.815,52915.346,52094.483,48759.957,45844.935,43367.197,41340.058,39462.145,37407.066,35383.232,33055.516,31770.160,30099.895,28889.926,27326.539,26207.456,24648.007,23014.267,21834.557,21035.575,19821.523,19015.188
187.7,61908.448,58413.949,56221.142,53612.837,51333.418,48772.698,46250.512,45018.807,42149.278,40135.495,37995.528,36497.824,34262.208,32734.152,31011.596,29437.532,27728.978,26710.158,24552.991,23833.193,22427.904,21466.749,20444.788,18887.057,18068.778,17391.075
194.6,55332.528,52188.981,49404.312,47045.812,45391.559,43918.416,41593.477,39445.719,37371.533,35575.346,33854.820,31711.628,30569.166,28833.910,27714.125,25772.389,24527.821,23760.526,22291.797,21445.068,20169.714,18960.123,18348.197,17688.090,16362.702,15487.417
201.7,46838.328,45640.506,43048.267,41244.043,39729.305,38103.981,36104.610,34132.922,33153.474,31403.286,29743.360,28259.466,26035.468,25408.905,24224.426,22721.536,21595.474,20672.904,19757.477,18770.693,17590.371,16884.811,16062.173,15081.681,14192.751,13383.939
209.1,40276.035,38621.097,37064.964,35499.267,34164.885,31893.164,30650.888,29466.125,27894.189,26723.497,25169.714,24157.686,22473.876,21476.295,20598.458,19591.552,18679.051,17694.326,17128.714,16033.835,14799.897,14548.259,13456.324,12688.942,12272.665,11488.320
216.7,34051.417,32265.969,31009.435,29266.585,27988.490,27031.228,26050.860,24421.046,23206.253,22577.266,21269.849,20235.063,19221.101,18503.157,17363.286,16186.597,15571.024,14741.523,14230.835,13566.732,12987.274,12414.534,11591.291,10796.189,10397.707,9634.234
224.7,26835.097,26066.642,24386.374,23936.790,22899.967,21773.523,21225.998,20358.024,18579.713,17734.662,17358.207,16237.262,15940.719,15051.227,13862.548,13842.516,12625.655,11905.313,11778.912,10901.814,10230.328,10179.609,10005.730,8934.862,8394.711,7861.857
232.9,21299.256,20806.844,19398.973,18958.015,17942.478,17380.244,16620.080,16446.264,14881.339,14534.206,14147.966,13070.716,12470.436,12091.403,11017.145,10843.147,10241.974,9593.668,9370.403,8660.447,8473.034,8052.535,7420.032,7023.172,6714.801,6525.712
241.4,16200.851,15578.141,14784.545,14472.643,13881.468,13354.133,12873.509,12271.904,11684.570,11235.416,10636.507,10063.246,9817.468,8850.686,8632.418,8520.384,7695.672,7814.931,7126.221,7047.199,6556.350,6373.805,5853.881,5408.718,5121.365,5044.569
250.3,11660.878,11634.793,11048.380,11006.882,10187.371,9887.963,9440.595,8995.540,8926.754,8318.035,7853.436,7671.501,7250.829,6708.787,6611.955,6169.684,5715.621,5704.753,5560.943,5192.285,5013.007,4628.255,4333.648,4053.267,3707.684,3484.923
259.5,8541.325,8259.089,7871.923,7767.794,7435.606,7110.648,6971.904,6764.630,6742.107,6222.306,5622.686,5561.335,5487.473,4984.516,4723.208,4532.113,4394.298,4133.000,3949.046,3853.179,3617.260,3502.610,3138.295,2995.496,2802.409,2722.544
269.0,6117.173,5865.973,5708.878,5373.454,5353.818,4938.013,4941.525,4653.374,4621.138,4436.693,4158.084,4137.509,3680.663,3546.354,3413.808,3202.545,3137.843,2906.826,2702.086,2745.710,2629.274,2419.619,2254.245,2150.678,1959.704,1903.630
278.8,3920.230,3864.473,3686.368,3597.222,3536.305,3454.116,3350.053,3079.669,3014.099,2952.109,2742.421,2664.041,2486.456,2336.837,2282.244,2126.998,2085.775,1934.799,1989.138,1802.020,1650.899,1660.424,1578.790,1405.137,1352.740,1300.484
289.0,2825.805,2329.366,2467.064,2329.967,2398.550,2267.065,2077.983,1875.994,1980.505,1920.904,1773.490,1711.735,1597.309,1495.445,1515.305,1354.127,1319.452,1281.242,1211.491,1198.634,1067.323,1064.820,1050.867,977.406,879.047,940.549
299.6,1614.786,1557.449,1606.876,1631.076,1528.782,1492.572,1464.349,1203.974,1234.045,1098.030,1192.584,1047.423,1016.166,954.186,979.492,859.570,880.977,818.792,782.919,807.847,663.567,739.690,635.985,513.201,599.574,543.209
310.6,944.205,911.047,969.452,853.767,830.623,843.797,859.218,794.987,763.754,754.594,701.850,646.480,615.582,669.380,577.274,557.328,551.847,493.837,453.934,467.113,408.408,423.636,408.703,331.352,330.384,342.930
322.0,589.164,535.457,548.383,467.885,465.842,477.120,457.260,403.603,413.490,383.721,410.849,333.953,411.423,378.886,339.707,309.023,266.581,285.365,287.604,259.407,260.229,258.669,257.216,232.343,184.861,213.018
333.8,285.090,279.997,299.313,317.697,269.134,300.677,311.510,246.807,251.796,219.062,187.336,251.794,234.063,222.190,200.754,177.726,162.941,202.278,163.570,142.541,151.362,132.629,134.813,148.597,130.272,96.109
346.0,177.140,147.775,158.310,184.945,173.699,117.072,162.899,169.443,133.209,197.173,109.382,115.093,97.647,87.466,100.349,127.905,109.089,87.351,89.579,90.498,78.690,105.913,62.366,62.912,68.583,61.109
358.7,87.947,58.499,95.730,109.836,117.622,97.900,87.369,79.717,83.036,108.501,84.558,77.469,51.836,53.772,87.912,47.821,61.066,51.568,31.814,72.830,57.199,36.949,43.841,42.080,25.911,33.113
371.8,58.589,60.580,59.916,66.794,58.560,65.530,68.976,50.057,14.308,46.240,41.233,52.510,38.385,38.749,53.177,48.360,32.184,21.332,33.394,25.066,27.231,26.290,14.842,24.790,24.560,11.156
385.4,33.625,41.531,65.975,26.730,20.832,37.887,33.358,27.639,22.942,24.286,11.768,33.149,31.669,26.785,13.383,29.254,12.576,16.666,6.591,33.948,11.374,19.331,12.565,14.984,19.961,2.495
399.5,22.399,13.117,20.190,14.992,31.281,14.404,19.112,22.266,21.141,16.426,21.394,5.445,6.444,17.530,13.078,15.264,5.083,1.117,15.249,5.088,4.313,7.485,11.273,12.619,5.043,5.043
414.2,14.193,4.711,20.449,10.254,12.827,18.418,17.406,2.602,14.423,17.570,7.772,14.964,14.951,9.203,12.361,15.515,7.750,7.179,18.083,5.172,5.167,0.579,4.585,5.130,7.689,12.815
429.4,12.995,5.202,15.594,10.415,18.258,20.467,10.603,7.938,10.564,2.636,13.170,2.634,2.632,10.535,10.526,13.145,7.880,7.887,5.253,7.888,2.627,4.670,5.249,2.608,0.000,0.000
445.1,10.573,13.228,18.503,18.537,7.959,10.630,8.088,2.691,18.803,8.044,5.358,8.037,24.090,8.037,10.706,2.674,5.343,2.674,1.756,0.000,5.343,5.348,0.000,2.653,2.650,0.000
461.4,8.068,7.073,13.447,5.389,9.789,2.704,8.229,5.476,5.466,8.184,13.628,5.451,10.893,5.451,8.169,5.441,5.436,5.441,6.367,5.442,2.718,2.721,2.716,5.398,2.697,8.090
478.3,2.737,11.979,10.949,5.484,3.772,8.256,19.541,2.787,6.555,16.659,5.548,8.322,2.772,11.096,5.543,8.307,5.533,2.769,0.000,0.000,0.000,0.000,0.000,2.747,2.745,5.489
495.8,5.539,8.316,5.539,9.755,0.000,5.569,8.474,11.278,1.810,8.428,16.841,8.421,0.000,2.807,2.804,5.603,0.000,5.603,2.799,2.802,2.799,0.000,0.000,11.118,2.777,11.108
514.0,2.820,0.000,8.461,12.670,0.000,2.836,5.753,11.485,5.732,5.722,8.575,0.000,2.856,8.575,5.712,0.000,0.000,0.000,4.111,0.000,0.000,0.000,2.848,0.000,0.000,5.656
532.8,2.873,5.752,0.000,0.000,14.418,8.666,2.930,8.775,5.840,2.915,0.000,2.912,2.909,2.912,2.624,0.000,2.904,0.000,1.620,0.000,2.904,0.000,2.902,0.000,0.000,0.000
552.3,2.928,2.931,5.857,8.801,0.000,2.944,2.987,2.981,2.976,5.941,0.000,2.968,5.930,0.000,0.291,0.000,11.839,2.962,0.000,0.000,5.919,0.000,2.957,0.000,2.936,0.000
572.5,2.986,2.988,8.957,2.991,5.993,6.003,6.090,6.079,6.068,3.029,3.026,0.000,6.046,0.000,3.023,3.020,0.000,3.020,0.000,0.000,0.000,0.000,0.000,2.996,2.994,0.000
593.5,0.000,3.027,6.049,6.060,9.107,0.000,6.169,6.158,3.074,3.068,6.131,0.000,0.000,12.261,3.062,0.000,0.000,0.000,0.000,0.000,0.000,3.060,0.000,3.036,3.033,6.066
615.3,3.086,0.000,0.000,6.183,0.000,6.205,3.147,3.142,9.408,0.000,3.128,0.000,3.125,0.000,0.000,9.365,6.238,0.000,6.238,0.385,3.119,0.000,0.000,0.000,3.094,0.000
637.8,0.000,0.000,3.150,0.000,6.323,0.000,0.000,0.000,6.402,0.000,0.000,3.192,3.190,0.000,0.000,0.000,0.000,0.000,0.000,2.794,0.000,0.000,0.000,6.322,0.000,3.158
661.2,6.387,0.000,6.387,6.399,0.000,3.211,3.257,6.503,9.736,3.240,3.237,3.237,0.000,3.237,3.234,3.231,0.000,3.230,3.228,0.000,0.000,3.231,0.000,0.000,0.000,0.000
685.4,0.000,0.000,0.000,0.000,0.000,0.000,3.327,3.321,6.631,0.000,0.000,0.000,0.000,0.000,0.000,0.000,0.000,0.000,0.000,0.000,0.000,0.000,0.000,0.000,0.000,0.000
710.5,0.000,0.000,0.000,0.000,0.000,0.000,0.000,0.000,0.000,0.000,0.000,0.000,0.000,0.000,0.000,0.000,0.000,0.000,0.000,0.000,0.000,0.000,0.000,0.000,0.000,0.000
Scan Time (s),155,155,155,155,155,155,155,155,155,155,155,155,155,155,155,155,155,155,155,155,155,155,155,155,155,155
Retrace Time (s),4,4,4,4,4,4,4,4,4,4,4,4,4,4,4,4,4,4,4,4,4,4,4,4,4,4
Scan Resolution (Hz),50,50,50,50,50,50,50,50,50,50,50,50,50,50,50,50,50,50,50,50,50,50,50,50,50,50
Scans Per Sample,1,1,1,1,1,1,1,1,1,1,1,1,1,1,1,1,1,1,1,1,1,1,1,1,1,1
Sheath Flow (L/min),3.000,3.000,3.000,3.000,3.000,3.000,3.000,3.000,3.000,3.000,3.000,3.000,3.000,3.000,3.000,3.000,3.000,3.000,3.000,3.000,3.000,3.000,3.000,3.000,3.000,3.000
Aerosol Flow (L/min),1.15,1.15,1.15,1.15,1.15,1.15,1.13,1.13,1.13,1.14,1.14,1.14,1.14,1.14,1.14,1.14,1.14,1.14,1.14,1.14,1.14,1.14,1.14,1.15,1.15,1.15
Bypass Flow (L/min),0.00,0.00,0.00,0.00,0.00,0.00,0.00,0.00,0.00,0.00,0.00,0.00,0.00,0.00,0.00,0.00,0.00,0.00,0.00,0.00,0.00,0.00,0.00,0.00,0.00,0.00
Low Voltage (V),11.05,11.05,11.05,11.05,11.05,11.05,11.05,11.04,11.04,11.05,11.05,11.05,11.05,11.05,11.05,11.05,11.05,11.05,11.05,11.04,11.05,11.04,11.04,11.04,11.04,11.04
High Voltage (V),9191.80,9191.23,9191.52,9192.81,9193.38,9193.96,9194.53,9199.13,9198.56,9197.98,9197.40,9197.11,9197.11,9195.24,9195.53,9195.24,9194.96,9193.09,9193.37,9190.72,9193.37,9189.14,9189.43,9188.85,9186.85,9186.56
Lower Size (nm), 16.0, 16.0, 16.0, 16.0, 16.0, 16.0, 16.0, 16.0, 16.0, 16.0, 16.0, 16.0, 16.0, 16.0, 16.0, 16.0, 16.0, 16.0, 16.0, 16.0, 16.0, 16.0, 16.0, 16.0, 16.0, 16.0
Upper Size (nm),723.4,723.4,723.4,723.4,723.4,723.4,723.4,723.4,723.4,723.4,723.4,723.4,723.4,723.4,723.4,723.4,723.4,723.4,723.4,723.4,723.4,723.4,723.4,723.4,723.4,723.4
Density (g/cm³),1.0,1.0,1.0,1.0,1.0,1.0,1.0,1.0,1.0,1.0,1.0,1.0,1.0,1.0,1.0,1.0,1.0,1.0,1.0,1.0,1.0,1.0,1.0,1.0,1.0,1.0
td + 0.5 (s),1.52,1.52,1.52,1.52,1.52,1.52,1.52,1.52,1.52,1.52,1.52,1.52,1.52,1.52,1.52,1.52,1.52,1.52,1.52,1.52,1.52,1.52,1.52,1.52,1.52,1.52
tf (s),5.98,5.98,5.98,5.98,5.98,5.99,6.01,6.01,6.00,6.00,6.00,6.00,6.00,6.00,6.00,6.00,5.99,6.00,5.99,6.00,5.99,6.00,5.99,5.98,5.98,5.98
D50 (nm),668.0,668.3,668.0,668.7,669.4,670.0,675.4,674.7,674.1,673.4,673.0,673.0,672.7,673.0,672.6,672.3,672.0,672.3,671.9,672.1,671.9,672.1,671.4,669.1,668.8,668.8
Neutralizer Status,ON,ON,ON,ON,ON,ON,ON,ON,ON,ON,ON,ON,ON,ON,ON,ON,ON,ON,ON,ON,ON,ON,ON,ON,ON,ON
Median (nm),136.238,136.432,136.940,137.019,137.381,137.779,137.768,137.994,138.344,138.342,138.474,138.552,138.874,138.813,138.858,139.223,139.120,139.323,139.473,139.725,139.659,139.548,139.463,140.031,140.098,139.839
Mean (nm),139.632,139.858,140.398,140.442,140.770,141.074,141.212,141.445,141.685,141.724,141.888,142.050,142.294,142.342,142.227,142.672,142.506,142.699,142.849,143.176,143.036,143.104,142.947,143.204,143.282,143.255
Geo. Mean (nm),131.932,132.092,132.656,132.590,132.906,133.239,133.409,133.649,133.856,133.861,134.056,134.269,134.470,134.551,134.369,134.865,134.692,134.888,134.969,135.333,135.268,135.255,135.100,135.348,135.512,135.480
Mode (nm),140.746,135.773,145.902,145.902,151.247,151.247,140.746,140.746,145.902,151.247,151.247,151.247,145.902,145.902,145.902,145.902,145.902,140.746,151.247,145.902,145.902,151.247,151.247,145.902,151.247,151.247
Geo. Std. Dev.,1.413,1.416,1.414,1.418,1.418,1.416,1.415,1.414,1.415,1.416,1.414,1.412,1.413,1.412,1.415,1.413,1.413,1.412,1.415,1.413,1.410,1.413,1.413,1.414,1.410,1.410
Total Conc. (#/cm³),3.229487e+004,3.054313e+004,2.873227e+004,2.730060e+004,2.586881e+004,2.455273e+004,2.358924e+004,2.225596e+004,2.097797e+004,1.992119e+004,1.881729e+004,1.786435e+004,1.681408e+004,1.594368e+004,1.518689e+004,1.431071e+004,1.356595e+004,1.288846e+004,1.217023e+004,1.153226e+004,1.094991e+004,1.041108e+004,9.870081e+003,9.224175e+003,8.753040e+003,8.339272e+003
Title,,,,,,,,,,,,,,,,,,,,,,,,,,
User Name,VanceLab,VanceLab,VanceLab,VanceLab,VanceLab,VanceLab,VanceLab,VanceLab,VanceLab,VanceLab,VanceLab,VanceLab,VanceLab,VanceLab,VanceLab,VanceLab,VanceLab,VanceLab,VanceLab,VanceLab,VanceLab,VanceLab,VanceLab,VanceLab,VanceLab,VanceLab
Sample ID,,,,,,,,,,,,,,,,,,,,,,,,,,
Instrument ID,,,,,,,,,,,,,,,,,,,,,,,,,,
Lab ID,,,,,,,,,,,,,,,,,,,,,,,,,,
Leak Test and Leakage Rate,,,,,,,,,,,,,,,,,,,,,,,,,,
Instrument Errors,Normal Scan,Normal Scan,Normal Scan,Normal Scan,Normal Scan,Normal Scan,Normal Scan,Normal Scan,Normal Scan,Normal Scan,Normal Scan,Normal Scan,Normal Scan,Normal Scan,Normal Scan,Normal Scan,Normal Scan,Normal Scan,Normal Scan,Normal Scan,Normal Scan,Normal Scan,Normal Scan,Normal Scan,Normal Scan,Normal Scan
Comment,,,,,,,,,,,,,,,,,,,,,,,,,,
