Sample File,C:\Users\vancelab\Desktop\Chamber\Raw data\Chamber_Water_SMPS_FreshSmoke_HRH_20230328.S80
Classifier Model,3080
DMA Model,3081
DMA Inner Radius(cm),0.00937
DMA Outer Radius(cm),0.01961
DMA Characteristic Length(cm),0.44369
CPC Model,3788 High Flow
Reference Gas Viscosity (Pa*s),1.83245e-005
Reference Mean Free Path (m),6.73e-008
Reference Gas Temperature (K),296.15
Reference Gas Pressure (kPa),101.3
Channels/Decade,64
Multiple Charge Correction,FALSE
Nanoparticle Aggregate Mobility Analysis,FALSE
Diffusion Correction,TRUE
Gas Density,0.0012
Units,dw/dlogDp
Weight,Number
Sample #,1,2,3,4,5,6,7,8,9,10,11,12,13,14,15,16,17,18,19,20,21,22,23,24,25,26,27,28
Date,03/28/23,03/28/23,03/28/23,03/28/23,03/28/23,03/28/23,03/28/23,03/28/23,03/28/23,03/28/23,03/28/23,03/28/23,03/28/23,03/28/23,03/28/23,03/28/23,03/28/23,03/28/23,03/28/23,03/28/23,03/28/23,03/28/23,03/28/23,03/28/23,03/28/23,03/28/23,03/28/23,03/28/23
Start Time,14:25:00,14:28:00,14:31:00,14:34:00,14:37:00,14:40:00,14:43:00,14:46:00,14:49:00,14:52:00,14:55:00,14:58:00,15:01:00,15:04:00,15:07:00,15:10:00,15:13:00,15:16:00,15:19:00,15:22:00,15:25:00,15:28:00,15:31:00,15:34:00,15:37:00,15:40:00,15:43:00,15:46:00
Diameter Midpoint
 16.3,0,0,8195.85,3517.37,307.012,69.7975,35.0956,0,0,0,0,0,0,0,0,0,0,0,0,0,0,0,0,0,0,0,0,0
 16.8,0,0,61492.6,3666.84,614.459,188.339,65.6491,32.8378,0,32.8377,0,0,0,0,0,0,0,0,0,0,0,0,0,0,0,0,0,0
 17.5,0,0,155495,4917.48,580.409,193.011,61.562,0,0,0,0,0,0,0,0,0,0,0,0,0,0,0,0,0,0,0,0,0
 18.1,0,0,164541,5656.75,552.121,289.169,86.6952,86.7271,28.8997,0,0,0,0,0,0,0,0,0,0,0,0,0,0,0,0,0,0,0
 18.8,0,0,115911,5648.79,1055.53,339.419,128.811,81.6188,27.1979,0,0,27.2051,0,0,0,0,0,0,0,0,0,0,0,0,0,0,0,0
 19.5,0,0,44673.9,7385.97,1386.13,450.587,136.093,102.525,0,25.6313,0,0,0,0,0,0,0,0,0,0,0,0,0,0,0,0,0,0
 20.2,0,0,9347.21,8693.15,1832.3,539.176,313.986,56.7327,72.4997,0,0,0,0,0,0,0,0,0,0,0,0,0,0,0,0,0,0,0
 20.9,0,0,2385.66,8889.77,2173,698.603,163.704,82.7828,90.6185,113.305,0,0,0,0,0,0,0,0,0,0,0,0,0,0,0,0,0,0
 21.7,0,0,2310.15,11476.9,2024.95,1039.88,422.394,171.298,21.4064,42.8245,0,21.4114,0,0,0,0,0,0,0,0,0,0,0,0,0,0,0,0
 22.5,0,0,4521.45,13657.2,3243.1,1104.01,510.052,206.112,189.176,101.364,20.2735,20.272,40.547,20.2765,0,0,0,0,0,0,0,0,0,0,0,0,0,0
 23.3,0,0,23579,14966.6,4074.7,1300.03,561.664,216.035,204.849,96.0525,38.4224,19.2098,19.2112,19.2139,19.205,0,0,19.2146,0,0,0,0,0,0,0,0,0,0
 24.1,0,0,44503.7,17219.3,4620.96,1990.82,898.381,632.882,217.716,90.7368,54.444,54.4401,18.148,36.301,18.1424,0,0,0,0,0,0,0,0,0,0,0,0,0
 25.0,0,0,38101.8,19674,5535.62,2282.63,968.759,545.493,372.735,153.07,86.3918,17.2772,86.3916,69.1226,51.8197,0,17.2767,14.8505,0,0,0,0,0,17.2739,0,0,0,0
 25.9,0,0,35801.4,22277,6589.51,3115.53,1015.25,647.81,452.684,118.625,49.4303,49.427,65.9069,49.4366,16.4721,32.9452,32.9505,18.7973,32.9452,16.4742,0,0,0,0,0,0,0,0
 26.9,0,0,51126.4,23750.6,7605.01,3607.24,1573.92,826.908,439.093,155.942,161.175,192.636,82.4936,78.6911,82.4714,62.9299,31.4698,15.7387,15.7325,31.4678,15.7344,0,15.7339,0,0,15.7416,15.7306,15.7359
 27.9,0,0,68416.9,28706.4,8638.41,4732.62,1897.23,1096.47,737.406,427.621,357.792,130.648,151.665,104.444,56.0465,59.6617,44.7529,14.9211,59.6617,14.9167,0,14.9124,6.08963,14.9155,0,14.9237,0,29.837
 28.9,0,0,76044.7,31321.9,10523.4,5266.54,2849.78,1516.53,845.259,696.076,306.483,257.242,108.502,179.476,114.308,122.26,14.2909,65.1285,50.8159,57.1603,0,14.2861,37.0364,0,14.2857,14.2965,0,14.2917
 30.0,0,0,78634.9,35035.5,11904.1,6596.53,3660.76,1748.11,1049.13,589.35,598.461,304.151,226.862,128.412,135.929,96.913,54.3806,33.2291,96.913,40.7831,27.1895,40.7723,27.1887,13.5933,13.5904,22.9274,13.5919,0
 31.1,0,0,65665.4,35884.3,14610.4,8000.41,3766.2,2244.31,1264.4,954.594,521.209,624.434,236.533,156.747,206.261,92.8456,75.6948,154.085,30.2191,26.1184,26.1191,52.2235,13.0592,0,13.0555,4.1048,26.1138,0
 32.2,0,0,55881.5,39324.3,16476.5,8996.95,4768.85,3148.42,1782.7,1117.9,974.899,632.564,365.412,422.837,302.539,189.516,164.419,200.708,62.795,85.0559,171.548,113.012,37.6798,50.2362,75.3394,25.1298,0,37.6837
 33.4,0,0,48468.9,40877.3,18006.3,11857.6,6081.6,3823.47,2060.68,1317.6,1098.58,724.51,636.423,458.092,371.753,336.299,131.773,146.784,107.464,169.675,123.58,47.9933,36.0033,12.0003,71.9882,46.946,47.9967,24.0046
 34.6,0,0,40062.6,42330.5,20262.2,12338.5,7305.72,4374.9,2843.75,1914.81,1415.1,1146.71,718.598,569.236,371.818,417.644,198.314,335.723,116.21,186.246,197.271,92.5983,92.589,57.8457,92.5362,58.9086,104.113,57.855
 35.9,0,0,34683.6,45111.3,22389.8,14794.6,7663.88,5584.48,3640.84,2077.79,1889.49,1245.04,1057.88,800.881,666.488,544.217,354.975,355.282,144.7,254.862,166.217,144.317,166.546,88.6723,166.231,110.886,67.107,88.6859
 37.2,0,0,36665.2,48152.7,24960.8,16488.9,10185.8,6250.52,3859.83,2549.67,2377.42,1616.19,1336.29,1199.53,749.376,600.379,396.908,310.675,396.261,268.05,235.926,149.61,279.702,149.926,107.69,149.985,95.7849,107.415
 38.5,0,0,38413,49916.2,27851.8,18043.4,11268.3,7456.83,5772.39,3123.47,2784.48,2066.04,1716.5,1376.68,1048.28,872.861,647.492,472.698,493.143,349.593,246.743,318.789,307.142,195.415,163.939,236.765,82.2732,195.206
 40.0,0,0,48266.5,51118,28895.8,20436.9,13122.8,8964.97,6243.42,4545.97,3383.53,2172.69,1864.25,1647.17,1252.84,1180.21,752.63,783.336,586.539,625.018,556.173,308.194,336.798,287.477,158.438,257.584,149.339,119.438
 41.4,0,0,41977.3,52991.4,30900,22812.6,14076.6,10509.1,7492.76,4978.41,4326.32,3364.51,2367.18,1966.51,1579.74,1291.74,1032.07,1049.86,689.204,675.783,477.075,494.21,448.72,398.128,475.443,308.008,297.075,245.844
 42.9,0,0,42135.1,51302,33791.6,25289.3,16452.6,11806.5,8546.1,5580.11,4848.31,3584.02,2883.2,2448.44,1999.23,1644.11,1222.48,1326,1003.64,807.067,722.195,517.8,506.356,307.21,419.635,421.592,379.022,387.585
 44.5,0,0,42113.9,50966,35401.1,27390.9,18605.3,13948.7,9701.7,6578.87,6136.59,4577.01,3794.52,2985.47,2400.33,1921.21,1601.69,1461.56,1366.62,1076.55,1074.61,779.895,795.931,676.279,579.189,558.76,312.145,306.733
 46.1,0,0,43670.3,50783.1,36153,30282.7,20297.1,15459.3,11291.1,8024.75,6778.16,5076.56,4499.75,3699.86,2945.09,2448.98,1906.09,1855.79,1651.2,1395.51,1199.16,928.741,958.224,757.875,841.553,695.053,503.792,617.537
 47.8,0,0,41411.1,50836.9,37737,30615.2,22312,16436.6,12337.1,9106.26,7944.38,6277.54,5253.44,4437.89,3476.97,3168.86,2703.31,2660.31,1904.88,1876.49,1567.2,1133.42,1313.53,1031.55,1053.98,816.275,827.605,724.225
 49.6,0,0,36187.5,50922.6,40115.9,32801,24152.7,19716.9,14788.4,10454.4,8833.94,7673.72,5927.74,5173.08,4352.55,3696.21,2955.28,2823.85,2646.98,1975.85,1840.4,1555.81,1516.83,1132.22,1150.27,1156.02,766.895,779.576
 51.4,0,0,32479.8,50707.2,40609.7,36469.5,26063.6,19269,16030.7,11881.6,10794.8,8702.6,6634.07,6534.81,5040.34,4788.25,3518.93,3383.25,2591.52,2555.12,2454.53,1926.12,1697.41,1687.41,1608.66,1359.6,951.267,1134.36
 53.3,0,0,29476.4,48897,39994.2,36239.2,27555.3,21867.1,19029.6,13436.6,12159,10274.5,8292.31,7735.73,6008.62,5419.64,4575.29,4537.04,3713.56,3026.84,2684.12,2099.76,2130.46,1970.69,1899.05,1669.31,1301.54,1343.33
 55.2,0,0,26548.8,48634.2,41019.1,39697.1,29316.3,24144.2,19406.6,15551.9,13006.1,10724.5,9003.22,8792.97,7054.83,5929.96,5391.96,4904.33,4160.76,3866.93,3137.32,2858.11,2678.49,2224.1,2159.84,2110.14,1557.2,1579.51
 57.3,0,0,22279.6,50208.3,41266.8,40065,31661.5,25940.7,21824,16630.1,15095.7,12805.1,10889.8,10012,7875.12,7008.22,6107.96,6107.28,4833.32,4317.02,4090.3,3597.55,3535.2,3127,3165.13,2595.37,1911.4,2138.46
 59.4,0,0,23045.3,49206.6,42295.9,42662.5,33376,28868.5,23508.8,18025.1,16697.8,14899.4,12612.4,11504.7,9282.72,8376.26,6763.54,6491.39,5988.64,5264.03,5118.36,4258.6,3797.17,3296.37,3405.24,3033.58,2487.35,2295.13
 61.5,7.04088,0,25687.5,47240.1,43454.1,44781.5,35213,29768.6,24564.1,19256.8,18377.3,16120.7,14962.9,13333.6,10607.5,9628.92,8307.21,8266.79,6868.52,6467.6,6023.39,5497,4839.53,4473.31,4122.32,3537.62,3034.44,3334.44
 63.8,0,0,30499.1,46914.2,43089.4,45024.2,37252.5,32399,27067.5,22144.3,20240.8,17529.6,16638.3,14577.3,12179.7,10955.9,9868.14,9291.9,7852.2,6859.41,6904.07,5959.37,5800.6,5142.29,4741.69,4442.84,3342.65,3409.45
 66.1,0,0,29121.6,47206.1,43899.9,47164.7,40334.9,30800.1,29515.1,23206,22713.8,20037.7,17348.3,16682.3,13650.5,12501.1,11220,10501.3,8826.25,8271.68,8268.76,6938.7,6651.75,6057.78,5884.02,5560.75,4220.56,4223.47
 68.5,0,6.61045,28999.2,46484.4,46612.5,47130.3,41344.8,37649.2,32017.9,25900.3,24266,21399.4,19779.5,18817.6,15805.6,14262.6,12483.1,12378.1,10381.8,8822.32,9231.98,8574.47,7938.9,7369.32,6381.99,6164.45,5328.05,5052.89
 71.0,0,0,28945.4,46308.7,45423.9,48525.8,42127.6,37258.2,35404.6,27959.8,27390.1,24443.3,22734.3,20629.9,17531.8,16272.1,14402,14504.3,12325.7,10925.9,10410.3,9346.7,8920.22,8290.71,8263.04,6802.85,6011.74,5883.83
 73.7,0,0,28024.1,45369.4,45892.8,49583.1,43980.2,38913.3,37159.8,29484.2,28798.4,25950.3,24654.4,22873.8,19959.1,18420.2,16035.9,15836.1,14003.4,11953.1,12425.8,10748.1,10217.7,9627.64,9863.13,8546.81,6528.01,7167.13
 76.4,0,0,30223.5,45840.7,46776,51348.1,45275,40385.5,37580.7,33348.5,31297.8,29010.6,27122.6,24982.9,21239.8,19822.8,18407.4,17242,16008.9,13529.2,14095.3,12170,12925.4,11286.6,10625.2,9949.64,8176.44,7569.47
 79.1,0,0,28176.2,46957,47078.7,52023.4,48380.5,41132,40727.2,33730.7,35206.9,31285.5,29219.8,28193.9,23765.7,21721.3,19917,20281.1,17384.5,15014.9,15639.7,14098.5,13835.5,11558.2,12139,11104.5,9424.97,9964.53
 82.0,0,0,28187.5,45238.2,49505.4,54179.5,49595.7,42769.4,43388.3,35340.6,36269.2,34762,32006,28521.6,25010.7,24471.2,21816,20918.7,18482.1,16567.2,17524.2,15467.2,15040.6,13734.4,13540.2,12565.2,10266.5,10335.3
 85.1,0,0,26936.4,44882.8,48135.5,55223.4,49874.8,43737.3,44393.3,37539.7,38143,35249.4,33817.7,32384.9,28417.4,26332.8,23971,23946.8,21614.1,18635.8,19038.5,17149.5,16969.8,15100.1,14397.3,13551,12111,11503.3
 88.2,0,0,26487,43950.1,48524.9,57204.6,50115.8,44635.6,45864.5,38772.7,41223,38463.4,37008.6,34865.8,30121.5,28304.6,26225.7,25891.3,23103.3,21911.7,21803.4,19390.1,19357,16992.6,16448.2,15130.7,13172.7,13099.3
 91.4,0,0,25016.4,44228,47788.8,54092.4,54983.9,46297.7,47623.4,40353.7,41591.5,39819.5,37394.9,38273.6,31975.4,30352,28611,27676.5,25753.9,21197.7,24803,21157.6,20778.7,18509.2,18366.9,16189.8,14427.1,15131.8
 94.7,0,0,23648.1,42915.5,47157.8,54443.6,51334.3,49507.6,49013.1,40909.4,43108.1,40716.6,39357.8,38631.8,33229,31224.4,30013.6,29465.7,25600.2,23347.4,26300.5,23957.6,21833.6,19750.1,19688.2,17262.7,15628.2,16337.3
 98.2,0,0,21830.8,43749.1,48052.6,53970.3,53449.7,45611.7,49700.2,42003.1,44114.1,43093.4,40627.6,40815.7,36842.3,34286.3,31398.1,30873.3,29131.6,24589.4,27222.6,23581.9,24512.7,21196.5,20421.6,18028.1,17417.5,16779.6
101.8,0,0,22197.9,42233.4,46121.6,55101.7,51779,45903.5,55222.9,41340.8,46094,42856,42266.2,42376.9,37093.8,37453.6,32607.6,33460.8,30016.5,25655.5,28187.8,24559.1,27047,22942.9,21770.1,18147.6,17739.2,17824.3
105.5,0,0,22347.1,41833.8,44909.9,53432.3,51724.2,45464.8,50523.4,45590,45138.4,44161.1,43025.6,43203.3,37788.7,35837.9,33700.4,34337.6,30503.6,26771.5,29442.1,27105.6,26982.4,24301.2,23037.7,19559.1,19024.7,19069.2
109.4,0,0,20309.9,44367.3,44512.6,53129.3,52593.2,45013.1,53244.2,43712.9,46812.5,46192.2,40695.1,44200.2,37565.1,37174.6,34655.1,34826.3,31646.6,28383,31169.4,27708.7,27207.5,25382.6,23883.9,20503.7,20007.2,20043.1
113.4,0,0,22162.5,41533,43316.7,54108.7,52020.5,43825.6,53140.2,43689.2,48927.9,45540.5,44130.6,44572.5,38430.9,38091.9,35603.9,35474.6,32282.7,28504.2,32217.9,28510.9,28940.9,27193.5,26716.7,20869.8,20142.7,20811.3
117.6,0,0,19774.6,40005.9,47597.6,54290.3,50415.5,43094,52518.2,43226,45828.1,47434,43437.2,44729,39125,38581.9,36277.1,35620.8,34679.2,29346.1,32897.3,29527.4,29870.6,27519.4,25820.2,22960.8,21582.9,20965.9
121.9,0,0,19391.9,38286.4,43137.6,51898.5,50876.1,43542.6,50266.1,46764.3,46555.4,45239.2,46159.5,45498.4,38878.4,38285.9,36275.9,36136.1,32405.6,31447.8,33100,30224.4,29846.7,27137.5,26415.7,21528.4,22327.5,21851.7
126.3,0,0,20852.4,40020.5,43699.8,49473.6,51061.7,41983.4,51381,43699.7,46258.6,45517.5,44074.8,47492.1,39251.6,38761,36268.8,37064.1,33039.4,29088.2,33525.2,30878.9,31081.2,28254.2,25975.5,22268,21830.1,22190
131.0,0,0,22014.9,37641.1,44084,51007.6,53696.2,40603.3,51137.6,43240.2,46170.8,45668.8,43109.9,45894.1,39409.9,38974.7,36710.6,35925.8,33637,30880.3,34992.4,30415.6,30768.5,28129.8,26007.6,22185.3,22039,23464.9
135.8,0,0,22774.8,39328.8,43650.3,49622.1,48861.9,42301,48323.8,41070.5,44468,45167.2,42735.7,45773.8,42067.1,40217.8,36580.8,35699.4,34539.1,30197.4,33671.7,32015.3,30702.3,28994.8,24940.6,21767.3,21944.2,22243.8
140.7,0,0,23467.2,38501.1,43300.9,48156.4,49054.5,39756,49478.1,45762.2,43419.7,44951.7,42309.1,44983.9,39389.4,39870.8,37046.5,35791.2,34559.2,30630.2,33013,30768.1,30670.9,28735.5,25762.4,22840.4,21595.1,22966.4
145.9,0,0,24838.3,38741.3,42532.2,48155.3,48069.4,39411.5,48937.5,43553,44351,45366.8,41678.7,44798.1,40116.1,37296.6,37428.7,36144.1,34068.2,30497.5,33685.1,31269.5,32121,28534.9,25003.8,23128.2,22590,22812.3
151.2,0,0,26955.6,37327.8,42960.3,48310.4,48482.9,39482.3,46465.2,45251.8,42899.4,43622.6,40146.6,42994.7,38055.4,37112.1,37277.8,35364.3,32624.7,28876.5,32394.7,30211.2,30343.5,28890.4,25090.5,23275.9,21831.9,22962
156.8,0,0,25166.2,40403,42038.3,46541.5,46242,38195.8,46565.6,40734.4,44486.6,42792.4,39310.4,41946.1,38495.2,37542.5,35117.5,35741.1,32996.1,30148.1,32449.3,30031.5,29447.8,27005.9,25249.5,22282.1,21696.2,22432.7
162.5,0,0,24801.1,35621.5,40737.1,44666.9,46255.3,37687.6,44586.1,41736.1,42469.7,42774.1,38770.4,41657.7,38314,35279.6,33998.2,32613.6,32328.8,29486.8,32151.5,29598.2,28173.9,26440.3,24129.5,21898.7,21530.5,21626.1
168.5,0,0,23385.8,34430.3,41274.1,44029.6,44368.7,36187.2,42743.6,39341.8,41105.6,41536.9,36313,40803.4,37074,34612.4,32776.1,32169.4,33356.1,28754.1,30774.5,28302,28723,25855.8,22967.2,21972.4,21149.6,21231.3
174.7,0,0,25313.1,32684,37529,44984.2,43838.8,35523.7,41468.7,38016.8,39720.2,38424.2,37195.4,38802.9,35524,32850.7,32003.6,31901.7,30534.2,28219.6,30348.2,27687.3,26961.9,24927.2,22579.6,19962.9,20957.6,20168.3
181.1,0,0,23285.4,30628.3,35755.8,37827.6,39389.8,33500.4,38881.3,36051.3,38084.3,37043.9,32811.1,38469.8,33256.6,31624.7,31121.9,27083.6,29310.6,26469.4,27860.9,26259.8,26150.7,24301.7,21804.5,20473.9,20246.5,19221.5
187.7,0,0,22051.8,27664.8,32031.5,36206.8,39731.6,31762.7,36598.1,33885.3,36792.8,35175.3,30490.6,34963.7,32183.8,29964.9,29006.7,27626.6,27144.4,24759.7,28534,25165.1,23975.7,23937.8,20294.1,19339.5,18381.8,19723
194.6,0,0,19752,25242.5,28987.6,32995.5,34293.6,30605.6,33273.3,30775.8,33219.3,32071.8,29547.5,33155.4,31056.4,27990.8,27522.4,26230,25077.8,23670.2,25050.9,24902.7,23196.6,22185.4,19817,19313.8,17404,17566.6
201.7,0,0,17191,22675.3,26842.8,29301.4,31204.9,26859.5,30131.6,29314.4,30312.2,30177.6,27258.5,29975.7,27995.1,26898.1,25692.6,24649,24686.2,22675.4,23272.8,21675.2,21743.9,21176.5,18303.2,18047.7,16922.2,15983.2
209.1,0,0,15253.4,18984.8,22040.3,25656.8,27166.8,23245.7,28022,25223.8,27684.3,26821.5,24735.6,27666.3,25279.6,24812.9,24204,22997.3,22728.2,20855.6,21274.5,19804.5,20771.3,19070,17141.7,17299.3,15356.9,15579.8
216.7,0,0,13442.8,15958.8,19063.2,21652.6,22741.2,21231.6,23190.6,23690,24696.8,23762.9,21899.5,23924.5,22746.4,21762.8,21946,20348.9,19967,19017.4,19389.4,18367,18576.6,18359.1,15663.6,15275.1,14621.8,14045.8
224.7,0,0,10514,13348.7,15716.6,17999.5,19403.9,18165.8,20437.3,20120.9,21175.7,20877.5,18285.2,20548.1,20972,19108.3,19757.7,18095.7,18232.1,16904.4,17758.4,16564.9,16257.9,15452.8,13987.1,13700.6,12892.1,12699.9
232.9,0,0,7958.52,10266.8,13467.9,14033.6,15967.9,14891.6,17120.8,16105.8,18295.7,17493.4,17083.5,18578.7,17370.9,16499.7,16573.9,16654.9,15854.3,14984.5,15393.5,14289.7,14644,13241,13035.4,12038.5,11224.7,10947.5
241.4,0,0,6243.58,8032.97,10417,11407.1,12988.5,11540.4,14079,13700,14771.6,15408.3,13454.5,15261,14707.3,14143.3,14430.7,13539.3,13724.5,12803.3,13739.6,12456.8,12832.8,11645.2,10722.7,11298.6,10277.8,9890.2
250.3,0,0,4545.83,5954.45,7266,7989.58,9837.75,9360.27,10622.4,10594.9,11968.7,11816.9,11308.4,12467.3,12007.1,11693.3,12246.9,11576.1,11305.9,11156.1,10987,10368.3,10765.4,9674.72,9349.69,9655.08,8825.6,8245.66
259.5,0,0,3405.4,3972.05,5305.96,6626.22,7191.1,7168.7,8655.61,8192.35,9442.49,9653.53,9167.77,9864.8,9831.71,9548.28,9810.56,9472.38,9582.41,9108.34,9645.13,9298.52,9078.3,8658.93,7379.61,7590.29,7819.02,7085.32
269.0,0,0,2082.28,2911.86,3918.98,4672.87,5654.47,5547.74,6628.96,6542.9,7010.63,7334.54,7026.66,7893.4,7636.45,7672.53,7578.34,7203.89,7152.71,7464.63,7707.24,7422.91,7426.12,6648.29,6227.32,6412.91,5969.42,6003.67
278.8,0,0,1256.98,2136.86,2725.42,3308.34,3881.55,3721.36,4497.15,4490.8,5258.33,4958.11,5101.44,6133.91,5978.95,5839.3,5906.52,6018.92,5733.86,5405.19,6530.39,5691.52,5092.61,5840.95,4948.96,5008.25,4913.48,4666.22
289.0,0,0,969.956,1320.45,1684.73,2145.44,2499.38,2678.6,3409.47,3400.88,3554.86,4381.2,3846.87,4392.76,4382.68,4354.17,4364.92,4149.21,4427.83,4124.94,4434.88,4527.46,4731.16,4263.38,3691.7,4161.85,3906.75,3864.26
299.6,0,0,514.517,833.542,1203.44,1489.78,1742.9,1983.99,2108.23,2476.61,2795.35,2789.49,2772.33,2987.95,3282.01,3322.17,3298.33,3268.84,3149.05,3357.33,3490.99,3257.3,3327.93,3099.12,2917.82,3000.18,3028.79,2837.04
310.6,0,0,378.359,587.853,735.223,822.153,1123.3,1101.16,1625.36,1300.65,1764.41,1988.64,2035.9,2088.62,2310.31,2438.67,2284.63,1974.7,2153.27,2268.25,2318.45,2156.27,2360.67,2222.5,2174.4,2349.52,2114.46,2072.37
322.0,0,0,165.581,340.733,395.484,628.224,755.12,776.223,870.548,963.335,1061.35,1298.63,1245.06,1548.62,1340.4,1666.37,1718.34,1509.65,1569.86,1549.5,1839.61,1639.93,1697.96,1657.2,1299.07,1464.5,1491.19,1486.94
333.8,0,0,106.795,161.281,305.554,376.859,396.644,517.631,630.598,628.716,669.505,742.179,735.322,951.298,816.487,883.301,1020.42,1007.3,1160.33,1091.44,1072.2,1216.11,1139.05,1185.69,1114.81,1100.96,952.016,810.439
346.0,0,0,107.805,126.95,147.169,192.118,270.324,295.612,357.565,293.436,469.373,552.512,492.52,557.824,672.185,641.033,747.42,536.096,711.513,786.168,674.112,726.998,889.24,798.404,716.129,769.298,618.887,726.902
358.7,0,0,40.3358,68.7025,104.929,67.3327,195.148,236.753,237.559,208.386,285.653,338.84,271.507,246.687,412.803,410.626,337.049,407.888,529.355,375.628,361.062,491.616,359.936,473.327,437.201,441.173,460.089,506.428
371.8,0,0,49.5324,36.2016,64.5057,67.8726,104.553,72.8822,202.796,164.392,170.646,226.01,179.365,209.394,228.075,165.213,233.303,249.783,267.78,233.222,253.971,308.854,298.493,258.582,251.506,266.96,171.467,212.679
385.4,0,0,36.0299,14.4119,28.8239,46.8265,119.421,86.6337,83.0182,115.109,71.6864,111.307,100.51,97.2683,79.2654,71.8729,123.547,180.125,119.583,198.662,155.264,129.869,165.899,155.264,205.519,169.653,129.147,133.298
399.5,0,0,14.5885,14.5885,14.5885,22.0717,43.7654,29.3659,108.045,85.9732,44.1433,15.1552,29.5548,51.2487,65.648,39.4339,46.5392,119.86,51.2485,95.2029,95.014,58.5426,107.856,80.4254,73.3199,98.166,90.8711,160.662
414.2,0,0,7.43288,7.43286,7.43286,20.0384,64.6354,29.7315,73.848,83.5413,44.5972,22.2986,37.1643,14.8657,14.8657,69.2417,32.0775,69.2419,29.7314,37.1643,34.904,5.17261,51.5495,57.2025,49.7696,34.3379,24.6446,66.8957
429.4,0,0,7.57711,7.5771,15.1542,55.3439,32.0267,30.3084,62.3351,53.0397,67.6082,15.1542,7.5771,30.3084,7.57708,17.4583,32.6125,25.0354,0,37.8855,62.9208,32.6124,25.0354,40.1895,32.0266,22.7314,9.88116,0
445.1,0,0,0.478957,8.15439,0,54.2071,78.3054,99.7807,77.3475,69.0789,77.8266,8.15439,38.3772,15.3509,7.67542,7.67542,0,23.0263,0,7.67543,7.67543,7.67541,23.0263,15.3508,15.9441,15.3509,15.8298,7.67543
461.4,0,0,15.1711,7.34122,0,86.5546,108.64,46.9789,54.8086,71.3835,38.6605,7.34123,7.82982,0,7.8298,7.8298,15.6596,0,7.8298,0,15.6596,0,7.82981,7.8298,0,0,15.171,0
478.3,0,0,0,0,0,47.0108,79.9077,39.9539,23.9723,48.418,39.9539,7.99078,0,7.99079,9.39804,0,7.99077,0,0,0,0,0,15.9815,7.99077,0,0,0,0
495.8,0,0,0,8.10089,0,32.4036,56.5272,32.2246,48.6053,63.3805,8.10089,0,0,0,14.7751,0,0,0,0,0,0,0,8.10088,0,0,0,8.10087,0
514.0,0,0,0,0,0,72.7142,81.1705,33.278,57.9165,49.6428,33.0952,0,0,0,8.27379,0,0,8.27381,0,0,0,0,0,0,0,8.27382,0,0
532.8,0,0,0,0,0,68.9139,102.483,79.9103,59.1126,50.354,50.354,0,0,0,0,0,0,8.39234,0,0,0,0,0,0,0,0,0,0
552.3,0,0,0,0,8.51451,93.6597,59.6015,63.673,50.7154,93.6596,59.6016,17.029,8.51451,0,0,0,0,0,0,0,0,0,0,0,0,0,0,0
572.5,0,0,0,0,22.0311,69.6517,50.1945,43.5323,34.8258,17.4129,56.8569,0,0,0,0,0,0,0,8.70644,0,0,0,0,0,0,0,0,0
593.5,0,0,0,0,0,0,0,0,0,0,0,0,0,0,0,0,0,0,0,0,0,0,0,0,0,0,0,0
615.3,0,0,0,0,0,0,0,0,0,0,0,0,0,0,0,0,0,0,0,0,0,0,0,0,0,0,0,0
637.8,0,0,0,0,0,0,0,0,0,0,0,0,0,0,0,0,0,0,0,0,0,0,0,0,0,0,0,0
661.2,0,0,0,0,0,0,0,0,0,0,0,0,0,0,0,0,0,0,0,0,0,0,0,0,0,0,0,0
685.4,0,0,0,0,0,0,0,0,0,0,0,0,0,0,0,0,0,0,0,0,0,0,0,0,0,0,0,0
710.5,0,0,0,0,0,0,0,0,0,0,0,0,0,0,0,0,0,0,0,0,0,0,0,0,0,0,0,0
Scan Up Time(s),155,155,155,155,155,155,155,155,155,155,155,155,155,155,155,155,155,155,155,155,155,155,155,155,155,155,155,155
Retrace Time(s),10,10,10,10,10,10,10,10,10,10,10,10,10,10,10,10,10,10,10,10,10,10,10,10,10,10,10,10
Down Scan First,FALSE,FALSE,FALSE,FALSE,FALSE,FALSE,FALSE,FALSE,FALSE,FALSE,FALSE,FALSE,FALSE,FALSE,FALSE,FALSE,FALSE,FALSE,FALSE,FALSE,FALSE,FALSE,FALSE,FALSE,FALSE,FALSE,FALSE,FALSE
Scans Per Sample,1,1,1,1,1,1,1,1,1,1,1,1,1,1,1,1,1,1,1,1,1,1,1,1,1,1,1,1
Impactor Type(cm),0.071,0.071,0.071,0.071,0.071,0.071,0.071,0.071,0.071,0.071,0.071,0.071,0.071,0.071,0.071,0.071,0.071,0.071,0.071,0.071,0.071,0.071,0.071,0.071,0.071,0.071,0.071,0.071
Sheath Flow(lpm),3,3,3,3,3,3,3,3,3,3,3,3,3,3,3,3,3,3,3,3,3,3,3,3,3,3,3,3
Aerosol Flow(lpm),1.5,1.5,1.5,1.5,1.5,1.5,1.5,1.5,1.5,1.5,1.5,1.5,1.5,1.5,1.5,1.5,1.5,1.5,1.5,1.5,1.5,1.5,1.5,1.5,1.5,1.5,1.5,1.5
CPC Inlet Flow(lpm),1.5,1.5,1.5,1.5,1.5,1.5,1.5,1.5,1.5,1.5,1.5,1.5,1.5,1.5,1.5,1.5,1.5,1.5,1.5,1.5,1.5,1.5,1.5,1.5,1.5,1.5,1.5,1.5
CPC Sample Flow(lpm),0.3,0.3,0.3,0.3,0.3,0.3,0.3,0.3,0.3,0.3,0.3,0.3,0.3,0.3,0.3,0.3,0.3,0.3,0.3,0.3,0.3,0.3,0.3,0.3,0.3,0.3,0.3,0.3
Low Voltage,11.0804,11.0969,11.09,11.1023,11.101,11.0941,11.1133,11.1046,11.1119,11.1023,11.101,11.106,11.1033,11.0955,11.1133,11.1119,11.1028,11.0941,11.1119,11.1078,11.1064,11.1192,11.1078,11.1096,11.1205,11.0859,11.1151,11.1
High Voltage,9087.56,9090.43,9089.23,9091.38,9091.14,9089.95,9093.28,9093.65,9093.04,9091.38,9091.14,9093.88,9093.41,9090.19,9093.28,9093.04,9089.59,9089.95,9093.04,9092.33,9092.09,9092.44,9092.33,9090.78,9092.68,9088.52,9091.73,9089.11
Lower Size(nm),15.9634,15.9634,15.9634,15.9634,15.9634,15.9634,15.9634,15.9634,15.9634,15.9634,15.9634,15.9634,15.9634,15.9634,15.9634,15.9634,15.9634,15.9634,15.9634,15.9634,15.9634,15.9634,15.9634,15.9634,15.9634,15.9634,15.9634,15.9634
Upper Size(nm),723.394,723.394,723.394,723.394,723.394,723.394,723.394,723.394,723.394,723.394,723.394,723.394,723.394,723.394,723.394,723.394,723.394,723.394,723.394,723.394,723.394,723.394,723.394,723.394,723.394,723.394,723.394,723.394
Density(g/cc),1,1,1,1,1,1,1,1,1,1,1,1,1,1,1,1,1,1,1,1,1,1,1,1,1,1,1,1
Title,,,,,,,,,,,,,,,,,,,,,,,,,,,,
Status Flag,Conditioner Temperature Error ,Conditioner Temperature Error ,Conditioner Temperature Error ,Conditioner Temperature Error ,Conditioner Temperature Error ,Conditioner Temperature Error ,Conditioner Temperature Error ,Conditioner Temperature Error ,Conditioner Temperature Error ,Conditioner Temperature Error ,Conditioner Temperature Error ,Conditioner Temperature Error ,Conditioner Temperature Error ,Conditioner Temperature Error ,Conditioner Temperature Error ,Conditioner Temperature Error ,Conditioner Temperature Error ,Conditioner Temperature Error ,Conditioner Temperature Error ,Conditioner Temperature Error ,Conditioner Temperature Error ,Conditioner Temperature Error ,Conditioner Temperature Error ,Conditioner Temperature Error ,Conditioner Temperature Error ,Conditioner Temperature Error ,Conditioner Temperature Error ,Conditioner Temperature Error 
td(s),0.286,0.286,0.286,0.286,0.286,0.286,0.286,0.286,0.286,0.286,0.286,0.286,0.286,0.286,0.286,0.286,0.286,0.286,0.286,0.286,0.286,0.286,0.286,0.286,0.286,0.286,0.286,0.286
tf(s),5.51527,5.51527,5.51527,5.51527,5.51527,5.51527,5.51527,5.51527,5.51527,5.51527,5.51527,5.51527,5.51527,5.51527,5.51527,5.51527,5.51527,5.51527,5.51527,5.51527,5.51527,5.51527,5.51527,5.51527,5.51527,5.51527,5.51527,5.51527
D50(nm),573.677,573.677,573.677,573.677,573.677,573.677,573.677,573.677,573.677,573.677,573.677,573.677,573.677,573.677,573.677,573.677,573.677,573.677,573.677,573.677,573.677,573.677,573.677,573.677,573.677,573.677,573.677,573.677
Median(nm),61.5465,68.5611,39.57,67.1821,86.1442,94.5155,102.851,103.413,111.805,116.307,118.052,120.835,120.9,124.903,127.339,127.626,129.96,128.847,132.071,133.306,133.313,135.075,135.026,136.445,133.886,137.183,138.449,138.067
Mean(nm),61.5265,68.539,62.2971,83.8111,98.9841,105.755,113.177,114.836,121.157,125.264,127.489,129.783,130.022,133.419,135.88,136.461,138.748,138.054,140.652,142.141,142.336,143.71,143.99,145.239,143.636,146.281,147.638,146.97
Geo. Mean(nm),61.5265,68.539,45.6719,68.923,84.8959,92.8277,100.648,102.572,109.612,113.716,116.18,118.819,119.363,122.814,125.113,125.855,128.169,127.584,130.189,131.435,132.073,133.462,133.752,135.004,133.321,135.431,137.28,136.73
Mode(nm),61.5265,68.539,18.1056,41.4178,82.047,88.1683,91.3982,94.7464,101.815,121.881,113.419,117.574,121.881,126.346,135.773,135.773,145.902,126.346,117.574,121.881,130.975,135.773,145.902,135.773,113.419,151.247,145.902,130.975
Geo. Std. Dev.,1,1,2.14622,1.87959,1.76244,1.68554,1.6422,1.62239,1.5798,1.56769,1.55249,1.53516,1.5227,1.51397,1.51297,1.50548,1.49894,1.49649,1.49116,1.49552,1.48049,1.47714,1.47578,1.47324,1.4778,1.48917,1.47159,1.46943
Total Concentration(#/cm³),0.110014,0.103288,41116.4,41034.3,34954.2,35575.4,32084.4,26915.4,28258,24157.8,24691.6,23586.3,21857.8,22469.1,19829.3,18882.1,17777.5,17342.5,16218.5,14584.1,15653.2,14236.3,14140.1,12989.8,12023.8,10922.3,10263.6,10300.6
Comment,,,,,,,,,,,,,,,,,,,,,,,,,,,,
