Sample File,C:\Users\VanceLab\Desktop\CASA_InLab_Sp23\Chamber\Chamber_Butanol_SMPS_FreshSmoke_LRH_20230530_2.S82,
AIM Version,10.3.1.0
Classifier Model,3082       ,Classifier S/N,3082021905001   ,Classifier Firmware Version,2.60
Neutralizer Model,3088,Neutralizer S/N,3088011906004
Impactor (cm),0.071,Impactor S/N,7100764
DMA Model,3081,DMA S/N,3081A1903007
DMA Inner Radius (cm),0.937
DMA Outer Radius (cm),1.961
DMA Characteristic Length (cm),44.369
HV Polarity,NEG,
Detector Model,3750,Detector S/N,3750190603,Nano Enhancer , None
Detector Sample Flow (L/min),1.00,Detector Inlet Flow (L/min),1.00
Reference Gas Viscosity (Pa*s),1.832450e-005
Reference Mean Free Path (m),6.730000e-008
Reference Gas Temperature (K),296.15
Reference Gas Pressure (kPa),101.30
Sutherland Constant (K),110.40
Tube Length (cm),25.40
Tube Diameter (cm),0.48
Channels/Decade,64
Multiple Charge Correction,TRUE
Nanoparticle Agglomerate Mobility Analysis,FALSE
Diffusion Correction,TRUE
Units,dw/dlogDp
Weight,Number
Sample #,1,2,3,4,5,6,7,8,9,10,11,12,13,14,15,16,17,18,19,20,21,22,23,24,25,26,27,28,29,30,31,32,33,34,35,36,37,38,39,40,41,42
Date,5/30/2023,5/30/2023,5/30/2023,5/30/2023,5/30/2023,5/30/2023,5/30/2023,5/30/2023,5/30/2023,5/30/2023,5/30/2023,5/30/2023,5/30/2023,5/30/2023,5/30/2023,5/30/2023,5/30/2023,5/30/2023,5/30/2023,5/30/2023,5/30/2023,5/30/2023,5/30/2023,5/30/2023,5/30/2023,5/30/2023,5/30/2023,5/30/2023,5/30/2023,5/30/2023,5/30/2023,5/30/2023,5/30/2023,5/30/2023,5/30/2023,5/30/2023,5/30/2023,5/30/2023,5/30/2023,5/30/2023,5/30/2023,5/30/2023
Start Time,13:44:00,13:47:00,13:50:00,13:53:00,13:56:00,13:59:00,14:02:00,14:05:00,14:08:00,14:11:00,14:14:00,14:17:00,14:20:00,14:23:01,14:26:01,14:29:01,14:32:00,14:35:00,14:38:00,14:41:00,14:44:00,14:47:00,14:50:00,14:53:00,14:56:00,14:59:00,15:02:00,15:05:00,15:08:00,15:11:00,15:14:00,15:17:00,15:20:00,15:23:00,15:26:00,15:29:00,15:32:00,15:35:00,15:38:00,15:41:00,15:44:00,15:47:00
Sample Temp (C),22.1,22.1,22.1,22.1,22.3,22.4,22.5,22.5,22.6,22.7,22.7,22.7,22.6,22.6,22.5,22.5,22.4,22.4,22.4,22.4,22.3,22.3,22.4,22.4,22.4,22.4,22.4,22.4,22.4,22.4,22.4,22.4,22.4,22.4,22.4,22.4,22.4,22.4,22.4,22.4,22.4,22.4
Sample Pressure (kPa),80.0,80.0,80.0,80.0,80.0,79.9,79.9,79.9,79.8,79.7,79.7,79.7,79.5,79.4,79.3,79.3,79.3,79.2,79.1,79.1,79.1,79.0,79.0,79.0,79.0,79.0,79.0,79.0,79.0,79.0,79.0,79.0,79.0,79.0,79.0,79.0,78.9,78.9,78.9,78.8,78.8,78.8
Relative Humidity (%),6.4,6.4,6.4,6.4,6.3,6.3,6.3,6.3,6.3,6.2,6.2,6.2,6.1,6.1,6.0,6.0,6.0,6.0,5.9,5.9,5.9,5.9,5.8,5.8,5.8,5.8,5.8,5.8,5.7,5.7,5.7,5.7,5.7,5.7,5.6,5.6,5.6,5.6,5.6,5.6,5.6,5.6
Mean Free Path (m),8.48894e-008,8.48894e-008,8.48894e-008,8.48894e-008,8.49625e-008,8.51055e-008,8.51421e-008,8.51421e-008,8.52855e-008,8.54292e-008,8.54292e-008,8.54292e-008,8.56073e-008,8.57151e-008,8.57863e-008,8.57863e-008,8.57494e-008,8.58577e-008,8.59662e-008,8.59662e-008,8.59292e-008,8.60380e-008,8.60751e-008,8.60751e-008,8.60751e-008,8.60751e-008,8.60751e-008,8.60751e-008,8.60751e-008,8.60751e-008,8.60751e-008,8.60751e-008,8.60751e-008,8.60751e-008,8.60751e-008,8.60751e-008,8.61842e-008,8.61842e-008,8.61842e-008,8.62935e-008,8.62935e-008,8.62935e-008
Gas Viscosity (Pa*s),1.82815e-005,1.82815e-005,1.82815e-005,1.82815e-005,1.82911e-005,1.82958e-005,1.83006e-005,1.83006e-005,1.83054e-005,1.83102e-005,1.83102e-005,1.83102e-005,1.83054e-005,1.83054e-005,1.83006e-005,1.83006e-005,1.82958e-005,1.82958e-005,1.82958e-005,1.82958e-005,1.82911e-005,1.82911e-005,1.82958e-005,1.82958e-005,1.82958e-005,1.82958e-005,1.82958e-005,1.82958e-005,1.82958e-005,1.82958e-005,1.82958e-005,1.82958e-005,1.82958e-005,1.82958e-005,1.82958e-005,1.82958e-005,1.82958e-005,1.82958e-005,1.82958e-005,1.82958e-005,1.82958e-005,1.82958e-005
Diameter Midpoint (nm)
 16.3,0.000,0.000,0.000,0.000,90300.991,29815.807,12865.774,6347.965,3487.496,2294.786,1673.864,1300.080,1160.282,1093.125,778.339,762.493,890.230,932.917,702.661,669.158,720.251,774.633,613.771,564.620,619.269,545.147,702.486,663.534,516.394,613.186,643.671,498.855,428.399,540.069,507.943,649.590,492.809,493.514,428.109,454.612,329.001,368.676
 16.8,0.000,0.000,0.000,0.000,90922.073,32269.002,14301.231,6529.438,3090.134,1885.156,1158.440,829.506,671.858,499.200,560.623,511.711,435.111,450.679,384.429,353.245,462.043,458.031,393.414,355.263,396.593,345.983,322.372,322.681,224.960,287.763,175.128,295.896,204.835,302.628,296.689,228.489,271.675,232.120,173.619,147.451,196.212,176.752
 17.5,0.000,0.000,0.000,0.000,96224.018,34377.670,15660.349,6926.231,3536.220,1810.032,1024.750,762.575,359.887,315.319,321.558,279.050,208.536,227.188,181.510,240.954,210.158,228.342,303.522,204.898,125.400,208.940,217.773,170.916,182.042,141.432,173.696,161.601,120.554,99.007,113.775,92.272,189.037,126.318,132.736,102.887,129.748,68.836
 18.1,0.000,0.000,0.000,0.000,101329.656,36678.097,16267.100,7497.730,3696.487,2120.391,1218.793,858.530,377.304,184.463,270.784,187.843,151.806,99.226,95.787,82.561,52.949,127.786,47.202,113.221,126.541,86.973,80.430,96.759,92.406,80.195,61.243,66.421,73.526,66.661,46.917,33.452,74.789,72.771,72.445,25.870,70.830,84.373
 18.8,0.000,0.000,0.000,0.000,103915.603,38940.180,18175.060,8706.756,4480.674,2347.087,1143.541,673.534,440.009,355.076,246.691,105.707,119.482,86.974,77.530,58.468,70.475,50.816,69.259,62.907,44.035,31.595,50.643,31.230,68.586,37.811,56.567,18.822,44.192,44.075,50.644,18.957,31.440,24.996,18.664,18.331,24.336,18.490
 19.5,0.000,0.000,0.000,0.000,110190.230,42395.589,19667.689,10201.950,5007.900,2963.716,1487.927,850.511,604.637,386.642,218.889,206.009,105.859,101.266,42.798,49.179,48.507,42.084,53.638,47.636,11.909,41.867,23.966,23.650,23.609,17.895,11.898,5.938,17.927,17.879,23.966,23.924,5.952,0.000,0.000,11.571,5.760,17.327
 20.2,0.000,0.000,0.000,0.000,113022.969,44450.233,21246.223,11214.753,5850.752,3421.127,1989.280,1263.299,652.372,487.266,374.504,216.424,171.373,119.730,127.266,87.242,91.801,45.513,39.481,45.082,28.176,33.961,34.022,33.576,16.759,28.226,11.261,11.241,5.655,11.281,28.350,5.660,282.722,11.197,11.149,10.953,5.454,0.000
 20.9,0.000,0.000,0.000,0.000,117048.089,47494.346,23107.578,11935.323,6577.930,3567.109,2142.609,1462.464,729.109,511.052,338.705,259.527,179.173,131.478,102.763,56.026,83.995,30.568,31.515,4.461,17.601,28.923,7.089,28.832,13.499,3.436,14.325,0.000,0.000,25.211,20.969,0.000,126.432,0.000,0.000,4.559,0.000,0.000
 21.7,6.597,0.000,0.000,0.000,116474.019,50424.155,25074.847,13951.697,7569.361,4228.808,2552.281,1649.238,895.369,621.685,400.577,311.974,193.467,190.619,116.162,116.773,27.281,39.767,61.989,26.967,28.534,43.198,5.311,26.800,27.136,12.299,12.973,13.144,2.764,23.606,0.000,4.344,8.980,0.000,9.560,13.896,14.072,63.821
 22.5,0.000,0.000,0.000,0.000,118386.167,53545.464,28192.464,15031.275,9266.745,4838.908,3247.960,1836.630,1346.763,838.497,563.148,411.661,313.598,272.209,100.241,105.444,81.037,58.543,84.671,67.182,63.939,42.895,37.121,13.558,29.025,4.604,0.000,25.408,0.000,14.309,1.246,32.338,0.000,12.898,8.025,3.337,0.000,12.559
 23.3,0.000,0.000,0.000,0.000,120676.764,56674.338,30582.728,16598.915,9881.775,6011.246,3927.317,2494.259,1571.693,947.291,591.256,449.012,377.745,371.046,248.196,188.697,144.378,81.967,33.146,64.379,38.167,20.445,42.651,31.763,10.252,12.360,8.385,26.823,10.687,2.819,1.446,1.651,24.385,0.000,0.000,2.646,7.220,0.000
 24.1,0.000,0.000,0.000,0.000,124366.565,59819.690,32880.762,18872.001,11186.601,7007.878,4437.011,2931.499,1837.591,1311.535,815.006,704.718,494.107,416.696,216.358,256.476,156.912,96.108,52.170,75.102,48.997,37.987,16.994,54.696,15.454,17.760,27.497,6.696,0.000,22.630,8.955,26.146,5.158,14.218,5.333,6.159,6.361,6.392
 25.0,0.000,0.000,0.000,0.000,127935.709,63743.468,35449.538,21343.766,12673.583,7674.013,5342.827,3286.370,2365.255,1460.774,1272.145,909.309,517.478,394.802,322.503,246.822,101.229,166.830,100.747,89.492,67.924,79.123,64.423,13.425,7.444,18.903,48.450,23.608,47.217,14.303,19.723,20.341,15.522,15.900,11.872,16.518,7.214,0.097
 25.9,0.000,0.000,0.000,0.000,129315.254,64402.626,38338.334,22978.476,14093.872,8980.016,6407.717,4008.396,2652.020,1736.130,1386.812,861.845,711.417,559.451,448.931,316.823,278.711,185.226,138.032,82.121,88.289,69.101,100.223,88.373,51.705,24.820,35.698,42.514,28.969,21.679,23.984,22.361,12.262,14.403,30.508,22.220,22.054,15.386
 26.9,0.000,0.000,0.000,53279.135,131763.743,69391.225,41295.265,25124.802,15693.072,10187.896,6899.623,4792.870,3222.505,2331.761,1628.859,1298.431,837.608,756.754,526.072,364.143,319.488,170.412,198.626,166.513,155.207,101.322,58.096,110.737,70.945,66.911,54.272,45.691,32.346,71.131,19.688,37.572,53.445,20.297,25.498,14.377,7.326,13.663
 27.9,0.000,0.000,0.000,140857.843,135155.921,73666.387,43695.639,27974.621,18488.482,11397.821,8000.558,5353.024,3631.691,2566.690,2015.346,1501.428,1138.163,792.834,566.854,580.442,436.709,279.041,271.425,299.869,221.871,237.460,89.884,104.555,134.290,38.602,99.996,60.657,54.339,54.285,49.789,37.334,34.365,6.219,18.710,20.868,37.916,30.937
 28.9,0.000,0.000,0.000,295163.416,135255.348,75128.741,46951.921,29008.476,19570.701,13006.657,8880.003,6498.586,4376.575,3239.728,2316.566,1796.016,1371.822,1171.541,885.598,685.445,522.556,420.998,404.422,256.145,233.140,233.899,85.172,114.162,116.210,136.327,112.333,91.322,80.005,17.150,62.645,73.169,59.299,20.459,21.850,55.271,28.417,17.691
 30.0,0.000,0.000,0.000,461423.659,133625.441,79284.948,48668.481,31862.309,21095.495,14780.263,9860.816,7115.467,5174.454,3682.857,2614.385,2129.514,1761.362,1305.513,945.613,767.940,648.845,544.134,449.283,467.829,317.453,250.502,275.935,230.318,181.803,144.327,129.213,119.394,76.764,118.769,43.560,50.408,75.880,38.783,71.723,48.510,76.048,41.280
 31.1,0.000,0.000,0.000,646211.155,137774.587,81066.867,52231.521,34372.812,22661.257,15598.512,11450.683,8059.265,5877.536,4217.516,3424.152,2429.384,1860.600,1574.508,1239.634,1039.399,868.977,712.127,572.543,525.677,410.718,356.114,297.852,211.222,190.386,183.635,138.242,126.198,146.725,112.146,71.002,45.812,71.621,61.618,27.167,58.370,40.140,46.307
 32.2,0.000,0.000,0.000,874828.713,136766.461,83422.374,54872.668,37117.667,24880.927,17520.752,12723.536,9476.174,6932.875,5067.387,3964.545,2988.853,2371.403,2073.020,1629.095,1204.638,951.838,802.532,674.049,561.845,478.497,427.126,333.164,312.452,253.708,279.428,221.125,199.882,163.147,154.818,203.189,99.900,96.748,85.722,88.910,75.030,98.562,91.571
 33.4,0.000,0.000,0.000,1222111.218,141267.856,86272.874,57088.626,39283.261,27649.387,19310.465,14142.214,10367.834,7384.542,5590.749,4649.380,3464.669,2655.611,2116.547,1707.626,1431.554,1174.798,979.946,849.987,671.423,604.817,579.573,431.446,458.689,391.891,291.985,261.578,258.425,151.000,191.223,148.932,144.937,158.263,158.211,120.932,88.607,80.353,95.542
 34.6,0.000,0.000,0.000,1554976.543,144354.771,88954.080,58993.005,42358.171,29077.992,20637.768,14903.698,12113.779,8260.035,6613.997,5138.692,3543.283,3133.301,2681.642,2113.183,1845.361,1365.684,1348.128,987.890,757.212,743.463,635.174,611.377,474.837,466.332,379.494,336.923,279.690,324.209,164.616,188.675,212.314,156.731,141.566,146.906,104.894,94.691,95.305
 35.9,0.000,0.000,0.000,1633446.290,144573.116,92098.538,63074.833,44524.198,31183.637,21272.722,17146.485,12840.072,9198.922,7235.341,5716.567,4444.120,3630.667,2972.340,2444.347,2036.215,1736.141,1383.714,1185.411,963.185,978.747,738.179,635.912,620.274,530.517,415.622,418.256,395.612,276.643,268.376,225.657,198.556,219.139,199.804,189.586,159.402,199.803,157.250
 37.2,0.000,0.000,0.000,1452393.104,145620.468,96954.299,65703.279,46585.639,33514.981,24564.007,18718.280,14490.437,10556.357,8185.687,6448.298,5106.634,4154.363,3417.172,2890.589,2686.182,1898.829,1787.436,1465.655,1364.587,1214.652,986.048,756.385,703.679,705.880,545.338,442.773,530.235,431.123,305.553,297.418,317.544,276.125,196.709,190.615,185.030,186.101,150.598
 38.5,0.000,0.000,0.000,1147369.174,147644.217,98532.064,69197.543,49122.767,36652.824,26658.888,19882.534,16374.542,11907.740,9363.011,7427.062,5746.421,5195.476,4076.717,3225.833,2931.055,2375.579,2151.293,1712.788,1478.172,1322.600,1102.015,1117.335,984.178,764.792,631.522,611.381,471.078,573.691,510.993,484.691,318.463,272.733,332.130,285.072,260.033,235.019,165.619
 40.0,0.000,0.000,0.000,848650.973,150070.712,99389.873,70452.295,51713.303,38294.455,28236.781,21881.487,17437.266,13490.644,10170.847,8541.447,6944.504,5613.455,4904.500,3850.758,3393.455,2811.522,2321.068,2156.780,1727.371,1482.209,1314.542,1161.334,1132.524,927.819,976.169,637.203,590.217,594.611,568.809,492.839,557.834,393.906,348.928,408.332,333.252,259.760,254.220
 41.4,3.237,0.000,0.000,641197.160,151105.410,104472.536,74171.569,56774.382,42049.035,31765.424,23127.240,18858.590,14774.948,11478.764,9372.525,7760.611,6838.198,5466.998,4438.478,3828.744,3172.218,2949.854,2569.654,2094.530,1792.960,1624.532,1305.365,1368.710,1005.888,994.792,922.486,799.670,754.358,717.856,694.351,581.846,491.757,296.531,437.063,325.317,334.843,347.929
 42.9,0.000,0.000,0.000,481164.799,153137.833,108073.523,77442.992,58577.326,44230.686,33951.382,26127.545,21638.375,16354.975,13228.197,10209.306,8985.895,7242.420,6155.225,5257.891,4633.687,3829.962,3073.085,2986.857,2310.275,2171.276,1927.260,1602.123,1476.429,1304.062,1145.065,1023.495,1023.276,966.441,869.087,762.926,623.328,553.365,599.564,466.812,388.311,411.026,448.527
 44.5,0.000,0.000,0.000,358246.539,153485.029,110213.629,81146.784,62975.902,47393.360,35057.357,29058.206,23888.911,17952.117,14366.059,11929.376,9795.942,8591.721,7042.961,6103.134,5315.253,4522.598,3760.161,3294.578,2773.678,2513.420,2329.574,1951.678,1722.515,1617.279,1547.378,1447.909,1171.782,1012.087,1061.878,810.034,826.680,715.169,638.198,653.792,460.921,460.164,523.197
 46.1,0.000,0.000,0.000,270163.709,158563.925,116194.928,84860.173,64953.243,51528.577,38871.713,31316.946,26448.025,19838.225,16465.558,13044.153,11707.608,9443.972,8019.035,6476.714,5908.933,5340.430,4614.932,4085.717,3379.739,2616.617,2595.874,2513.759,1939.053,2051.328,1816.577,1655.668,1383.074,1373.660,1241.125,1068.553,971.673,937.003,847.974,795.931,648.657,566.934,638.303
 47.8,0.000,0.000,0.000,206805.978,162153.847,119273.544,90150.084,69977.017,54354.612,42102.832,35393.378,28268.038,22503.492,18151.852,15605.624,12689.095,10890.417,9427.530,7854.574,6673.056,6121.143,5212.308,4636.421,4046.749,3430.442,3178.284,3133.833,2755.795,2132.070,2276.322,1970.308,1838.040,1629.855,1618.709,1438.908,1264.238,1147.814,1005.242,979.281,763.175,832.015,792.600
 49.6,0.000,0.000,2.823,164454.138,171044.357,125089.929,97546.629,76313.878,59542.817,47352.712,38510.646,32336.125,25582.700,21102.824,17319.728,15499.374,13392.847,10850.008,9087.655,8299.796,6975.009,6167.138,6108.873,5097.983,4359.082,4158.307,3849.142,3340.746,2738.938,2927.981,2639.376,2400.332,2193.959,2123.474,1950.140,1597.920,1652.952,1517.314,1334.786,1179.958,1130.403,1048.635
 51.4,0.000,2.759,0.000,136895.367,178412.811,132410.973,104642.939,83150.950,64902.224,52903.301,43242.288,35541.064,28844.569,23178.671,19921.706,17375.927,15540.974,13221.936,10821.732,10115.527,8830.691,7560.075,6694.149,6090.956,5536.301,4887.049,4671.441,4175.215,3625.937,3696.990,3010.918,2769.426,2742.409,2519.927,2282.660,2064.099,1970.750,1608.096,1798.357,1567.696,1379.299,1354.112
 53.3,0.000,0.000,2.523,117753.648,185242.098,139167.056,110701.826,87830.903,71153.785,56485.762,47932.225,38396.123,31505.743,27524.704,22232.307,19764.497,17622.217,14353.106,12653.479,11454.383,10491.024,8633.318,7984.537,7021.955,6524.162,5611.251,5210.947,5069.448,4880.200,4173.563,3934.733,3614.793,3121.592,3133.962,2853.817,2620.399,2276.922,2164.739,2086.436,1801.688,1848.140,1507.963
 55.2,0.000,0.000,2.304,107083.475,194376.224,146526.263,117857.162,94485.044,76132.748,63006.398,51372.495,43501.728,35746.588,30898.870,24913.579,21986.307,19814.278,17207.224,14488.255,13195.228,11373.846,10723.462,9248.481,8021.410,7763.771,7008.908,6073.481,5888.684,5302.453,5067.069,4393.089,4222.101,3876.557,3571.233,3469.226,3286.140,2826.350,2807.682,2603.489,2230.617,2051.437,2054.140
 57.3,0.000,2.577,0.000,108560.184,202559.233,157382.277,126071.475,103079.609,82559.919,68441.023,57700.300,47839.122,39339.101,34089.408,28525.067,24828.527,22244.575,19249.812,16842.776,15147.725,14044.570,11838.548,10578.570,9856.080,8770.339,8166.627,7708.685,6771.490,6368.870,5642.436,5602.047,4887.149,4628.421,4312.102,4151.710,3803.112,3508.826,3297.989,3096.675,2603.043,2426.603,2493.827
 59.4,0.000,0.000,0.000,120201.389,212607.679,164125.928,133533.430,112946.399,91202.732,74051.773,63079.413,53102.811,42755.545,38405.026,31485.363,28403.523,25537.211,22163.042,18681.290,17240.859,16240.811,13867.022,12134.671,11109.242,10547.701,9372.238,8513.517,8164.423,7705.998,6922.959,6398.278,5954.059,5527.221,5260.723,5148.530,4415.838,4144.646,4071.397,3479.946,3400.062,2945.242,2965.640
 61.5,0.000,0.000,0.000,137441.871,224111.669,178181.928,142954.908,119719.560,99346.404,80124.900,69819.628,58025.659,48780.947,40646.618,36588.978,30622.844,29035.905,25042.687,21458.928,19809.819,18154.285,15932.245,14690.547,12534.034,12049.220,10651.260,10088.901,9805.648,8676.409,8123.507,7599.169,6544.815,6567.383,6116.802,5691.039,5495.625,5027.913,5187.234,4216.796,4232.427,3658.078,3448.378
 63.8,0.000,0.000,0.000,152099.948,230470.772,191425.825,153995.866,129858.055,107495.774,88241.113,74852.563,63732.843,53898.306,45961.242,41327.472,35720.444,33470.638,28782.940,24456.849,21858.059,20472.263,17806.371,16516.783,15471.548,13145.510,12572.032,11871.818,11688.579,9914.999,9620.520,9214.044,8332.224,7567.827,6928.180,6615.855,6569.761,6110.615,5747.684,5234.752,5141.158,4468.011,4554.307
 66.1,0.000,0.000,0.000,167453.472,247782.762,203324.590,163899.269,138344.999,118810.656,98040.066,82237.047,71487.838,57461.884,50248.241,47013.334,39750.438,36053.055,32023.116,27274.315,25560.179,22632.889,20686.264,18077.798,17528.691,15747.689,14789.710,13359.697,13212.786,11650.574,11473.454,9845.519,9854.944,8986.661,8560.524,8158.220,7486.767,6810.178,6509.704,5999.423,5933.538,5201.287,4885.709
 68.5,0.000,0.000,0.000,202873.041,259556.146,215764.885,175580.019,148082.690,126263.080,106112.269,88471.792,80623.361,64092.282,56494.258,51604.587,43188.734,41599.782,34462.202,31353.180,29627.635,25533.451,23247.749,21143.652,19756.485,18099.905,17097.036,15100.382,14651.979,13174.351,12457.762,11396.307,11415.523,10154.178,9188.771,9339.249,8962.335,8155.419,7680.273,6759.043,6701.175,6192.963,6054.125
 71.0,0.000,0.000,0.000,227988.903,260993.137,215306.714,177177.606,149324.672,128831.929,110448.053,90460.218,78634.562,65337.347,58182.461,52587.283,45690.986,40936.680,36823.701,31930.525,28607.894,26136.328,24292.959,21028.514,20051.980,18408.503,17075.704,15925.764,15109.505,13446.434,13619.766,11595.627,11127.181,10664.825,9394.473,9509.848,9183.507,7892.386,7422.538,7422.405,6908.880,6008.179,5860.722
 73.7,0.000,0.000,0.000,268082.077,267687.739,218785.144,183231.870,153233.361,133787.597,107480.466,93213.042,84005.310,68636.548,58856.592,53673.782,47104.957,41902.167,36027.770,31391.895,31105.286,28015.532,24829.038,22260.667,20774.480,19674.800,18323.523,16701.679,15049.418,14170.033,13757.051,12763.832,11706.895,10809.062,10038.997,9916.308,9380.323,8378.127,7784.047,7619.249,7405.462,6760.266,6502.500
 76.4,0.000,0.000,0.000,324437.114,279866.422,230712.336,195994.259,164884.473,142926.999,118380.600,101680.425,89620.112,75291.928,64869.939,56586.890,49368.992,46890.042,40332.455,36169.476,33668.856,30568.093,27460.558,25310.432,23210.134,21561.024,19367.056,18178.390,17152.445,15127.882,14800.659,13687.595,13113.478,11502.738,11367.130,10554.269,10921.081,9869.679,9199.138,8377.324,8003.940,7291.040,6987.828
 79.1,0.000,0.000,2.185,385996.419,296449.111,243904.662,206996.896,176542.908,155087.994,127854.226,108081.693,93571.853,82189.275,69826.376,61028.922,52854.155,51585.141,44995.916,39758.884,36370.087,33958.613,30492.021,26656.442,27050.180,23023.408,22137.401,20765.600,17962.652,16587.619,17664.667,15548.102,15109.413,13617.116,13185.268,11510.579,11186.722,10700.348,10200.531,9482.782,9007.954,7974.532,8161.998
 82.0,0.000,0.000,2.180,447635.906,309695.028,257253.848,216127.128,186499.355,167157.150,134896.051,118842.917,104325.971,88042.819,74728.146,66666.427,58253.107,56901.228,48277.333,42836.116,40340.729,36831.347,31060.864,30462.990,28637.682,25956.040,24288.252,22655.323,20561.518,19735.164,18817.564,16932.099,16982.562,15794.983,14100.698,13401.810,12056.592,11755.182,11426.413,10178.436,10094.787,9857.393,8797.441
 85.1,0.000,0.000,0.000,513890.526,323094.522,268129.900,228619.363,197357.600,171524.358,145369.720,126768.612,112571.108,93765.255,81728.924,72833.312,62895.574,59854.327,52706.687,47947.203,44361.459,40100.059,35777.236,32317.826,31475.329,27308.462,27119.153,25038.231,22524.099,20816.527,20981.113,18785.782,18297.719,16315.609,15975.959,14065.785,13941.789,13084.810,12108.802,11810.795,10890.568,10227.046,9532.548
 88.2,2.121,0.000,0.000,587969.416,338888.781,282905.988,240408.181,211433.918,182079.272,156750.083,135047.746,120043.640,101060.603,90037.791,77702.775,72377.612,65430.288,57337.336,51508.333,47582.066,42529.467,39774.584,37281.217,35144.102,30475.383,30173.095,28540.836,24335.472,23558.913,22902.094,21362.478,20951.942,19151.561,17643.033,15562.911,15625.575,14237.888,14308.266,13017.879,11823.371,11721.153,10872.859
 91.4,0.000,0.000,0.000,667308.209,353499.767,295476.468,256415.323,225255.851,192738.358,166373.140,145033.921,127960.920,109960.380,97807.930,83026.386,79328.806,70632.229,63035.906,56864.311,51885.443,47760.675,43044.174,39439.971,36860.101,33304.495,32757.508,31156.092,26509.444,26966.101,24594.425,23180.732,22615.677,21323.606,19122.404,18393.188,16742.973,15851.501,14688.434,14389.485,12468.921,12551.936,12513.531
 94.7,0.000,1.750,1.744,731637.749,368614.757,308141.500,272086.804,235463.178,200335.855,179871.997,153293.489,138647.452,116518.527,102353.051,89749.786,83039.350,76275.319,68176.394,59603.320,56890.280,51650.523,47284.774,43571.790,39912.041,37472.940,35543.537,34385.209,30299.255,28328.177,26228.026,25632.049,23772.238,22711.270,20980.691,20435.305,18753.138,16845.837,17124.328,16010.646,14185.227,13923.810,12615.992
 98.2,0.000,2.059,0.000,774308.024,388344.189,323282.459,286907.235,248651.931,214167.349,186575.813,160990.528,146428.251,128155.898,110040.227,96665.715,89920.665,82795.809,73586.661,64725.231,60195.491,56207.183,50429.530,48155.897,43878.139,39498.142,38485.137,36308.502,32671.231,31513.373,29169.022,28213.059,25812.282,24528.161,23453.578,22568.494,21559.239,19225.303,18729.529,17996.014,15799.411,15330.613,14576.001
101.8,0.000,0.000,0.000,816844.862,402251.513,339692.807,302238.361,263886.445,229466.569,196647.288,174443.714,153553.582,137161.415,115863.631,100624.831,97417.882,90749.555,79680.881,70346.100,68252.181,61249.581,57170.820,51358.858,46985.329,44888.774,41667.798,40256.396,35626.046,34458.238,32517.812,31525.246,29033.259,27890.380,27094.859,25376.465,23424.537,21417.447,19519.890,19621.754,17477.244,16883.778,16564.926
105.5,1.416,0.000,0.000,847547.288,420825.834,358250.299,316225.653,275840.952,240306.976,208694.227,188720.689,166767.665,142985.705,127817.410,109498.156,104914.458,97392.529,85326.702,74750.902,72355.892,65385.885,60883.080,56676.869,51244.907,49203.594,45431.418,42948.800,40892.435,37033.282,34793.381,34379.300,32156.451,30224.605,28870.236,27079.257,24948.395,24006.794,22945.132,22217.766,20267.400,18458.380,17437.151
109.4,0.000,1.953,0.000,833128.557,432851.003,373545.044,329648.699,289112.228,252272.656,223328.138,198055.340,175946.927,153298.902,133718.589,120491.207,109785.249,102431.643,94262.236,83131.839,76643.426,69634.259,65353.295,60161.302,56570.656,52327.313,48090.293,45850.542,44183.303,40608.009,38622.292,36765.991,34073.509,32904.511,32060.804,29204.172,27996.404,26103.538,24887.068,23436.780,21017.545,20184.917,20046.068
113.4,0.000,0.000,2.021,830383.479,443827.855,391159.993,340278.248,301171.773,264537.768,232475.860,208154.661,187328.801,162674.594,141618.372,125942.891,120064.015,110844.875,98721.135,87802.363,84359.565,75373.077,70280.320,65616.528,61644.597,58578.296,54617.713,51055.126,46774.805,44677.436,42373.956,41679.017,38690.223,36909.406,34093.900,32181.991,29957.439,28837.629,25961.344,25553.319,24552.726,22048.123,21547.984
117.6,2.017,3.919,0.000,831458.061,456943.272,401922.937,352520.321,315552.455,275034.178,245818.981,220738.266,199654.046,165310.665,150533.705,138911.227,125423.337,119298.521,106704.204,96241.318,89080.555,81175.147,77434.083,71244.695,63853.669,62428.643,58719.170,54983.973,51733.986,49738.797,45298.303,44542.364,41665.774,39086.233,37389.498,36088.702,34516.544,33090.684,29798.505,28231.456,26795.330,24284.172,23095.201
121.9,0.000,0.000,0.000,843408.814,462933.154,409275.871,364071.552,323952.540,286078.325,254214.154,226736.628,208815.959,176896.640,158966.394,146439.056,130108.973,122536.327,111534.465,100814.062,97024.016,87822.239,82249.305,76222.537,71680.495,63718.211,62327.387,59553.070,55093.639,50685.005,49250.010,48132.678,43476.545,41001.033,39534.550,37366.001,38036.610,34939.042,32853.577,30397.254,28671.958,26689.637,26100.767
126.3,0.000,0.000,0.000,869431.156,470362.074,420608.519,370499.124,337886.073,298396.261,263882.100,233690.010,215057.156,185913.605,166213.209,149824.341,140322.788,131476.300,119196.587,105704.196,102897.186,94388.700,86709.510,79136.299,77561.515,71580.368,67620.559,63723.857,58812.625,58416.398,54114.122,50811.219,47720.555,45469.580,43178.633,41075.152,39807.347,36838.553,34008.097,33338.727,31469.779,29218.403,28817.228
131.0,0.000,1.690,0.000,884781.062,479196.584,424468.935,383466.205,343786.158,305674.260,269323.850,244772.894,224728.621,193583.782,173163.166,161747.051,145624.873,141211.067,126178.003,111329.028,109183.097,101470.927,93003.110,85108.246,79875.986,76603.832,71513.554,66685.839,63678.775,60653.074,57050.145,54425.788,50534.957,48235.780,46509.409,45501.706,42731.815,40354.617,37770.003,35851.990,33238.704,31251.627,30157.895
135.8,0.000,0.000,0.000,877858.486,483604.641,429170.787,390316.278,351681.453,315506.686,278054.341,251303.820,232697.154,199052.582,176672.251,167754.649,149171.810,145283.424,129961.258,117319.428,114108.309,106411.077,96385.089,90115.197,86541.196,79019.697,76224.066,69539.820,68960.656,63692.956,60886.402,57840.331,54616.876,52003.193,50476.601,49057.554,46058.144,43282.313,40446.622,38939.581,36845.815,34650.122,32998.387
140.7,0.000,1.646,0.000,847027.569,479542.982,430002.269,395230.721,352468.255,321124.806,280783.220,259352.495,239806.593,205894.866,185344.562,171503.785,154821.223,151557.071,136995.853,123050.505,120773.336,109538.904,102571.818,95860.074,90474.428,83226.492,79994.971,76308.924,70947.326,68194.734,65250.921,60541.268,59964.870,56389.372,52914.002,50651.322,49972.863,46309.454,42523.027,39812.400,39022.059,35789.571,35888.098
145.9,3.974,0.000,1.987,795687.453,475754.889,434742.900,393082.734,357534.314,324949.149,288830.770,261772.745,240485.789,211400.635,191915.031,176064.186,161899.122,157135.994,142078.159,126858.381,121814.987,114718.837,105783.264,99017.888,92799.455,86720.634,82156.046,78431.862,75114.296,71937.351,69936.905,64725.450,61282.111,59842.978,56611.967,53890.265,51483.286,50047.139,45622.818,43519.106,41324.257,39271.066,38229.908
151.2,0.000,0.000,0.000,734991.384,467023.088,430898.890,391534.487,358993.873,323673.918,290860.398,264898.265,243465.713,207785.896,191993.445,179926.154,163525.494,159055.501,143313.767,129075.733,124009.739,117413.661,108527.147,101443.270,97049.375,91818.380,86265.681,81431.062,78128.455,74855.876,71026.218,66881.296,63894.447,61925.936,58110.051,57157.076,54493.881,50759.047,49028.265,45904.103,43624.428,40735.289,39616.400
156.8,0.000,0.000,0.000,681286.732,456354.857,426729.383,384118.610,351271.476,319480.514,288410.434,265652.506,246807.576,208548.695,195565.958,179410.907,167756.757,161162.149,145030.830,132388.614,128376.539,118104.786,112110.749,104638.771,97308.599,93759.838,88884.466,84491.763,80290.422,75741.828,74274.699,68807.830,67468.933,63964.860,60331.072,58709.412,56538.682,52881.278,51474.417,47987.695,44413.656,42062.520,41278.222
162.5,1.995,0.000,0.000,623634.810,443633.702,414801.887,376857.315,346777.820,320498.967,285137.702,263653.830,243092.304,211419.847,194429.800,181702.290,166821.484,163024.129,148125.925,135056.603,132420.523,120733.736,114621.893,105635.914,100701.555,97450.536,90826.042,86182.175,81594.125,78745.870,75491.328,70485.894,69913.083,66163.857,63411.506,60612.632,58688.258,55766.281,51472.029,49860.642,47192.795,43791.885,42886.863
168.5,0.000,0.000,0.000,576778.003,427959.253,395101.209,368048.187,339429.439,313641.995,281538.286,258934.649,240180.829,209088.455,197053.429,180476.570,168145.123,164591.780,146780.668,133602.872,131557.115,124188.489,115154.673,106968.499,101307.557,96977.239,93654.450,89780.388,85003.797,79400.003,78019.544,73516.439,70735.586,68260.084,63880.756,62340.553,58723.823,57294.247,54281.270,50553.763,47634.189,45870.473,43596.323
174.7,0.000,1.948,0.000,531536.986,410310.214,380735.122,354507.386,330467.979,303121.140,274367.410,252333.220,235374.569,206755.123,190935.544,177960.165,165165.198,161996.096,149239.968,132884.518,130814.301,122574.962,115897.031,107538.948,102749.033,98727.881,93336.825,89271.391,84129.186,81242.129,77181.383,73530.825,71275.847,67872.833,65184.433,65134.261,60906.604,56961.423,54951.747,52453.231,48875.539,46995.799,45499.440
181.1,0.000,0.000,2.013,489505.956,382692.156,362961.089,336445.978,315433.924,291774.920,263743.958,243544.608,228206.282,202495.256,185848.077,173654.979,165728.092,160802.626,144682.698,131391.543,129671.339,123168.834,112637.624,107315.528,104096.662,98148.956,93480.819,88939.755,84917.820,81217.565,78942.172,74902.307,72322.522,69334.349,65523.413,64303.530,61223.226,58278.060,55409.211,52470.432,49320.607,46832.437,46000.445
187.7,2.029,0.000,0.000,443143.453,363603.402,343925.494,322712.806,300106.607,275927.740,253039.609,236143.262,220673.434,196174.231,182524.132,170222.375,162052.612,155584.757,141341.756,129056.887,126754.047,118859.297,112074.347,104340.378,100218.671,97518.294,93306.989,88449.153,84780.337,80727.491,78764.445,74370.350,71273.654,69628.147,66474.116,64126.226,60973.367,59299.741,55869.822,53476.994,49802.878,46823.729,46260.119
194.6,0.000,0.000,0.000,398304.785,339942.779,321504.068,299082.266,280789.936,262382.506,240256.766,222893.448,208096.482,184196.181,172606.843,162789.667,154287.110,150073.675,137287.424,124244.580,121787.381,116871.110,109542.431,104614.008,97974.493,95273.032,91001.800,87094.950,83631.945,79983.723,77941.760,73059.205,71321.291,68498.118,66066.111,63358.554,60908.737,58347.807,55419.392,52909.152,48532.583,46379.225,45466.171
201.7,0.000,0.000,0.000,356643.952,310190.111,296829.817,278391.768,261967.873,245571.178,223411.099,211315.750,197594.011,176965.339,163944.835,152674.853,146845.783,143163.241,131778.832,120332.046,119067.933,112997.522,105971.405,100105.555,94816.086,91197.685,88312.736,84418.775,80721.649,78158.975,75042.633,71557.067,69490.244,67893.595,64904.751,62683.365,59724.938,56864.126,55118.677,51777.797,48353.021,46181.729,45174.843
209.1,2.058,0.000,0.000,317650.424,279643.657,266883.530,254062.568,240035.643,223604.437,205418.567,194832.861,182032.364,164448.786,153999.351,143005.490,138348.879,134590.027,122671.631,113824.585,111118.558,108369.723,100448.193,95294.556,89751.786,88986.766,84291.486,81748.868,76340.943,74701.673,72176.925,69703.765,66096.893,65296.616,62564.542,59684.954,58205.514,55836.501,53029.274,50215.258,46829.815,45567.200,44674.601
216.7,0.000,0.000,0.000,284149.392,252488.398,240298.324,230051.628,217800.677,203233.705,189415.247,178155.848,167655.121,150462.416,142041.775,133762.251,130256.661,124793.048,116818.793,107135.648,104571.236,100743.707,94581.584,89843.483,84839.645,83991.224,81405.732,77499.022,74669.558,71072.772,68680.043,67268.888,63557.083,62122.335,60231.495,58772.743,55904.682,53693.961,50348.125,49038.127,45106.041,43371.720,42787.507
224.7,0.000,2.089,0.000,254144.209,226813.332,213684.970,205745.149,196759.143,182824.591,170882.642,162834.959,152116.279,137376.580,130099.184,123325.241,119896.769,115452.161,107343.103,100683.820,98784.350,93514.789,88725.117,83974.930,80434.663,78862.228,75832.298,73034.412,70208.509,67780.015,64391.150,62754.852,60908.499,58126.144,57033.774,55297.911,53158.774,51275.816,48467.005,46067.558,42977.700,41591.451,41785.597
232.9,0.000,0.000,0.000,223807.345,198321.428,188128.382,181257.482,175800.253,162815.087,153800.110,148201.693,136816.995,124638.044,117168.834,110276.133,109181.886,105815.855,98927.502,91149.616,91204.630,87337.323,81129.161,77182.661,74655.520,73318.477,70389.977,67652.286,64549.194,62791.615,60546.737,58619.911,57518.727,54575.454,53929.167,51921.120,50661.508,47494.262,45807.961,43364.235,40629.563,38993.329,39107.343
241.4,0.000,0.000,0.000,191958.942,170686.856,163084.349,157532.717,152887.829,142605.055,135959.864,129219.926,119832.774,110784.560,103883.319,99035.735,97903.947,94656.602,88324.735,82744.656,81323.657,79332.680,74546.294,70858.866,68456.664,66299.859,64666.358,63216.424,60434.630,57743.277,56503.901,55026.174,52588.329,51387.911,49802.347,48666.483,47204.081,45218.846,42359.074,41322.805,37518.325,36733.427,36327.028
250.3,0.000,0.000,0.000,161994.920,143797.917,139742.271,134635.909,131303.026,123640.330,117728.393,112370.619,103371.455,96431.183,91589.099,86793.290,86712.005,84482.178,78314.014,73068.968,72762.937,70613.172,65690.120,63799.051,61205.934,60020.537,58075.640,57119.989,54658.588,53014.258,51387.096,50065.399,48260.303,47427.126,46289.585,44731.162,43527.873,40677.428,39006.413,38223.705,34893.447,33931.123,33599.526
259.5,0.000,0.000,2.173,134574.151,122281.163,117716.639,114003.981,112831.541,106372.137,99927.828,96682.905,90632.795,82406.749,77920.569,75846.576,75359.605,73923.842,69417.488,63872.659,63827.959,63564.423,58969.490,56167.020,54906.642,53602.541,51906.620,51070.399,49070.160,47077.525,46517.575,45595.911,44060.493,42838.157,41417.126,41375.449,39336.832,37477.747,35832.149,34730.688,31731.554,30643.267,30695.974
269.0,0.000,2.190,0.000,107865.693,99414.868,96981.396,93892.743,94055.364,88217.592,83694.877,81742.532,77099.648,70242.891,67371.842,64650.167,64712.899,64105.695,59072.397,55849.533,56618.308,55380.528,51167.589,48881.917,47421.635,47277.672,45551.178,45389.335,43240.074,42226.719,40602.907,40076.962,38634.077,37599.281,37394.076,36753.394,35610.420,33994.101,31923.609,31136.273,28300.102,27576.306,27994.813
278.8,0.000,0.000,0.000,86836.373,79993.184,79761.156,76468.019,75973.422,72424.372,69494.174,67701.262,64937.464,59200.372,56286.360,53811.626,54472.642,54083.235,49395.866,47263.145,47791.418,45657.461,43597.761,42022.891,40516.709,39984.299,39004.654,39221.347,37867.909,37138.028,36021.326,35017.907,34339.474,32929.322,32871.897,31585.564,30959.308,29593.109,28317.046,27460.859,25318.301,24247.551,25038.839
289.0,0.000,0.000,0.000,69091.394,63962.862,63710.700,62966.215,61490.414,58335.826,55571.543,54860.288,52443.772,48774.596,46109.022,45149.944,45914.392,45324.514,41671.723,39950.485,40428.238,39345.385,36183.918,35371.233,34823.751,33807.619,34215.275,33467.755,32567.022,31604.336,30998.297,29459.638,28897.896,28643.185,28407.025,28286.842,27225.447,25949.831,25041.112,23802.473,22109.266,21242.498,21671.087
299.6,0.000,0.000,0.000,54413.469,50020.287,49404.875,48520.530,48546.231,45772.989,43627.676,43351.635,41490.575,39161.950,37225.620,35567.352,36750.218,36899.475,34154.530,32337.477,33004.914,33152.134,29358.561,29385.597,29268.164,29143.366,28585.219,28466.692,27400.150,26735.216,25946.690,24828.993,25118.228,24685.654,24183.371,23853.579,22856.936,22320.011,21439.476,20514.942,19092.441,18351.387,18913.214
310.6,0.000,0.000,0.000,42891.521,38202.336,37883.779,37265.294,37378.070,35659.810,33644.762,35221.688,32697.638,30614.297,29787.471,28215.583,29446.260,29289.477,27597.322,25697.452,26940.161,27242.547,24223.225,24014.600,23759.393,23470.990,22795.376,23469.150,22238.041,22223.974,21841.887,21039.923,20573.684,20742.887,20617.335,20359.170,19658.168,18758.201,17802.966,17078.631,16409.309,15799.302,15728.627
322.0,0.000,0.000,0.000,33336.289,29006.335,28321.425,28666.652,28583.967,27246.875,25838.512,26168.019,25542.919,23690.725,22933.113,21783.234,23344.405,23231.051,21835.230,20456.939,21347.033,21303.859,19376.578,18827.427,19249.198,18815.486,18494.475,19335.234,18303.735,18162.369,17919.569,17008.475,16907.368,16803.386,17077.723,16873.004,16439.011,15352.486,14781.666,14263.911,12969.163,13183.941,13276.436
333.8,0.000,0.000,0.000,25022.548,21614.738,20760.734,21356.645,21409.683,20171.511,18986.782,19668.636,18563.769,17727.288,17358.282,16614.829,17646.709,17653.503,16703.969,16112.225,16398.607,16523.377,14805.849,14762.683,14589.936,14280.902,14897.051,15473.132,14335.794,14293.194,14055.575,13926.779,13664.591,13220.298,13698.584,13570.248,13181.756,12286.823,11821.153,11137.727,10626.471,10382.059,10958.560
346.0,0.000,0.000,0.000,18907.948,15555.146,14965.317,15275.470,14969.984,14653.924,14023.149,14390.678,13590.560,13099.916,12671.017,11981.828,13598.340,12997.078,12882.497,11619.151,12989.619,12468.905,11299.164,11486.630,11405.179,11410.439,11374.711,11729.176,11504.037,11387.660,11025.479,10701.668,10871.324,10670.914,10673.931,10898.992,10135.033,9744.836,9435.197,9298.650,8557.717,8455.778,8521.080
358.7,0.000,0.000,0.000,13054.295,11065.285,10851.737,10759.650,10861.163,10358.794,10301.407,10566.573,9708.099,9668.459,9151.769,8990.581,9865.468,9541.652,9388.104,9041.145,9099.425,9230.200,8598.921,8645.260,8813.573,8764.669,8674.264,8900.371,8757.434,8651.793,8587.598,8333.311,8506.491,8134.018,8402.353,8248.726,8101.444,7593.247,7483.976,7292.312,6753.964,6738.728,6962.063
371.8,0.000,0.000,0.000,9183.872,7541.248,7558.051,7355.815,7807.626,7342.706,6877.299,7240.309,6586.380,6574.602,6237.461,6409.592,7444.386,6873.441,7024.934,6516.225,6643.885,6840.500,5924.110,6247.159,6225.898,6408.857,6113.443,7019.751,6502.090,6339.173,6521.395,6405.137,6208.238,6132.343,6431.940,6678.844,6154.182,5896.635,5359.855,5770.893,5027.430,5094.569,5358.955
385.4,0.000,0.000,0.000,6246.455,5218.572,5036.770,5029.893,5204.673,5005.752,4753.480,4928.900,4642.774,4416.410,4396.644,4385.360,5092.950,4837.226,4516.741,4581.516,4699.749,5131.698,4232.966,4353.144,4475.980,4561.062,4447.553,4986.334,4712.736,4652.882,4630.196,4693.939,4719.063,4696.394,4919.138,4861.699,4685.463,4437.197,4411.086,4420.946,3854.154,3859.676,3908.688
399.5,0.000,0.000,0.000,4160.514,3521.529,3466.458,3525.508,3382.574,3310.519,2994.418,3514.483,2954.077,3165.519,2915.599,2946.587,3327.764,3258.681,3281.971,3130.537,3318.785,3542.906,2990.034,3185.701,3098.394,3131.648,3350.149,3516.828,3411.651,3353.127,3531.320,3307.521,3373.384,3331.406,3486.119,3565.465,3353.446,3207.539,3238.479,3199.180,2765.260,2907.561,3085.054
414.2,0.000,0.000,0.000,2988.425,2580.102,2362.392,2266.912,2335.855,2192.289,2077.577,2276.537,2027.742,2083.642,1989.539,1912.399,2363.789,2230.195,2039.135,2054.127,2322.061,2376.331,2067.839,2064.351,2151.760,2230.797,2261.614,2439.611,2242.842,2352.592,2404.732,2356.487,2491.291,2396.081,2492.858,2572.705,2368.108,2217.630,2292.645,2171.098,1987.768,2093.158,2076.443
429.4,0.000,0.000,0.000,2018.417,1749.149,1573.235,1350.149,1544.654,1393.540,1330.721,1497.462,1306.938,1337.135,1216.627,1191.867,1650.044,1463.679,1475.808,1392.170,1560.718,1648.880,1332.525,1373.893,1445.023,1504.308,1546.685,1671.587,1630.690,1592.440,1586.339,1557.212,1637.482,1641.297,1735.132,1720.254,1750.084,1634.568,1552.238,1498.646,1407.773,1500.254,1518.643
445.1,0.000,0.000,0.000,1275.160,1101.712,1095.896,963.811,954.887,845.829,866.121,952.972,849.597,860.706,855.346,798.435,1045.756,935.766,907.113,879.063,999.194,988.306,887.319,929.034,978.262,940.935,1055.201,1117.914,1059.018,1152.616,1103.628,1068.877,1104.455,1157.492,1280.124,1317.692,1208.680,1114.456,1112.518,1046.976,972.365,1113.064,1104.191
461.4,0.000,0.000,0.000,1008.849,798.936,740.612,695.633,573.248,523.856,700.044,580.380,529.541,546.338,527.773,488.804,649.599,576.239,624.822,519.525,686.880,690.259,513.690,626.242,652.598,665.007,671.885,733.479,626.027,722.093,785.987,693.707,744.770,754.316,734.587,767.004,836.023,744.510,818.756,683.800,597.530,755.111,691.116
478.3,0.000,0.000,0.000,649.495,560.012,477.341,474.585,416.061,391.103,414.217,351.185,295.320,357.721,324.371,272.259,439.946,353.673,407.732,382.172,495.207,440.883,340.650,371.964,369.483,409.805,361.230,407.910,414.814,515.347,446.820,426.677,503.314,477.005,447.496,554.205,531.756,445.663,486.225,514.464,441.806,430.881,552.080
495.8,0.000,0.000,0.000,462.773,358.270,370.778,319.724,269.655,282.707,284.339,311.716,182.651,206.586,189.362,197.861,258.596,216.587,191.711,243.549,249.561,279.144,229.470,217.011,244.419,200.149,244.172,231.263,235.993,316.019,298.075,308.299,324.897,320.329,365.849,331.943,374.594,313.180,306.245,311.337,323.146,274.228,353.597
514.0,0.000,0.000,0.000,377.351,259.660,216.521,227.893,164.516,201.463,125.189,167.916,84.449,184.413,115.574,113.536,162.929,151.911,125.219,152.549,157.484,190.800,127.179,108.733,139.036,196.561,133.039,161.359,159.208,181.944,183.356,149.713,185.086,213.883,210.427,209.039,236.503,201.701,187.340,224.370,152.992,199.547,173.637
532.8,0.000,0.000,0.000,192.380,235.436,152.519,121.857,199.956,129.408,119.175,66.821,80.250,107.464,57.196,59.711,128.004,114.893,60.253,71.520,94.653,103.997,72.751,112.892,104.519,136.092,91.137,127.474,86.247,98.905,122.028,163.923,127.790,134.657,131.536,149.639,125.705,131.276,162.090,122.390,109.139,126.472,75.161
552.3,0.000,0.000,0.000,190.573,144.249,123.389,102.133,110.660,86.349,118.694,62.654,54.525,72.814,48.922,65.928,65.228,69.074,62.950,65.124,64.279,79.494,56.873,77.300,55.266,55.896,54.183,66.883,58.989,73.043,64.390,78.259,94.722,58.403,84.426,71.693,91.953,103.390,94.398,82.933,74.155,60.041,77.744
572.5,0.000,0.000,0.000,140.259,126.412,80.363,76.650,94.491,75.160,33.771,47.214,36.135,47.804,26.252,31.023,61.389,46.497,43.226,49.208,49.665,41.752,20.048,33.898,34.515,41.132,49.171,59.547,38.492,26.426,53.306,36.267,60.359,60.664,67.797,46.204,69.621,62.873,47.190,52.747,36.671,35.316,42.649
593.5,0.000,0.000,0.000,198.001,108.350,81.418,50.676,50.509,41.000,25.048,64.714,33.793,41.932,29.256,36.668,25.914,23.553,28.336,38.943,32.705,34.835,32.118,17.171,26.964,14.709,22.717,4.927,26.810,21.905,22.094,19.596,24.460,22.125,31.890,44.934,30.333,14.699,10.695,41.293,29.871,0.000,28.805
615.3,0.000,0.000,0.000,111.611,77.005,52.297,45.903,45.470,38.747,47.168,28.708,25.858,28.591,21.709,13.362,29.084,26.701,23.654,0.000,0.000,0.000,0.000,0.000,0.000,0.000,0.000,0.000,0.000,0.000,0.000,0.000,0.000,0.000,0.000,0.000,0.000,0.000,0.000,0.000,0.000,0.000,0.000
637.8,0.000,0.000,0.000,77.998,47.302,48.884,48.933,37.130,45.845,14.846,20.512,16.528,0.000,0.000,0.000,0.000,0.000,0.000,0.000,0.000,0.000,0.000,0.000,0.000,0.000,0.000,0.000,0.000,0.000,0.000,0.000,0.000,0.000,0.000,0.000,0.000,0.000,0.000,0.000,0.000,0.000,0.000
661.2,0.000,0.000,0.000,86.996,67.784,65.057,51.751,28.234,37.107,0.000,0.000,0.000,0.000,0.000,0.000,0.000,0.000,0.000,0.000,0.000,0.000,0.000,0.000,0.000,0.000,0.000,0.000,0.000,0.000,0.000,0.000,0.000,0.000,0.000,0.000,0.000,0.000,0.000,0.000,0.000,0.000,0.000
685.4,0.000,0.000,0.000,0.000,0.000,0.000,0.000,0.000,0.000,0.000,0.000,0.000,0.000,0.000,0.000,0.000,0.000,0.000,0.000,0.000,0.000,0.000,0.000,0.000,0.000,0.000,0.000,0.000,0.000,0.000,0.000,0.000,0.000,0.000,0.000,0.000,0.000,0.000,0.000,0.000,0.000,0.000
710.5,0.000,0.000,0.000,0.000,0.000,0.000,0.000,0.000,0.000,0.000,0.000,0.000,0.000,0.000,0.000,0.000,0.000,0.000,0.000,0.000,0.000,0.000,0.000,0.000,0.000,0.000,0.000,0.000,0.000,0.000,0.000,0.000,0.000,0.000,0.000,0.000,0.000,0.000,0.000,0.000,0.000,0.000
Scan Time (s),155,155,155,155,155,155,155,155,155,155,155,155,155,155,155,155,155,155,155,155,155,155,155,155,155,155,155,155,155,155,155,155,155,155,155,155,155,155,155,155,155,155
Retrace Time (s),4,4,4,4,4,4,4,4,4,4,4,4,4,4,4,4,4,4,4,4,4,4,4,4,4,4,4,4,4,4,4,4,4,4,4,4,4,4,4,4,4,4
Scan Resolution (Hz),50,50,50,50,50,50,50,50,50,50,50,50,50,50,50,50,50,50,50,50,50,50,50,50,50,50,50,50,50,50,50,50,50,50,50,50,50,50,50,50,50,50
Scans Per Sample,1,1,1,1,1,1,1,1,1,1,1,1,1,1,1,1,1,1,1,1,1,1,1,1,1,1,1,1,1,1,1,1,1,1,1,1,1,1,1,1,1,1
Sheath Flow (L/min),3.000,3.000,3.000,3.000,3.000,3.000,3.000,3.000,3.000,3.000,3.000,3.000,3.000,3.000,3.000,3.000,3.000,3.000,3.000,3.000,3.000,3.000,3.000,3.000,3.000,3.000,3.000,3.000,3.000,3.000,3.000,3.000,3.000,3.000,3.000,3.000,3.000,3.000,3.000,3.000,3.000,3.000
Aerosol Flow (L/min),1.15,1.15,1.15,1.15,1.15,1.16,1.17,1.17,1.19,1.22,1.24,1.24,1.29,1.31,1.33,1.34,1.33,1.35,1.39,1.38,1.40,1.41,1.42,1.42,1.42,1.41,1.41,1.43,1.43,1.42,1.42,1.42,1.42,1.42,1.41,1.41,1.42,1.43,1.43,1.45,1.46,1.45
Bypass Flow (L/min),0.00,0.00,0.00,0.00,0.00,0.00,0.00,0.00,0.00,0.00,0.00,0.00,0.00,0.00,0.00,0.00,0.00,0.00,0.00,0.00,0.00,0.00,0.00,0.00,0.00,0.00,0.00,0.00,0.00,0.00,0.00,0.00,0.00,0.00,0.00,0.00,0.00,0.00,0.00,0.00,0.00,0.00
Low Voltage (V),11.02,11.02,11.02,11.02,11.02,11.00,11.00,11.01,11.00,10.99,11.00,11.00,10.98,10.98,10.98,10.98,10.99,10.97,10.97,10.98,10.98,10.97,10.97,10.98,10.98,10.98,10.97,10.97,10.98,10.98,10.98,10.98,10.98,10.97,10.98,10.97,10.96,10.96,10.96,10.95,10.96,10.96
High Voltage (V),9175.21,9176.07,9175.78,9176.07,9178.37,9177.29,9177.44,9174.32,9171.81,9166.22,9157.33,9152.95,9146.86,9129.12,9121.19,9115.95,9110.76,9111.72,9103.87,9094.17,9094.14,9087.93,9086.97,9084.47,9084.23,9084.23,9085.47,9085.97,9082.24,9081.74,9084.72,9083.98,9083.48,9085.22,9084.47,9085.97,9083.05,9081.55,9079.81,9076.15,9070.98,9069.75
Lower Size (nm), 16.0, 16.0, 16.0, 16.0, 16.0, 16.0, 16.0, 16.0, 16.0, 16.0, 16.0, 16.0, 16.0, 16.0, 16.0, 16.0, 16.0, 16.0, 16.0, 16.0, 16.0, 16.0, 16.0, 16.0, 16.0, 16.0, 16.0, 16.0, 16.0, 16.0, 16.0, 16.0, 16.0, 16.0, 16.0, 16.0, 16.0, 16.0, 16.0, 16.0, 16.0, 16.0
Upper Size (nm),723.4,723.4,723.4,723.4,723.4,723.4,723.4,723.4,723.4,723.4,723.4,723.4,723.4,723.4,723.4,723.4,723.4,723.4,723.4,723.4,723.4,723.4,723.4,723.4,723.4,723.4,723.4,723.4,723.4,723.4,723.4,723.4,723.4,723.4,723.4,723.4,723.4,723.4,723.4,723.4,723.4,723.4
Density (g/cm³),1.0,1.0,1.0,1.0,1.0,1.0,1.0,1.0,1.0,1.0,1.0,1.0,1.0,1.0,1.0,1.0,1.0,1.0,1.0,1.0,1.0,1.0,1.0,1.0,1.0,1.0,1.0,1.0,1.0,1.0,1.0,1.0,1.0,1.0,1.0,1.0,1.0,1.0,1.0,1.0,1.0,1.0
td + 0.5 (s),1.52,1.52,1.52,1.52,1.52,1.52,1.52,1.52,1.52,1.52,1.52,1.52,1.52,1.52,1.52,1.52,1.52,1.52,1.52,1.52,1.52,1.52,1.52,1.52,1.52,1.52,1.52,1.52,1.52,1.52,1.52,1.52,1.52,1.52,1.52,1.52,1.52,1.52,1.52,1.52,1.52,1.52
tf (s),5.98,5.98,5.98,5.98,5.98,5.97,5.96,5.95,5.92,5.88,5.86,5.86,5.78,5.76,5.73,5.71,5.73,5.70,5.65,5.66,5.64,5.63,5.62,5.62,5.62,5.62,5.63,5.61,5.60,5.62,5.62,5.61,5.62,5.62,5.63,5.62,5.62,5.61,5.60,5.57,5.57,5.58
D50 (nm),669.0,668.6,669.0,668.0,667.8,666.1,662.5,660.6,655.2,645.3,640.5,640.8,624.3,620.0,614.5,610.8,614.2,608.6,598.8,600.3,596.5,594.0,591.6,591.4,591.4,592.6,593.1,589.4,589.0,591.8,591.1,590.6,592.3,591.6,593.1,592.6,591.0,589.3,588.1,583.1,581.9,584.0
Neutralizer Status,ON,ON,ON,ON,ON,ON,ON,ON,ON,ON,ON,ON,ON,ON,ON,ON,ON,ON,ON,ON,ON,ON,ON,ON,ON,ON,ON,ON,ON,ON,ON,ON,ON,ON,ON,ON,ON,ON,ON,ON,ON,ON
Median (nm),105.737,116.783,82.143,94.335,105.110,115.928,122.499,127.546,131.531,134.870,138.202,140.359,142.546,145.264,147.294,149.914,151.457,152.853,154.406,156.172,158.077,158.733,159.936,161.032,163.031,163.882,165.226,166.131,167.069,167.768,168.667,169.536,170.601,171.787,172.696,172.973,173.670,174.291,174.819,174.319,175.555,176.800
Mean (nm),100.843,129.512,107.778,98.692,111.967,121.954,128.532,133.729,137.595,141.164,144.577,146.700,149.206,151.597,153.668,156.647,158.089,159.605,161.176,163.005,164.959,165.356,166.781,167.983,169.776,170.712,172.315,173.181,174.322,174.966,175.829,176.844,177.897,179.215,180.209,180.583,181.111,181.653,182.237,181.912,183.164,184.432
Geo. Mean (nm),74.358,114.683,92.542,80.139,90.513,102.680,110.721,116.932,121.649,125.793,129.518,132.109,134.767,137.364,139.621,142.494,144.181,145.741,147.362,149.221,151.104,151.793,153.143,154.338,156.147,157.043,158.470,159.403,160.598,161.169,162.070,163.030,164.142,165.277,166.264,166.662,167.262,167.780,168.336,168.148,169.285,170.430
Mode (nm),21.674,117.574,49.581,35.866,135.773,145.902,140.746,151.247,145.902,151.247,156.788,156.788,162.531,168.485,162.531,168.485,168.485,174.658,162.531,162.531,168.485,174.658,174.658,181.056,174.658,168.485,168.485,168.485,174.658,181.056,181.056,181.056,187.688,187.688,174.658,181.056,187.688,187.688,187.688,187.688,174.658,187.688
Geo. Std. Dev.,2.360,1.647,1.707,1.943,2.027,1.886,1.800,1.740,1.695,1.663,1.640,1.619,1.605,1.592,1.581,1.575,1.565,1.560,1.554,1.549,1.546,1.538,1.536,1.533,1.530,1.528,1.529,1.526,1.522,1.522,1.520,1.519,1.515,1.518,1.516,1.514,1.513,1.511,1.511,1.508,1.508,1.509
Total Conc. (#/cm³),3.975788e-001,3.840624e-001,3.430071e-001,5.436689e+005,3.086389e+005,2.511989e+005,2.147969e+005,1.880456e+005,1.649073e+005,1.441367e+005,1.294233e+005,1.172687e+005,1.014130e+005,9.157753e+004,8.373424e+004,7.800816e+004,7.447662e+004,6.719561e+004,6.064753e+004,5.878137e+004,5.495914e+004,5.080774e+004,4.755539e+004,4.507321e+004,4.286441e+004,4.090334e+004,3.910790e+004,3.693173e+004,3.525914e+004,3.393040e+004,3.229176e+004,3.098562e+004,2.971108e+004,2.852914e+004,2.755399e+004,2.637925e+004,2.495394e+004,2.362402e+004,2.253356e+004,2.097260e+004,1.995901e+004,1.961380e+004
Title,,,,,,,,,,,,,,,,,,,,,,,,,,,,,,,,,,,,,,,,,,
User Name,VanceLab,VanceLab,VanceLab,VanceLab,VanceLab,VanceLab,VanceLab,VanceLab,VanceLab,VanceLab,VanceLab,VanceLab,VanceLab,VanceLab,VanceLab,VanceLab,VanceLab,VanceLab,VanceLab,VanceLab,VanceLab,VanceLab,VanceLab,VanceLab,VanceLab,VanceLab,VanceLab,VanceLab,VanceLab,VanceLab,VanceLab,VanceLab,VanceLab,VanceLab,VanceLab,VanceLab,VanceLab,VanceLab,VanceLab,VanceLab,VanceLab,VanceLab
Sample ID,,,,,,,,,,,,,,,,,,,,,,,,,,,,,,,,,,,,,,,,,,
Instrument ID,,,,,,,,,,,,,,,,,,,,,,,,,,,,,,,,,,,,,,,,,,
Lab ID,,,,,,,,,,,,,,,,,,,,,,,,,,,,,,,,,,,,,,,,,,
Leak Test and Leakage Rate,,,,,,,,,,,,,,,,,,,,,,,,,,,,,,,,,,,,,,,,,,
Instrument Errors,Normal Scan,Normal Scan,Normal Scan,Normal Scan,Normal Scan,Normal Scan,Normal Scan,Normal Scan,Normal Scan,Normal Scan,Normal Scan,Normal Scan,Normal Scan,Normal Scan,Normal Scan,Normal Scan,Normal Scan,Normal Scan,Normal Scan,Normal Scan,Normal Scan,Normal Scan,Normal Scan,Normal Scan,Normal Scan,Normal Scan,Normal Scan,Normal Scan,Normal Scan,Normal Scan,Normal Scan,Normal Scan,Normal Scan,Normal Scan,Normal Scan,Normal Scan,Normal Scan,Normal Scan,Normal Scan,Normal Scan,Normal Scan,Normal Scan
Comment,,,,,,,,,,,,,,,,,,,,,,,,,,,,,,,,,,,,,,,,,,
