Sample File,C:\Users\vancelab\Desktop\Chamber\Raw data\Chamber_Water_SMPS_FreshSmoke_HRH_20230407_03.S80
Classifier Model,3080
DMA Model,3081
DMA Inner Radius(cm),0.00937
DMA Outer Radius(cm),0.01961
DMA Characteristic Length(cm),0.44369
CPC Model,3788 High Flow
Reference Gas Viscosity (Pa*s),1.83245e-005
Reference Mean Free Path (m),6.73e-008
Reference Gas Temperature (K),296.15
Reference Gas Pressure (kPa),101.3
Channels/Decade,64
Multiple Charge Correction,TRUE
Nanoparticle Aggregate Mobility Analysis,FALSE
Diffusion Correction,TRUE
Gas Density,0.0012
Units,dw/dlogDp
Weight,Number
Sample #,1,2,3,4,5,6,7,8,9,10,11,12,13,14,15,16,17,18,19,20,21,22,23,24,25,26
Date,04/07/23,04/07/23,04/07/23,04/07/23,04/07/23,04/07/23,04/07/23,04/07/23,04/07/23,04/07/23,04/07/23,04/07/23,04/07/23,04/07/23,04/07/23,04/07/23,04/07/23,04/07/23,04/07/23,04/07/23,04/07/23,04/07/23,04/07/23,04/07/23,04/07/23,04/07/23
Start Time,13:24:00,13:27:00,13:30:01,13:33:00,13:36:00,13:39:00,13:42:01,13:45:00,13:48:01,13:51:00,13:54:00,13:57:00,14:00:01,14:03:00,14:06:00,14:09:00,14:12:00,14:15:00,14:18:00,14:21:00,14:24:00,14:27:00,14:30:00,14:33:00,14:36:00,14:39:00
Diameter Midpoint
 16.3,118.668,34.9377,0,35.4015,70.7652,106.148,141.568,35.4225,106.233,70.8219,176.682,35.4243,35.4148,70.3844,35.43,35.4434,70.8524,12.4397,106.33,70.3996,0,0,35.4375,35.4241,70.8713,70.8215
 16.8,87.7018,33.0872,33.0906,33.1008,66.1677,99.2516,99.2768,165.598,33.1093,33.1093,66.2458,0,66.2253,0,33.1263,33.1382,88.7628,87.7377,0,0,0,66.2866,33.133,33.121,66.2627,33.1091
 17.5,62.0776,62.038,93.0661,93.0935,62.032,31.016,62.0471,62.0959,155.14,62.0237,31.051,0,62.0836,62.0867,62.1081,93.1942,103.095,31.051,31.0647,93.1483,62.0805,31.0154,0,62.0988,31.0586,31.0387
 18.1,58.2644,58.2289,58.2343,58.2507,87.3352,38.0237,58.2371,58.2808,29.1827,29.1827,29.1431,87.4253,0,8.91954,0,204.088,58.2863,67.2079,0,145.709,116.534,67.2965,29.1514,0,116.6,29.1322
 18.8,109.637,82.1801,27.3958,0,27.3909,46.3966,54.7941,54.8334,126.165,54.8187,27.4192,82.2539,27.4118,46.4341,43.9565,71.4006,0,46.4445,27.4303,82.2539,82.2318,73.9037,0,27.418,54.8508,54.8188
 19.5,103.265,129.01,77.4126,51.6216,25.7997,51.5995,0,0,36.0659,129.082,180.777,51.6482,51.6371,51.6393,61.9088,36.0922,25.8252,0,103.341,180.769,51.635,25.8386,0,25.8242,25.8308,0
 20.2,73.0264,97.317,72.9937,97.3489,72.9816,24.3272,24.3322,52.6381,48.6844,146.053,28.2923,24.3492,97.3768,97.3808,0,73.0776,52.6425,0,0,24.3492,146.06,28.3064,121.781,0,24.3553,52.6255
 20.9,0,21.4951,21.379,43.7938,6.60286,67.0874,45.1744,108.883,90.558,22.9768,39.361,43.7382,44.8998,89.8943,44.2607,0,40.9186,68.3454,9.17396,45.1138,44.572,110.363,21.0376,22.2789,0,63.502
 21.7,161.398,17.6596,83.8524,18.3298,130.635,83.5966,32.565,62.7712,60.9832,147.41,61.9394,41.8146,41.7148,0,106.953,61.9831,18.6025,34.4399,11.0743,20.67,105.379,41.9995,20.0183,63.2847,63.8411,84.7834
 22.5,39.6678,33.0891,0,115.738,82.4897,79.5682,40.8541,97.1992,37.044,99.4605,119.25,79.7476,16.4173,57.7644,38.4356,59.4348,18.1765,63.1877,17.9873,39.2651,17.9175,38.4449,37.8467,39.5481,80.242,18.1541
 23.3,29.0207,9.25128,69.6567,52.5915,72.3587,148.527,34.4785,50.3573,72.4231,0,13.7262,36.9705,74.0587,34.0743,34.8435,35.3189,36.0871,21.2129,36.0278,36.9706,54.3038,15.88,58.9947,20.2003,56.5942,16.866
 24.1,84.9864,77.2443,19.3285,113.18,103.015,81.8392,96.6443,103.057,53.9249,84.2368,66.3816,12.5927,11.6756,31.3928,48.5076,48.5489,57.7238,83.7924,49.6072,69.3317,33.0015,58.6674,28.3379,66.387,17.3462,70.0891
 25.0,26.6109,76.4307,94.8953,53.4785,96.0728,34.4553,108.512,41.0616,71.0766,42.8891,125.134,44.2391,0,27.4976,9.22964,62.1326,77.2681,25.7724,63.2261,64.248,41.7889,76.6295,47.346,29.32,0,15.0385
 25.9,92.9036,28.0517,185.844,69.9561,92.9075,140.481,88.2763,143.162,27.069,108.756,67.0432,49.1466,40.2851,25.9691,54.9727,86.0166,75.2685,59.7428,27.0433,0,70.4148,39.8752,0,28.1228,59.049,24.5956
 26.9,89.6583,89.1675,68.3317,156.205,40.8204,79.8095,114.628,174.853,110.544,30.8467,65.0105,24.5539,25.5093,46.5593,62.0777,77.096,59.7103,45.5787,21.862,46.0124,17.1796,51.7269,53.5456,49.1728,8.01906,6.22326
 27.9,69.1938,179.723,149.082,28.4302,73.8657,144.879,100.54,64.3867,68.451,100.01,42.9006,76.5163,82.6965,84.82,66.9139,36.0615,105.65,10.8562,40.2221,20.7287,72.1159,57.4914,36.9095,66.0494,0,30.8876
 28.9,72.2257,48.4188,144.315,106.314,107.986,123.177,102.936,160.621,74.5256,59.9618,260.797,71.2667,104.593,47.697,80.6282,103.853,68.499,68.3901,0,73.5388,62.9884,76.6926,24.7195,56.1943,21.1514,46.1605
 30.0,168.993,114.538,123.718,167.562,242.415,140.44,59.3155,179.694,105.116,0,224.81,173.56,82.3788,157.655,133.271,177.421,103.482,47.2629,43.0272,66.4053,107.789,69.2705,152.032,54.8717,48.5949,133.145
 31.1,268.102,263.222,156.957,215.929,266.052,173.042,235.071,125.967,250.092,240.287,181.955,84.6104,93.841,50.0412,56.2919,182.064,200.023,108.482,92.824,59.2549,162.53,76.8362,101.617,94.9777,58.0364,95.3259
 32.2,465.517,456.752,210.553,396.391,227.489,117.258,394.027,288.9,220.967,149.541,190.043,112.415,237.445,91.9778,142.442,105.786,130.009,168.584,143.986,92.3617,146.009,142.383,177.186,74.6583,84.4469,133.169
 33.4,504.461,527.081,401.485,281.192,353.807,318.674,346.324,401.141,257.114,252.852,294.236,89.0399,171.023,337.229,201.123,176.903,135.525,125.09,139.185,89.2158,193.848,181.547,77.4749,83.6829,74.9831,128.944
 34.6,573.658,642.311,793.839,681.449,581.514,432.6,491.408,301.317,322.302,217.796,305.423,263.223,303.101,237.802,292.434,291.873,147.694,239.949,242.248,172.897,158.193,103.39,275.645,202.249,39.4186,138.91
 35.9,802.954,1154.89,1114.17,697.951,821.387,727.029,534.392,445.986,407.579,372.069,581.917,317.089,481.139,304.702,336.396,301.522,156.648,380.922,265.741,218.342,429.878,181.388,198.003,228.955,203.558,88.3681
 37.2,1263.31,1233.7,1085.34,859.759,835.207,936.533,837.06,843.568,660.605,705.958,565.932,633.145,640.002,252.723,414.858,503.254,263.236,223.587,223.699,274.793,464.105,368.126,270.856,179.68,273.177,319.54
 38.5,1845.18,1382.06,1392.17,1282.35,1278.8,999.633,1055.64,852.208,666.717,691.769,1010.76,765.419,746.14,519.348,564.623,503.643,632.454,598.862,307.828,567.994,481.828,379.289,299.12,321.82,245.695,315.706
 40.0,2014.69,1812.71,1821.05,1389.53,1374.46,1511.71,1523.85,1359.89,1080.86,1026.88,961.522,832.027,644.082,1082.73,683.517,817.618,900.889,563.167,588.103,742.579,540.04,522.075,683.995,396.236,463.332,405.766
 41.4,2708.09,2162,2292.7,1808.38,1763.7,1737.43,1444.42,1509.49,1484.6,1496.49,1212.25,1260.84,1054.55,1056.22,939.299,653.626,896.574,843.425,782.113,755.449,625.139,685.559,934.002,462.645,634.808,700.516
 42.9,3707.87,2811.08,3371.46,2852.96,1926.72,1929.35,2126.55,2042.83,1765.86,1721.71,1429.27,1710.44,1298.41,1132.99,1042.75,1085.35,1274.07,1234.53,1044.78,703.837,780.99,934.923,706.479,657.21,849.409,779.422
 44.5,3838.95,4100.04,3607.44,3494.38,2961.18,2921.89,2721.89,2226.99,2316.74,2318.86,1877.1,2000.58,1879.27,1638.67,1665.71,1423.12,1529.75,1791.44,1242.9,990.746,1030.82,1215.39,912.121,1159.76,1113.81,808.881
 46.1,5057.84,5434.43,5087.98,4131.91,4032.07,4020.48,3416.97,3117.04,2838.38,2511.2,2392.7,2525.98,2444.16,2454.13,2073.53,1812.45,1995.23,1621.15,1705.78,1403.64,1613.3,1479.47,1561.7,1208.2,1097.21,938.378
 47.8,6661.89,5785.94,5540.98,5466.58,4995.6,5073.66,4501.51,3898.8,3768.06,3693.27,2997.51,2923.94,2905.87,2787.05,2534.89,2107.45,2287.44,2218.45,2442.75,1948.82,1673.4,1720.29,1804.15,1529.36,1472.51,1402.04
 49.6,8475.09,8188.22,7640.12,7083.35,5937.97,6122.54,5863.88,4799.28,5238.39,4455.06,4579.74,4120.8,3681.75,4184.3,3194.36,3084.78,3323.54,2721.18,3053.69,2841.8,2455,2304.29,2239.68,2157.43,1605.03,1840.87
 51.4,11106.6,9818.68,8591.4,8354.23,8181.59,7817.41,7688.37,6509.02,5299.49,5718.51,4841.57,4949.64,4958.73,4136.41,4134.87,3606.57,4066.07,3470.02,3444.32,3211.58,3023.54,2853.82,2758.23,2783.41,2411.84,2522.19
 53.3,13021.1,11747.1,11369.8,10799.1,9982.53,8962.06,8142.38,8401.46,7491.05,6860.97,6578.24,6268.45,5567.24,5999.47,5389.32,4651.6,4704.16,4867.68,4821.72,4188.96,3710.87,3716.05,3295.05,3722.43,2793.95,2709.8
 55.2,16999.5,15095.9,13703.2,13367.6,12122.3,11435.4,10114.3,10241.4,9453.09,8670.38,8120.7,7418.11,7554.77,7010.09,6581.35,5845.48,5753.37,5576.65,5871.88,4955.85,4442.15,4079.93,3905.26,4034.06,3733.77,3495.87
 57.3,19089.4,17962.1,16423.3,15981.9,14344.7,13405.9,12382.6,12797.2,10728.3,10939.5,8867.19,9519.5,8980.8,7988.17,8092.06,7527.68,7239.02,6753.78,6549.29,5861.53,5226.08,4953.21,5240.05,4532.17,4370.59,3987.95
 59.4,22647.7,21223,20394.8,19018.4,17829.3,15980.4,15047.6,14162.1,13437.7,11521.6,11339.1,11382.1,10506,10005.3,9456.59,8598.86,8592.81,7805.85,7771.35,6537.1,6873.52,6544.21,5813.79,5287.79,5036.38,5136.56
 61.5,26736.2,26095.7,23890,22460.6,21378.7,19967.4,18780.7,17454.8,15313.1,15657.9,14056.1,13372,11956.5,12161.4,11498,10673.4,9509.88,10450.6,8703.39,8483.36,8302.18,7664.45,6670.29,6170.68,6451.54,5667.49
 63.8,32299.2,30386.8,28495.1,25913,24569.2,23178.4,22236.6,21452.3,17952.5,17707.6,16478.9,14601.2,14538,14316.6,13594,12623.2,11954.1,10311.7,10700.4,9255.39,9256.78,8847.86,8082.63,7881.82,7213.87,6992.5
 66.1,38600.4,34989.1,31695.8,30355.9,28142.9,26717.7,24517.1,23290.3,22338.7,20407.5,19061.1,18394.6,17461.1,17099.3,15049.3,14340.3,13258.6,12924.3,11559,11407.4,10330.4,9748.81,9244.95,9136.1,8304.53,8299.2
 68.5,44819.7,40231.5,39056.9,35546.7,33889.1,31840.3,30022,27136.2,25503.1,23532.8,23480.5,21245.9,20083.7,19237.9,16375.3,17279.5,16704.1,14363.2,14133.6,12688.5,12795.8,11433.6,10821.6,10487.7,9435.97,9280.31
 71.0,47983.3,43049,42193.3,38516.8,36585.1,33501.8,31305.3,28744.2,27300,25743.3,24753.5,23207.2,21292.1,20462.8,18728.3,18484.4,17013,15267.2,14829.8,13643.9,12487.5,13169.1,11938.3,10580.9,10800.3,10271.3
 73.7,52152.9,47125.3,44586.4,42268,40566,37416.5,33911.4,32615.9,29964.8,28119.9,26740.7,25351.6,22771.5,21605.7,20539.9,18863.4,18899.3,16691.1,16278.1,15252.4,15225.5,13824.8,13203.8,11747.9,11782.5,11216.5
 76.4,56911.5,53453.5,53448.7,48039.7,44033.8,41608.4,37745.2,36580.8,34703.1,31704.8,30457,27406.9,27687.2,25527.8,23333,22897.8,21047.4,20391,19123.8,18299.3,16965.6,15937.1,14710.1,13622.4,13345.8,11834.8
 79.1,64447.8,60967,57454.9,53593.3,50149.7,46433.2,44763.5,41364.8,37753.4,36243.4,32994.9,31173.8,30795.7,27984.7,25898,24554.1,24383.2,22570.8,21020.6,19988.4,19152.4,17461.7,16196.2,14243.3,15398.7,13681
 82.0,70617.5,65779.6,63299,58288.6,56242.2,52216.2,49455,43938.3,42670,40009.3,36449,34422.8,34066.4,31980.7,29590.9,27714.7,26646.9,24986.7,22332.9,21301,20939.8,19391.8,17673,16804.8,15974.5,15349.6
 85.1,79246,70976,68791.7,64067.3,61356.5,56887.5,52730.3,49792.1,46917.9,44387.6,40341.9,38311.9,36309.1,35448.9,31988.3,30600.8,29443.7,27367.6,25379.9,24514.1,21998.2,22067,19800.2,18835.1,18337.9,17035.2
 88.2,85094.7,79068.4,77151,71363.9,65522.8,62383.7,60175.4,54612.7,50798.5,48299.1,44725,43523.5,38900.8,37739.3,35214.7,33635,31336.1,30592.1,28104.8,27434.1,25134.5,23916.6,22403.8,20401.1,19891.2,19133.7
 91.4,91576.3,84971.3,81152.3,76192.8,70824.1,66946.1,63898.3,58221,54342.9,51315.3,47828.7,46296.4,43358.5,40859.7,37654.3,35522.5,34876.5,31330.8,31120.2,27898.9,27324.1,25439.8,24851.7,22378.7,20903.2,20194.2
 94.7,99385.2,90957.8,88460.4,80574.2,76048.3,71584.6,67190.4,62943.7,58576.2,55127.5,50900.3,49330.1,46332.8,43466.9,40814.7,38860.2,36700.2,34818,32587.3,30364.6,29119.6,26878.1,25863.9,24437.6,22406.1,22271
 98.2,103484,98452,93969.7,85652.6,82151,75368.3,71447.1,65995.6,62200.3,58436.3,55439.8,53160.2,49950.8,47069.3,44587,40704.5,40143.6,37202.7,35843.1,33653.3,30760.7,29305.1,27668.8,25857.3,24609.7,24218.2
101.8,109386,102445,96493,90633.8,85362.2,79972.8,75533.4,70568.1,66496.9,63525.8,58410,56462.1,52255,49013.3,47279.7,43296.8,41592.6,38533.6,37551.6,35181.4,33582.8,31274.9,29328.5,27864.9,26203.5,25150.5
105.5,113812,105663,100960,94725.6,89898.8,84235.8,80797,75166.8,67272.7,66221.4,61013.8,58441.6,55816.1,52020.3,48629.4,45504.3,43740.9,42158.7,39813,37825.1,35230.2,32351.5,29520.4,29711.6,27699.7,26230
109.4,117580,110826,104394,97107,92474.5,86750.7,82362.8,77212.5,71953.1,68646.8,63441.9,61954.3,57391.7,55768.3,50631.6,48721.7,45269.1,43953,41448.5,39237.8,37096.3,34428.2,31285.2,30939.6,29581.9,27068.3
113.4,118696,112837,107110,100116,96318.5,90482,85754.1,79732.1,74178.3,71870.7,66510.7,64349.8,59241.6,56220.6,52130.6,49719.4,46748.7,45733,43906.6,40474.8,38922.1,35379.9,33250.8,33855.3,30520.7,29031.4
117.6,122818,113907,108633,102776,97166.3,93037.6,86416,80586.9,76760.4,73483.7,69309.5,64247.8,61982.5,57732,54715.6,51705.7,48623,47203.1,42912.8,41432,39112.2,37438.8,36183,33456.1,32224.8,29402.1
121.9,124789,116237,111738,104790,96607,93529.1,86773.5,84425.8,78085.7,73974.4,69493.7,66510.9,62267.3,59790.9,54997.4,53057.2,49806.8,48435.5,45427.1,42897.8,41605.7,38102.2,35200.8,34061.5,32514.6,31122.8
126.3,124253,118739,112770,105785,97721.9,93614.6,89929.1,83464.4,80159.2,74523.7,71568.5,66711.5,63365.3,60240.1,55779.2,53737.7,51174.1,49531.3,46512,43432.3,41670.8,39266.3,37481.4,34650,33190.9,31865
131.0,124287,117804,111010,103199,99596.5,95231.2,87914.9,84080.5,79247,74925.7,71425.1,68311.3,63501.8,60657,57156.9,53586,51825,48331.3,46876.3,43613.3,42344.5,38869.4,37084.9,35093,34750.9,31796.1
135.8,123690,116653,109510,104215,99144.5,94459.3,89041,84293.4,79739.7,76214.6,70875.4,67501,63094.6,60983.7,57206,54681,51606.3,48731.8,47923.4,44806.3,41403.6,40132.4,37226.9,35613.7,33693.8,32015.1
140.7,120737,114891,107571,102249,97416.6,93862.3,88121.1,81805.5,78833.3,76167,69558.3,65841.4,62153.2,59616.6,56856.8,54865.4,49998.5,48814.7,46663.4,43362.2,40945,39398.9,36702.8,35869.2,34270.2,32456.8
145.9,116958,110776,104861,100955,95716.7,90411.8,86215.7,81090.1,77064.4,72907.9,68678.3,65618.2,61494.1,60350.6,54207.3,52822.9,49786.4,47587.9,45572.9,43688.2,41528.2,38821.1,36153.4,35475.3,33302.3,30700.3
151.2,113061,106987,101916,97089.3,90779.1,87583.9,83830.6,78614.7,74418.2,70525.8,66193.1,64086.1,59797.4,56732.7,52732.4,51612.3,48489.2,47142.6,44232.6,42149.7,39481,37854,35632.6,34282.4,32391.2,30139.4
156.8,107771,100869,96540.1,91615.4,88830.8,84259.4,78719.7,74651.1,71223.6,66729.1,64843.5,60010.4,57796.5,54401.9,51866,48574.1,46560.6,45572.9,42325.5,39956.8,38775,36352.4,34662,32343.8,31251,29911.4
162.5,101080,95849.1,92039.4,86787,83586.4,79569.6,75021.4,69875.3,67367,63754.9,60950,57259.4,54615.7,50766.3,49710.6,46823.3,44986.2,41793.9,40852.8,37610.5,36903.5,34347.5,32980.6,31136.7,29577,28597.5
168.5,93588.9,89515,85439.9,80840.5,76801.7,74170.6,69802.3,65815.3,62897.7,59951.8,56638.7,54457.3,51204.9,49425.8,45930.7,43780.6,41910.5,39302.4,38066.5,35916.5,33884.1,32947.3,29811.1,28761.8,27435.7,26239.1
174.7,88674.9,82782.2,78652.9,76001.2,72739.9,68331.6,64942.8,60361.5,58615.2,54212.1,53255.8,50585.8,47668.9,45644.6,42329.2,41796.7,38570.4,36825.6,36114.6,34516.5,31858.2,29822.7,28427.5,26705.5,25709.3,24611
181.1,80793.7,75991.6,71973.5,68378.4,65429.8,62168.5,59438.4,55661.9,53839.8,50288,47121.2,46563.9,43239.7,42249.4,38286.1,37459.1,35164.7,33372.4,32174.7,31652.9,28899.9,26497.8,25375.4,23986.7,23710.3,22005.1
187.7,70928.4,68749.5,64218.9,61633.2,59829.3,55950,54419.9,49117.4,48555,45042.3,44249.7,41605.2,39595.2,36713.8,36169.8,34398.7,32345.6,30240.4,29420.8,27618.9,25950.8,25352.6,23390.4,22873.5,21803.9,20132.8
194.6,62975.5,58663.2,56586.4,53714.7,52253.6,49003.8,47011.7,43969.3,42385.6,40323.4,38927.5,36218,33925.3,32956,30549.7,29361.6,28607.2,26103.4,26181.7,24902.1,22917.3,22155.7,20799.7,20448.2,18839,17337
201.7,53937.8,52160.1,48727.5,47692.4,44792.9,42069.3,41518.4,38645,37703.8,35455.6,33788.2,31675.5,29799.8,28460.6,27031.8,26447.9,24099.9,23610.5,22726.3,21003.5,20437.3,18795.1,18442.4,16988.1,16549.6,15978.5
209.1,45240,44364.8,41591.2,40455.6,37945.2,36281.5,35591.3,32905,32245.3,30112.2,28614.8,27863.9,25611.7,24547,22744.4,22544.8,21084.3,20596.9,19355.5,17884.9,17396.8,16413.5,16062.6,14765.2,14433.2,13563
216.7,38151.4,36699.1,35317.8,33340.1,33148,30132.8,28910,27819.4,26713,25887.6,23854.9,23227,21432.5,20619.4,19447.6,18233.9,18067.6,16901.5,16072.6,14985,14460.9,13628.1,13588.1,12315.9,11604.7,11659.3
224.7,31165.4,30121.8,29362.4,27635.2,26809.4,25691.5,24554,23253.2,22501.8,21093.3,19693.6,19380.1,17889.8,16859.3,16098.2,16039.6,14437.8,14006.7,13492,12660,12312.3,11201,10694.6,10462.4,9857.67,9610.24
232.9,24812.8,24382.9,23081.5,22737.3,21331.1,20507,18762.8,18100.2,17825.2,16126.8,16154.7,15520.9,13716.5,13182.4,12720.8,12871,11501.6,10596.3,10762.9,9961.97,9735.42,8738.49,9186.89,8051.5,7916.9,7394.12
241.4,19492.1,18750.9,17843.4,17118.3,16633.9,16146.8,15406.2,14360.8,13790.7,13493.6,12496.6,11979.8,10933.2,10771.5,10317.5,9898.98,9140.22,8518.06,8256.07,8086.79,7770.62,6832.76,6534.04,6880.97,6437.74,6026.5
250.3,14932.9,14313.1,13419.3,12862.6,13071.8,12291.3,11593,10998.3,10852.4,9589.29,9594.71,9168.3,8427.72,8434.46,7834.32,7829.62,6692.98,6464.59,6347.88,6438.92,5942.64,5468.13,5459.21,5038.03,4789.92,4645.73
259.5,10913.8,10435,9849.48,9540.85,9372.01,8935.84,9016.61,8289.91,8038.37,7398.1,7113.01,6860.76,6161.38,6172.79,5749.71,5470.33,5408.6,5253.99,4606.96,4615.47,4279.61,4158.13,3824.14,3871.35,3324.01,3470.61
269.0,8062.13,7545.53,7249.23,6834.06,7045.32,6542.7,6259.3,5933.32,6099.38,5457.52,5509.53,5014.92,4814.64,4876.07,4335.98,4136.17,3944.11,3823.94,3489.3,3345.2,3252.75,3015.05,2760.49,2804.76,2474.97,2496.77
278.8,5718.41,5290.65,5154.26,4870.45,4982.65,4854.65,4534.74,4022.16,4070.02,4320.9,3531.9,3456.75,3361.44,3096.87,2959.6,2988.81,2614.5,2611.04,2458.27,2183.99,2297.11,2055.17,1839.31,1870.72,1748.69,1802.74
289.0,4176.72,3667.71,3330,3610.58,3241.65,3125.13,2947.81,2801.28,3067.94,2509.47,2612.38,2381.64,2336.41,2117.9,2123.02,1980.74,1841.63,1704.43,1806.01,1568.14,1527.26,1493.5,1602.39,1035.17,1121.78,1280.63
299.6,2546.86,2320.05,2185.34,2409.2,2397.73,2224.87,2076.16,1850.21,1859.92,1735.48,1713.96,1576.88,1476.8,1410.2,1419.22,1484.42,1221.16,1141.43,1173.1,1127.51,958.124,792.367,1012.19,867.983,832.25,794.465
310.6,1607.38,1662.16,1429.3,1515.7,1452.58,1368.62,1325.8,1416.76,1276.55,1200.36,974.201,986.113,933.198,844.485,1008.84,826.631,786.145,847.662,740.536,702.165,684.322,607.169,646.176,544.613,515.025,575.007
322.0,1156.58,938.166,922.757,859.454,790.79,859.414,782.963,671.318,745.37,713.225,659.805,668.59,508.054,664.158,480.266,507.698,503.465,450.241,397.009,463.738,368.118,335.995,373.638,332.586,246.073,348.782
333.8,558.047,518.777,538.424,465.914,486.103,381.313,423.085,495.204,509.83,396.959,439.537,323.008,287.696,270.117,274.493,227.119,262.122,295.305,334.896,237.668,253.681,166.061,173.993,322.735,126.11,180.4
346.0,271.12,301.347,303.286,317.7,256.706,316.671,291.747,242.201,256.917,201.95,249.769,251.101,195.106,221.76,109,149.25,114.885,168.452,120.608,155.58,101.851,155.885,183.263,148.012,141.074,75.2904
358.7,159.008,192.224,172.938,138.943,130.313,161.085,95.9005,113.11,168.833,95.4872,79.1156,92.2141,119.243,76.6188,101.621,91.3821,82.3904,82.389,95.4941,70.4858,49.5896,94.6556,125.377,55.48,82.3891,50.0032
371.8,113.589,77.997,71.7951,73.8178,61.0757,88.17,81.0794,36.8928,45.4227,75.2572,92.1789,42.5441,56.7254,49.6347,38.3647,24.1508,61.2797,52.546,63.8163,65.2555,14.1813,32.7134,28.3628,45.067,24.1833,34.185
385.4,60.5903,43.3249,11.5651,34.1003,63.5216,34.6383,47.0761,12.9759,40.3935,27.4176,14.4417,39.3174,28.8834,28.8834,19.6587,33.1728,43.3251,34.1004,21.6626,20.1968,14.4417,20.1969,14.4417,14.4417,19.6587,0
399.5,7.30928,8.81173,14.6185,53.1932,21.9277,14.6185,16.6469,21.9279,29.2371,8.40092,21.9279,18.6753,7.30928,7.30928,17.7386,14.6186,8.40094,16.647,7.30931,0,0,14.6186,29.2372,37.638,2.02839,26.1151
414.2,7.44816,3.77342,29.7925,0,22.3444,7.44813,22.3444,14.8963,14.8963,13.7839,0,14.8963,0,0,13.784,14.8964,13.7839,0,0,0,3.61308,7.44819,0,6.33577,0,5.47249
429.4,7.59266,0,0,7.59265,7.59264,7.59264,7.59264,7.59267,0,0,7.59267,5.55302,0,7.59267,0,0,7.59267,0,0,0,3.90948,0,0,7.59267,0,0
445.1,0,7.69115,0,0,0,0,0,0,0,0,0,2.06612,0,0,0,7.6912,0,0,0,0,0,0,0,0,0,0
461.4,15.6917,0,7.84582,7.84583,0,0,0,0,0,0,0,7.55141,0,0,0,0,0,0,0,0,0,0,0,0,0,0
478.3,0,0,8.00709,0,0,0,0,0,0,0,0,0.300496,8.00711,0,0,0,0,0,0,0,0,0,0,0,0,0
495.8,0,0,0,0,8.11739,8.11739,0,0,0,8.11741,0,0,0,0,0,0,0,0,0,0,0,0,0,0,0,8.11741
514.0,0,0,0,0,0,0,0,0,0,0,0,0,0,0,0,0,0,0,0,0,0,0,0,0,0,0
532.8,0,0,0,0,0,0,0,8.4094,0,0,0,0,0,0,0,0,0,0,0,0,0,0,0,0,0,8.40939
552.3,0,0,0,0,0,0,0,0,0,0,0,8.5318,0,0,0,0,0,0,0,0,0,0,0,0,0,0
572.5,8.72409,0,0,8.72408,0,0,0,0,0,0,0,0,8.72409,0,0,0,0,0,0,0,0,0,0,0,0,0
593.5,0,0,0,0,0,0,0,0,0,0,0,0,0,0,0,0,0,0,0,0,0,0,0,0,0,0
615.3,0,0,0,0,0,0,0,0,0,0,0,0,0,0,0,0,0,0,0,0,0,0,0,0,0,0
637.8,0,0,0,0,0,0,0,0,0,0,0,0,0,0,0,0,0,0,0,0,0,0,0,0,0,0
661.2,0,0,0,0,0,0,0,0,0,0,0,0,0,0,0,0,0,0,0,0,0,0,0,0,0,0
685.4,0,0,0,0,0,0,0,0,0,0,0,0,0,0,0,0,0,0,0,0,0,0,0,0,0,0
710.5,0,0,0,0,0,0,0,0,0,0,0,0,0,0,0,0,0,0,0,0,0,0,0,0,0,0
Scan Up Time(s),155,155,155,155,155,155,155,155,155,155,155,155,155,155,155,155,155,155,155,155,155,155,155,155,155,155
Retrace Time(s),10,10,10,10,10,10,10,10,10,10,10,10,10,10,10,10,10,10,10,10,10,10,10,10,10,10
Down Scan First,FALSE,FALSE,FALSE,FALSE,FALSE,FALSE,FALSE,FALSE,FALSE,FALSE,FALSE,FALSE,FALSE,FALSE,FALSE,FALSE,FALSE,FALSE,FALSE,FALSE,FALSE,FALSE,FALSE,FALSE,FALSE,FALSE
Scans Per Sample,1,1,1,1,1,1,1,1,1,1,1,1,1,1,1,1,1,1,1,1,1,1,1,1,1,1
Impactor Type(cm),0.071,0.071,0.071,0.071,0.071,0.071,0.071,0.071,0.071,0.071,0.071,0.071,0.071,0.071,0.071,0.071,0.071,0.071,0.071,0.071,0.071,0.071,0.071,0.071,0.071,0.071
Sheath Flow(lpm),3,3,3,3,3,3,3,3,3,3,3,3,3,3,3,3,3,3,3,3,3,3,3,3,3,3
Aerosol Flow(lpm),1.5,1.5,1.5,1.5,1.5,1.5,1.5,1.5,1.5,1.5,1.5,1.5,1.5,1.5,1.5,1.5,1.5,1.5,1.5,1.5,1.5,1.5,1.5,1.5,1.5,1.5
CPC Inlet Flow(lpm),1.5,1.5,1.5,1.5,1.5,1.5,1.5,1.5,1.5,1.5,1.5,1.5,1.5,1.5,1.5,1.5,1.5,1.5,1.5,1.5,1.5,1.5,1.5,1.5,1.5,1.5
CPC Sample Flow(lpm),0.3,0.3,0.3,0.3,0.3,0.3,0.3,0.3,0.3,0.3,0.3,0.3,0.3,0.3,0.3,0.3,0.3,0.3,0.3,0.3,0.3,0.3,0.3,0.3,0.3,0.3
Low Voltage,10.9373,10.9527,10.95,10.9418,10.9578,10.9578,10.9486,10.9291,10.9349,10.9349,10.924,10.9254,10.9322,10.9308,10.9213,10.9117,10.924,10.924,10.9117,10.9254,10.9312,10.9052,10.9134,10.9207,10.9148,10.9303
High Voltage,9065.98,9066.89,9066.4,9064.93,9069.65,9069.65,9066.16,9064.51,9063.71,9063.71,9061.75,9062,9063.22,9062.98,9061.26,9059.54,9061.75,9061.75,9059.54,9062,9061.2,9056.54,9058.01,9057.46,9058.26,9059.17
Lower Size(nm),15.9634,15.9634,15.9634,15.9634,15.9634,15.9634,15.9634,15.9634,15.9634,15.9634,15.9634,15.9634,15.9634,15.9634,15.9634,15.9634,15.9634,15.9634,15.9634,15.9634,15.9634,15.9634,15.9634,15.9634,15.9634,15.9634
Upper Size(nm),723.394,723.394,723.394,723.394,723.394,723.394,723.394,723.394,723.394,723.394,723.394,723.394,723.394,723.394,723.394,723.394,723.394,723.394,723.394,723.394,723.394,723.394,723.394,723.394,723.394,723.394
Density(g/cc),1,1,1,1,1,1,1,1,1,1,1,1,1,1,1,1,1,1,1,1,1,1,1,1,1,1
Title,,,,,,,,,,,,,,,,,,,,,,,,,,
Status Flag,Conditioner Temperature Error ,Conditioner Temperature Error ,Conditioner Temperature Error ,Conditioner Temperature Error ,Conditioner Temperature Error ,Conditioner Temperature Error ,Conditioner Temperature Error ,Conditioner Temperature Error ,Conditioner Temperature Error ,Conditioner Temperature Error ,Conditioner Temperature Error ,Conditioner Temperature Error ,Conditioner Temperature Error ,Conditioner Temperature Error ,Conditioner Temperature Error ,Conditioner Temperature Error ,Conditioner Temperature Error ,Conditioner Temperature Error ,Conditioner Temperature Error ,Conditioner Temperature Error ,Conditioner Temperature Error ,Conditioner Temperature Error ,Conditioner Temperature Error ,Conditioner Temperature Error ,Conditioner Temperature Error ,Conditioner Temperature Error 
td(s),0.286,0.286,0.286,0.286,0.286,0.286,0.286,0.286,0.286,0.286,0.286,0.286,0.286,0.286,0.286,0.286,0.286,0.286,0.286,0.286,0.286,0.286,0.286,0.286,0.286,0.286
tf(s),5.51527,5.51527,5.51527,5.51527,5.51527,5.51527,5.51527,5.51527,5.51527,5.51527,5.51527,5.51527,5.51527,5.51527,5.51527,5.51527,5.51527,5.51527,5.51527,5.51527,5.51527,5.51527,5.51527,5.51527,5.51527,5.51527
D50(nm),572.316,572.316,572.316,572.316,572.316,572.316,572.316,572.316,572.316,572.316,572.316,572.316,572.316,572.316,572.316,572.316,572.316,572.316,572.316,572.316,572.316,572.316,572.316,572.316,572.316,572.316
Median(nm),121.812,122.428,122.238,122.913,123.282,123.656,123.93,124.037,125.025,124.794,125.374,125.322,125.194,125.463,125.812,126.313,125.89,126.095,126.614,126.777,126.731,126.917,127.295,127.488,127.625,127.514
Mean(nm),127.882,128.391,128.304,128.917,129.347,129.553,129.858,129.922,130.799,130.607,131.051,131.131,130.909,131.092,131.412,131.861,131.368,131.656,131.963,132.207,132.169,132.107,132.628,132.802,132.717,132.842
Geo. Mean(nm),119.756,120.261,120.185,120.752,121.149,121.365,121.65,121.708,122.539,122.404,122.791,122.909,122.705,122.845,123.162,123.554,123.057,123.404,123.687,123.928,123.855,123.815,124.239,124.509,124.454,124.457
Mode(nm),121.881,126.346,126.346,126.346,130.975,130.975,126.346,121.881,126.346,135.773,126.346,130.975,130.975,135.773,135.773,140.746,130.975,126.346,135.773,135.773,130.975,135.773,126.346,140.746,130.975,140.746
Geo. Std. Dev.,1.44539,1.44467,1.44429,1.44473,1.44501,1.4446,1.44476,1.44503,1.44475,1.44327,1.44499,1.44274,1.44281,1.44395,1.44352,1.44521,1.44634,1.44359,1.44386,1.44419,1.44575,1.44505,1.44692,1.44336,1.44315,1.44671
Total Concentration(#/cm³),51794.7,48648.2,46297,43554.6,41320.1,39076.1,36947.2,34571.8,32691.8,30948.3,29114.7,27737.7,26078.7,24862.1,23212.3,22166.5,21030.5,19967.2,19052.2,17917.7,17013.8,15988.7,15065,14312.1,13641.9,12937.8
Comment,,,,,,,,,,,,,,,,,,,,,,,,,,
