Sample File,C:\Users\VanceLab\Desktop\CASA_InLab_Sp23\Chamber\Chamber_Butanol_SMPS_FreshSmoke_LRH_20230531_2.S82,
AIM Version,10.3.1.0
Classifier Model,3082       ,Classifier S/N,3082021905001   ,Classifier Firmware Version,2.60
Neutralizer Model,3088,Neutralizer S/N,3088011906004
Impactor (cm),0.071,Impactor S/N,7100764
DMA Model,3081,DMA S/N,3081A1903007
DMA Inner Radius (cm),0.937
DMA Outer Radius (cm),1.961
DMA Characteristic Length (cm),44.369
HV Polarity,NEG,
Detector Model,3750,Detector S/N,3750190603,Nano Enhancer , None
Detector Sample Flow (L/min),1.00,Detector Inlet Flow (L/min),1.00
Reference Gas Viscosity (Pa*s),1.832450e-005
Reference Mean Free Path (m),6.730000e-008
Reference Gas Temperature (K),296.15
Reference Gas Pressure (kPa),101.30
Sutherland Constant (K),110.40
Tube Length (cm),25.40
Tube Diameter (cm),0.48
Channels/Decade,64
Multiple Charge Correction,TRUE
Nanoparticle Agglomerate Mobility Analysis,FALSE
Diffusion Correction,TRUE
Units,dw/dlogDp
Weight,Number
Sample #,1,2,3,4,5,6,7,8,9,10,11,12,13,14,15,16,17,18,19,20,21,22,23,24,25,26,27,28
Date,5/31/2023,5/31/2023,5/31/2023,5/31/2023,5/31/2023,5/31/2023,5/31/2023,5/31/2023,5/31/2023,5/31/2023,5/31/2023,5/31/2023,5/31/2023,5/31/2023,5/31/2023,5/31/2023,5/31/2023,5/31/2023,5/31/2023,5/31/2023,5/31/2023,5/31/2023,5/31/2023,5/31/2023,5/31/2023,5/31/2023,5/31/2023,5/31/2023
Start Time,13:17:00,13:20:00,13:23:00,13:26:00,13:29:00,13:32:00,13:35:00,13:38:00,13:41:00,13:44:00,13:47:00,13:50:00,13:53:00,13:56:00,13:59:00,14:02:00,14:05:00,14:08:00,14:11:00,14:14:00,14:17:00,14:20:00,14:23:00,14:26:00,14:29:00,14:32:00,14:35:00,14:38:00
Sample Temp (C),22.3,22.3,22.3,22.3,22.3,22.3,22.3,22.3,22.3,22.3,22.3,22.3,22.3,22.3,22.4,22.4,22.4,22.3,22.3,22.3,22.3,22.3,22.3,22.3,22.3,22.3,22.2,22.2
Sample Pressure (kPa),79.4,79.4,79.4,79.4,79.4,79.4,79.4,79.4,79.4,79.3,79.3,79.3,79.3,79.3,79.3,79.3,79.3,79.3,79.3,79.3,79.3,79.3,79.3,79.2,79.3,79.3,79.3,79.3
Relative Humidity (%),6.6,6.6,6.5,6.5,6.5,6.4,6.4,6.4,6.3,6.3,6.3,6.2,6.2,6.2,6.2,6.2,6.2,6.1,6.1,6.1,6.1,6.1,6.0,6.0,6.0,6.0,6.0,6.0
Mean Free Path (m),8.56046e-008,8.56046e-008,8.56046e-008,8.56046e-008,8.56046e-008,8.56046e-008,8.56046e-008,8.56046e-008,8.56046e-008,8.57125e-008,8.57125e-008,8.57125e-008,8.57125e-008,8.57125e-008,8.57494e-008,8.57494e-008,8.57494e-008,8.57125e-008,8.57125e-008,8.57125e-008,8.57125e-008,8.57125e-008,8.57125e-008,8.58207e-008,8.57125e-008,8.57125e-008,8.56756e-008,8.56756e-008
Gas Viscosity (Pa*s),1.82911e-005,1.82911e-005,1.82911e-005,1.82911e-005,1.82911e-005,1.82911e-005,1.82911e-005,1.82911e-005,1.82911e-005,1.82911e-005,1.82911e-005,1.82911e-005,1.82911e-005,1.82911e-005,1.82958e-005,1.82958e-005,1.82958e-005,1.82911e-005,1.82911e-005,1.82911e-005,1.82911e-005,1.82911e-005,1.82911e-005,1.82911e-005,1.82911e-005,1.82911e-005,1.82863e-005,1.82863e-005
Diameter Midpoint (nm)
 16.3,0.000,9.707,0.000,0.000,43529.982,14702.078,6742.650,3425.997,1925.125,1762.817,1401.365,1407.421,1126.112,930.449,1146.691,1045.289,1047.881,981.329,1054.211,798.206,609.246,909.390,915.006,955.348,756.767,776.366,645.211,668.669
 16.8,0.000,0.000,0.000,9.092,44719.441,15586.403,6287.375,2889.042,1670.242,1205.119,908.857,867.167,721.632,556.757,466.126,651.934,460.838,415.970,478.531,545.484,411.713,479.064,465.561,352.930,408.220,376.641,423.238,420.640
 17.5,0.000,0.000,0.000,0.000,45159.915,15386.422,6745.832,3052.974,1755.915,1118.555,666.998,467.731,334.387,352.134,300.289,243.482,380.187,330.603,196.132,173.754,161.303,262.771,210.758,291.378,242.274,249.523,176.111,177.582
 18.1,0.000,0.000,0.000,8.046,47578.317,16306.442,7035.808,3132.140,1554.042,895.033,660.668,363.461,238.284,223.808,175.936,198.884,150.623,171.342,184.845,156.902,128.343,58.556,75.879,128.796,45.981,143.153,132.527,52.891
 18.8,0.000,0.000,15.078,0.000,49065.334,17774.510,7549.133,3524.048,1763.143,1047.000,790.525,412.972,266.445,260.298,179.157,136.160,88.434,109.453,93.802,64.097,85.462,21.516,57.261,57.173,64.614,49.754,35.854,35.638
 19.5,0.000,7.123,0.000,0.000,49323.225,18969.817,7961.007,3981.168,1921.367,1215.228,608.198,561.584,285.911,228.744,121.944,121.945,120.385,82.762,40.925,47.132,20.199,54.240,27.067,40.538,33.935,26.880,54.233,33.694
 20.2,0.000,6.731,0.000,6.730,50902.400,20246.086,9249.077,4189.458,2496.326,1310.317,716.163,600.022,263.815,203.697,140.884,121.672,73.964,97.772,77.365,50.920,31.825,19.227,25.585,12.773,34.219,25.410,12.815,31.850
 20.9,0.000,6.168,0.000,0.000,51316.414,21248.122,9779.346,4976.560,2725.398,1267.192,873.512,624.875,261.092,227.526,152.036,57.950,131.067,58.566,42.216,37.551,31.755,26.071,3.678,9.243,13.311,10.450,28.701,0.000
 21.7,0.000,0.000,6.048,0.000,51992.123,22684.722,10607.812,5446.328,3341.985,1684.081,1241.853,696.744,443.645,249.767,169.205,220.022,82.061,92.213,43.209,53.984,44.492,34.523,28.960,38.062,36.777,7.958,3.133,0.000
 22.5,0.000,0.000,0.000,0.000,53682.683,24345.582,11335.733,6291.981,3469.046,1872.378,1353.591,809.496,558.581,392.239,197.463,217.816,153.855,159.850,326.323,64.445,44.374,34.737,19.320,31.337,11.996,11.743,35.574,6.447
 23.3,0.000,0.000,0.000,0.000,55370.064,25729.840,13089.886,6928.367,4228.332,2392.551,1582.897,929.311,625.500,444.391,219.105,282.476,144.657,100.422,78.149,75.239,26.131,74.986,3.973,43.511,20.290,18.484,20.872,25.423
 24.1,0.000,0.000,0.000,0.000,57945.833,27453.250,14655.927,7710.604,4670.142,2928.642,1699.644,1190.211,831.706,505.598,353.552,280.209,160.142,150.161,106.036,110.220,53.832,73.459,28.232,28.594,44.708,22.407,17.402,0.000
 25.0,0.000,0.000,4.778,0.000,61069.131,29695.352,16240.174,8886.303,5663.024,3105.130,2333.091,1281.175,947.035,600.028,502.892,440.391,249.129,227.846,190.753,65.317,90.375,51.061,60.095,41.802,75.134,36.034,68.590,17.923
 25.9,0.000,0.000,9.281,38828.937,61948.626,32083.359,16988.301,10040.291,6067.473,3880.999,2408.281,1626.367,1106.191,871.410,472.519,418.785,291.963,222.848,200.798,168.294,136.831,47.074,108.432,54.695,58.398,28.490,31.609,40.457
 26.9,0.000,4.433,0.000,121493.337,63802.758,32387.165,18906.226,10832.853,6995.554,4670.107,3129.501,2244.106,1600.045,1035.020,836.082,519.982,379.854,269.201,299.029,183.925,192.937,145.145,154.094,73.670,95.266,52.750,56.584,46.298
 27.9,0.000,4.322,0.000,212151.456,65910.398,35499.110,20030.139,12108.913,8143.214,5310.759,3619.863,2333.063,1751.321,1213.684,877.945,624.508,548.170,433.378,280.564,311.290,223.231,172.970,122.166,151.334,133.876,77.194,95.304,53.316
 28.9,12.541,0.000,4.020,316029.106,67041.019,37315.378,21660.670,14001.645,9253.877,6322.768,4211.106,3077.509,2101.237,1452.074,1083.626,832.915,674.737,548.198,435.125,318.372,284.565,199.278,171.306,195.724,137.409,165.331,88.812,89.546
 30.0,7.678,16.042,7.098,407554.463,70634.194,39352.240,24588.336,15432.680,10256.398,6770.894,4768.870,3521.597,2831.609,1776.620,1347.702,1112.628,760.202,702.652,450.354,352.137,333.882,322.474,177.682,213.887,216.921,119.659,126.902,100.469
 31.1,7.479,3.279,0.326,489531.288,70467.788,41257.652,25633.136,16692.230,11224.508,7747.554,5496.328,4021.779,2914.529,1910.988,1638.665,1297.581,1044.465,814.751,670.363,563.095,435.359,355.617,350.772,126.475,221.385,216.639,160.280,121.014
 32.2,11.060,7.372,5.087,610253.818,73099.484,44072.955,27480.757,18468.522,12689.543,8694.488,6350.532,4679.675,3574.685,2854.777,2008.171,1641.720,1285.370,1029.683,848.626,645.206,552.678,501.493,436.279,392.561,240.516,246.590,155.663,246.569
 33.4,3.439,3.517,5.518,727115.723,76686.537,45989.338,30403.702,19826.224,14232.012,9907.233,7059.298,5282.131,4121.157,2870.747,2299.929,1883.650,1653.432,1554.124,1090.036,868.768,738.552,621.976,560.367,402.126,278.047,356.787,252.705,271.429
 34.6,3.325,6.493,6.580,750593.404,80512.927,49584.260,33467.337,22067.420,15237.791,10805.377,7912.014,5787.172,4534.381,3416.686,2979.702,2375.330,1996.184,1563.907,1215.450,1016.581,882.252,733.174,491.421,480.863,445.175,308.152,325.005,220.650
 35.9,13.233,2.868,9.297,685543.981,82274.414,52337.087,34728.676,24524.417,16601.867,12513.271,9330.379,7010.363,5138.648,4540.387,3145.092,2798.606,2311.282,1931.924,1364.012,1330.303,970.555,932.199,745.976,782.662,614.563,441.954,306.137,304.461
 37.2,5.524,15.813,9.779,607217.113,89420.401,56094.374,38263.070,26229.021,19634.605,14068.716,10336.492,8194.286,6350.649,4890.662,4137.939,3283.944,2661.762,2157.437,1933.742,1574.540,1361.123,1096.758,880.711,939.911,664.988,580.937,487.281,419.019
 38.5,5.071,5.081,4.896,489675.901,92206.033,59068.738,41409.877,28235.516,20894.588,15561.949,12383.037,9150.081,7281.788,5864.099,4587.241,3732.870,3213.917,2677.405,2103.042,1834.148,1556.148,1352.037,1226.126,1082.379,860.628,794.832,695.092,457.682
 40.0,17.102,2.052,5.029,378567.673,95911.188,63553.565,44862.970,31521.906,23711.271,17802.316,13370.740,10777.331,8711.052,6811.972,5401.469,4572.838,3896.637,2857.897,2453.671,2227.622,1833.006,1628.370,1250.889,1172.854,1074.160,872.820,854.377,684.255
 41.4,1.862,4.900,4.717,285805.060,103358.989,68687.231,48729.509,35110.874,25596.596,19641.615,16080.974,11911.296,9839.052,7367.066,6756.759,5578.534,4479.439,3860.791,3173.527,2634.079,2214.761,1768.760,1592.217,1454.859,1369.778,960.952,1078.555,908.976
 42.9,10.928,4.748,7.826,202785.883,107001.894,74540.480,51970.228,38984.470,29181.391,22627.530,17612.255,13939.809,11522.976,8823.188,7856.022,6470.510,5477.271,4382.234,3966.374,3305.103,2696.285,2411.512,2109.216,1750.454,1671.013,1327.150,1119.858,1129.322
 44.5,7.246,14.337,7.713,144923.925,116713.813,79368.496,57392.818,42774.068,32233.423,25005.114,20321.103,14813.146,12887.317,10085.703,8495.027,7540.137,6285.509,5251.456,4337.350,3812.704,3445.378,2818.559,2463.352,2245.999,1976.750,1525.581,1637.361,1289.975
 46.1,3.911,2.796,4.319,101736.742,122356.930,85160.449,61252.374,47486.359,36782.320,28840.816,23007.628,18035.154,15269.456,12220.001,10251.787,8300.516,7679.719,6362.997,5742.358,4807.295,4033.713,3304.161,3227.978,2637.454,2685.011,1939.693,1987.854,1710.426
 47.8,3.610,1.100,4.184,78953.725,132096.651,92092.503,69751.708,52574.948,42037.803,32933.969,25988.098,21732.580,17331.669,15038.343,11633.556,10085.838,8935.316,7576.181,6703.048,5431.038,5010.577,4353.269,3841.218,3515.549,3298.370,2865.530,2514.834,2257.960
 49.6,3.128,8.592,6.194,70424.543,142135.727,100895.110,75948.512,58131.666,47612.670,38265.353,30831.381,24575.893,21618.564,17576.320,14602.142,12741.526,10748.292,9381.959,8246.790,7487.319,6598.423,5598.291,5262.099,4602.114,4018.065,3518.430,3432.762,3023.264
 51.4,2.302,8.139,11.617,73478.029,151790.522,112927.145,86741.341,66392.620,53541.243,43180.460,33574.887,29216.586,25101.983,20139.846,18097.145,14006.143,13312.534,11149.354,10132.286,9059.929,7676.619,6924.233,6523.781,5552.023,5329.595,4597.167,3888.540,4071.758
 53.3,14.108,6.359,18.428,74117.465,164131.422,121213.976,93634.282,72880.820,58923.136,49158.729,39623.853,33143.155,28839.750,23833.365,20119.948,17884.600,15079.394,13606.420,12069.241,10095.667,9324.824,8318.587,7343.533,6769.640,5956.144,5497.223,5170.725,4500.312
 55.2,16.661,17.754,4.175,77948.450,181556.425,130670.342,100447.747,82746.164,64672.773,55594.728,44578.169,37178.961,31886.402,26936.788,24046.642,21011.805,18463.149,15956.643,14435.189,12724.446,11001.045,10360.663,9069.438,8228.327,7553.738,7022.597,5894.172,5711.989
 57.3,16.619,12.657,12.769,89428.239,198548.325,144231.753,112797.968,91502.386,74189.805,60207.630,50728.540,43927.865,36689.386,30506.003,27447.244,24119.326,22192.427,19023.244,17482.233,14744.029,13878.485,12016.049,11058.457,9498.990,8965.694,8471.194,7087.236,6794.682
 59.4,15.777,11.359,15.535,128504.288,213279.620,159595.726,123819.946,98862.470,80801.625,68490.311,58185.071,47956.201,42432.615,35670.188,30875.318,27873.085,25163.088,20907.696,19695.260,17284.818,15811.138,14292.345,13325.843,11275.086,10525.706,9963.579,9007.778,8453.931
 61.5,5.330,14.178,11.243,193615.575,231499.078,172198.994,136899.139,110568.442,90390.067,74728.959,62766.219,54303.903,48543.282,38924.571,35944.080,32021.004,28388.302,25061.428,23475.099,20952.981,18368.504,17013.543,15827.227,13934.371,12940.979,11948.798,10662.678,10234.943
 63.8,11.406,4.900,5.512,273914.005,243152.725,185738.433,145803.220,119776.641,101229.967,82116.800,71442.601,61466.631,54006.582,46362.789,41168.262,36867.215,33156.041,29177.845,27009.974,23460.600,21256.684,19750.142,18118.010,16045.630,14705.838,14001.487,13153.394,12115.084
 66.1,12.628,16.063,10.514,357928.274,259351.456,201937.167,161879.172,133112.248,110380.258,91363.495,79424.863,66546.150,60462.258,51593.430,46891.679,42097.386,37239.842,34481.513,29842.382,26265.756,24246.917,22164.954,21153.674,19159.022,17379.299,16473.669,15022.535,13135.369
 68.5,17.412,12.055,11.300,455859.180,280167.531,213624.253,175095.487,146295.234,122801.987,100324.346,87432.082,75718.388,66344.985,59140.015,51618.907,46980.564,42278.127,39279.905,34834.602,30517.380,27416.028,26102.956,23946.152,22008.217,19448.388,19176.726,17677.193,15981.958
 71.0,11.379,15.226,8.172,521999.328,282765.846,217450.672,177048.779,144281.271,123389.213,104187.802,88773.707,76429.710,66701.903,61700.899,53079.040,48003.239,43825.985,40506.332,34626.387,30832.806,27926.264,25349.434,24449.413,21929.401,20332.019,18799.139,16954.743,15966.849
 73.7,23.089,14.682,16.646,569930.982,298375.760,231061.914,180955.887,151595.401,129344.658,104644.379,93483.442,80199.714,70560.464,63346.686,54178.565,50450.718,44257.147,41917.515,35577.608,31925.399,29090.639,27694.206,25361.434,23857.418,21623.583,19328.171,17965.620,16268.584
 76.4,18.853,16.773,3.156,623202.726,316374.604,238161.533,199579.067,161563.308,142772.767,120381.741,103966.303,87848.492,75842.638,69704.469,61491.336,54253.731,50336.753,47338.944,39625.841,37178.422,32715.561,31657.992,27489.440,26262.913,23076.035,21228.039,20457.055,18026.222
 79.1,22.159,0.191,17.624,663127.035,334200.331,262600.682,216867.176,175305.468,151599.904,125126.890,111481.785,95565.766,82825.232,77729.790,65811.671,60952.481,56527.638,51544.969,45135.203,39847.933,36893.001,35019.893,31708.786,29957.740,27852.539,23647.128,22657.639,21142.531
 82.0,22.075,20.923,23.558,702266.141,351550.293,279617.952,232476.049,190376.037,165213.664,140139.030,122521.013,104370.342,92502.362,84355.737,72974.650,66924.179,60556.390,56623.256,48765.970,45105.554,40630.035,37615.873,35022.275,33355.206,30825.691,27500.874,26403.354,23249.178
 85.1,12.015,4.216,26.044,707925.472,373242.239,297246.569,248847.946,202759.519,177840.902,153065.588,129940.810,110516.224,100795.842,90497.484,80055.955,72008.210,67487.546,62658.916,54680.560,48888.861,43661.036,41734.676,37676.676,37372.713,33621.054,30186.318,29005.097,26431.301
 88.2,20.975,1.228,15.582,704516.983,388757.005,315042.054,270416.082,223846.680,192868.678,163326.793,140890.120,122871.695,110889.088,99806.844,91042.248,78916.845,74402.207,68116.834,61514.590,55230.611,50866.006,46061.854,42417.418,42062.106,37047.283,33954.610,31020.906,29476.901
 91.4,11.040,22.923,21.596,710456.664,416586.242,345488.853,283078.042,231055.335,207194.067,180447.016,158317.098,136578.236,121781.636,111023.305,98753.628,87954.100,83736.604,73732.724,67640.543,59171.092,54708.000,50716.165,48931.307,45150.418,40533.192,37402.716,36754.408,32127.269
 94.7,21.391,15.063,11.104,720695.644,447616.704,359879.234,306286.008,249507.669,222345.725,195889.228,171875.266,146329.968,130851.701,118026.385,106122.993,95812.615,90254.459,80564.651,73472.402,65472.390,61755.798,56517.151,51951.822,49714.800,44873.620,41165.740,40377.961,36860.186
 98.2,12.795,21.134,15.056,750364.432,470621.032,381658.883,321797.907,272512.181,239306.104,206870.531,185360.937,161236.793,143047.722,126448.110,115267.114,107437.794,98096.359,90040.534,80408.076,75247.969,69054.887,64552.811,57437.597,54144.900,49446.250,45865.053,43933.774,40326.225
101.8,22.874,14.187,19.906,763496.223,493395.486,407966.343,347081.310,283922.847,250845.807,221595.161,198231.687,170860.272,154746.164,141097.624,123896.944,113021.832,108888.755,98367.689,88023.238,81060.922,76663.675,69865.909,64761.235,59527.442,55633.114,50863.714,48894.820,44442.895
105.5,15.011,18.147,21.299,785541.739,515092.931,417646.206,363676.541,309001.175,273821.551,236156.312,212720.682,186873.204,166584.479,151396.885,134787.445,125848.556,115527.892,104850.426,98861.970,89338.770,82949.840,76257.584,71636.512,65766.476,60906.031,56598.378,53630.100,50465.139
109.4,17.354,15.196,8.308,802866.077,533326.924,437666.674,379616.365,321913.470,287130.575,251361.386,225114.559,199061.795,176789.285,162459.488,146290.993,138204.480,125739.293,115072.700,104278.553,96662.397,89316.600,81880.022,78706.183,72506.261,67120.483,63179.412,59475.515,54144.303
113.4,14.416,13.475,8.253,796173.260,549668.618,463033.386,395644.133,342583.055,299719.490,267369.385,237756.296,209615.052,188760.089,173437.586,158086.287,145473.477,135106.856,124846.129,111880.321,102558.219,97899.919,87614.231,85227.444,77495.097,73553.187,68806.169,63597.759,61311.968
117.6,16.404,25.867,8.333,796355.954,564724.237,475163.106,409437.417,361272.786,319849.614,281650.619,252222.873,226816.232,207607.906,183266.092,164409.371,155984.200,143361.669,128913.759,123341.608,112361.637,106639.132,96342.909,91567.642,83021.786,79095.900,73814.793,69713.593,65441.054
121.9,21.367,13.683,7.271,772698.888,570502.568,490225.901,421412.089,372322.803,332492.639,285265.782,257679.092,237004.147,212318.552,193315.990,175215.705,167104.243,154501.605,141143.963,130965.098,119526.887,112499.304,102342.963,96686.130,90067.105,85265.726,79261.287,74801.798,69415.333
126.3,19.201,17.261,11.410,757593.104,578831.211,500389.453,436449.171,385076.099,343435.593,304343.186,273804.117,248015.083,227169.854,207979.183,187089.749,176097.764,164400.478,149011.107,138565.559,129113.924,120114.468,112200.966,103710.070,96739.963,92806.886,84805.411,80678.646,75806.597
131.0,16.470,13.889,1.295,751712.813,586929.996,506374.676,435889.218,393650.698,351907.238,308672.278,284198.451,257227.725,234901.261,215807.116,192394.039,182685.990,170335.810,156778.979,145156.687,135332.828,127969.597,119350.135,111787.551,101076.994,99131.786,89854.876,85450.428,80407.966
135.8,5.831,9.762,3.645,728975.116,587173.550,504861.161,445930.455,395795.922,354476.367,316276.580,288128.260,264137.194,241593.104,219960.073,203454.207,189283.846,177994.076,166252.810,152867.648,140570.705,134572.546,125150.519,117257.410,108691.221,103420.879,95299.333,91108.654,86955.213
140.7,9.817,18.284,2.612,712769.533,580897.780,497216.449,448419.489,393999.250,356634.317,321701.882,293540.084,266277.454,247254.071,229667.502,207489.592,192372.898,183342.604,172631.260,157945.809,147495.019,139572.320,130944.677,121831.735,113888.429,107620.599,100150.904,96398.431,88836.219
145.9,11.132,13.199,24.881,695022.345,571199.346,497170.854,443530.254,397093.998,359466.270,319522.528,295779.027,270796.739,247717.585,230758.255,211329.256,200827.659,189948.537,178094.110,162166.751,150303.944,143322.201,135106.525,128101.268,117584.306,112652.997,105009.870,98363.870,92506.189
151.2,6.065,10.546,13.169,680540.030,555158.194,482552.895,431825.740,390085.667,353429.179,323956.508,292383.214,272609.613,254597.288,231372.811,213342.327,202382.678,189610.714,180654.657,165058.504,156184.551,145121.581,138796.772,131514.963,120282.781,118272.244,108691.828,103994.109,97403.761
156.8,11.047,8.677,18.267,652345.026,533496.768,470867.979,415234.776,382841.060,351364.847,320369.813,293979.039,270876.256,252839.799,233303.016,210762.364,204370.533,193467.012,180287.087,168232.953,156049.271,149489.668,139658.589,133431.032,124529.033,119173.467,111761.517,106165.060,101167.272
162.5,11.269,14.504,10.483,605645.938,503931.940,452484.095,404648.063,370615.968,337559.013,312618.399,289144.792,269000.021,249892.980,232531.881,214750.750,204392.417,193196.533,179886.337,168167.819,157655.608,149421.893,140365.350,134070.802,124994.115,120086.843,115201.846,106771.565,102790.372
168.5,11.129,16.119,16.501,578421.798,478509.090,428165.723,385696.355,352424.844,330925.637,302500.291,280462.455,259393.021,244057.405,227677.460,209975.184,200706.204,190367.727,177739.591,169262.108,157772.738,147468.877,141995.023,133796.264,125561.472,121202.456,114751.959,109663.339,101844.822
174.7,6.795,4.028,14.220,544380.441,442434.502,399525.721,363664.264,335854.283,310557.954,283995.408,267792.359,251932.542,234655.321,218528.249,203901.063,197663.540,186009.736,175961.465,165578.410,158196.428,148320.257,140127.115,134460.669,127218.707,119907.724,113674.045,109295.419,101863.972
181.1,0.000,13.727,7.056,503988.203,402589.665,369290.153,338584.513,312959.563,294164.172,270424.106,252424.464,238463.614,223706.275,209404.518,197001.507,189667.203,181332.992,170621.389,159584.661,150906.447,144198.679,137632.934,133523.955,125385.721,119768.413,113654.165,107800.690,101743.005
187.7,11.216,12.666,6.750,457795.293,369906.584,337035.343,310748.584,289893.974,273952.301,254289.209,238456.877,224634.581,212753.326,198119.474,188194.921,180034.756,173501.748,165338.418,154180.329,145414.943,140336.352,133445.684,128128.244,121391.862,116379.782,111196.488,106482.969,99724.345
194.6,7.805,22.373,14.366,405789.204,332521.325,305320.466,282991.655,262131.924,251276.389,232147.087,220204.656,208406.755,197129.899,187557.144,176512.155,169730.569,165144.731,157239.477,148517.170,139377.940,134488.694,127097.776,124288.319,117265.858,110870.325,106657.863,102173.139,96720.577
201.7,15.885,13.041,19.486,358413.648,295674.566,271977.058,252278.998,237854.246,227089.441,212707.581,201621.118,194127.556,182841.192,174053.124,161208.241,159058.813,153838.812,145806.674,138967.177,132360.453,127621.385,121130.334,117917.559,112344.902,106850.051,102359.008,99313.739,93029.449
209.1,16.237,2.415,21.559,306883.008,255535.468,236225.029,220716.067,209180.246,201996.522,191233.125,181454.965,175514.353,165865.846,159153.100,148190.490,145783.370,141863.781,137153.897,128338.404,123989.257,119395.998,114260.543,111283.166,104995.132,99724.981,96610.778,92490.701,87522.352
216.7,10.166,14.581,11.163,264565.532,218243.435,204467.644,189648.760,183007.082,174975.521,168931.453,162495.924,156180.719,149572.737,142755.309,134574.662,133673.213,129980.556,125876.586,118638.820,114282.685,110860.316,105233.546,102037.252,97615.125,94935.474,88457.520,87044.142,83010.753
224.7,5.066,4.604,7.615,222458.009,179941.005,172211.383,163671.078,156864.369,152467.602,147333.287,141415.267,136550.956,132913.196,127918.596,120980.727,118648.371,117686.585,110903.659,106895.199,103876.560,100777.277,96760.597,93235.834,89927.459,87226.656,82910.787,80235.482,77013.681
232.9,14.751,8.134,9.326,181793.788,151624.750,142568.541,135759.534,132626.156,130672.762,125986.078,121572.011,118816.456,113952.962,111140.202,105581.439,104144.812,104283.705,99589.672,95664.138,92558.098,89341.957,87587.689,83734.751,81241.858,78296.346,76070.924,73326.878,69377.951
241.4,0.000,8.374,8.723,146794.517,123610.365,116608.831,113074.686,110061.363,109434.807,104956.279,100935.338,99366.924,97587.447,96537.280,91460.641,90930.729,90233.702,86803.988,84378.827,81233.199,81119.616,77679.048,75677.513,73427.699,69504.720,68193.934,65020.860,62784.760
250.3,4.433,1.196,2.642,115604.732,97762.504,91938.502,91648.391,89542.915,88799.808,86335.978,83290.795,83375.146,80973.784,80603.522,76987.990,79123.597,77547.192,75208.205,72739.760,70096.178,69529.367,67267.553,65863.661,64884.535,62175.970,60214.514,58163.782,55748.098
259.5,7.972,0.534,7.900,89931.554,76421.334,72221.847,72454.406,71545.806,71462.697,69570.816,68743.563,69084.091,67746.672,66146.235,63913.354,66135.329,65102.168,65370.253,62600.476,60535.282,60601.914,59116.872,57968.127,56302.035,54451.022,53130.653,50596.634,48497.413
269.0,0.000,8.807,4.775,66233.217,58463.515,55421.978,55672.247,55352.237,55413.272,55919.188,54596.848,56076.670,54558.591,53961.887,52448.852,54321.075,54115.014,52766.397,51610.622,50898.869,50598.452,49139.769,48803.051,47324.242,46296.385,44659.754,43009.184,42446.035
278.8,13.711,0.000,5.954,48707.779,43971.700,41178.213,41039.463,41741.382,42476.431,43449.096,42512.443,43783.402,43181.226,42712.921,41924.918,43618.566,44500.344,43546.185,42729.939,41827.249,42048.175,41441.597,40286.698,38509.223,38354.078,37957.315,36747.881,35738.807
289.0,12.518,1.432,6.768,33966.254,31779.033,30441.879,30762.896,31014.693,31896.024,32967.695,32621.059,33301.957,33318.025,33944.577,33929.799,34300.776,35008.974,35370.491,34526.658,33806.349,34325.943,33896.652,32697.461,32212.694,31938.071,31601.253,30621.707,29751.645
299.6,2.155,0.050,7.180,23571.916,22083.726,21423.348,22205.501,21914.391,23802.029,23948.887,24213.851,24972.189,25454.868,25829.535,24880.591,27119.309,27079.555,26876.630,26685.736,26422.508,27352.902,26783.883,26334.944,25714.271,25689.118,25623.839,24619.791,23853.232
310.6,2.571,10.648,0.433,16291.661,15094.083,14933.077,15757.010,15718.768,16770.367,17169.071,17431.524,18204.088,19624.340,19036.192,19119.480,20068.828,21114.944,20804.604,20436.756,20227.954,20909.493,21800.551,20733.315,20313.412,20375.701,19953.751,19749.673,19616.127
322.0,4.274,2.699,1.990,10733.882,10192.829,10152.095,10867.053,11161.679,11672.537,11954.175,12268.627,12980.765,13956.305,13720.556,14293.506,14449.180,15555.313,15764.790,15595.299,15727.310,16095.779,16424.542,15922.867,15861.114,15516.666,15822.117,15887.981,15491.513
333.8,8.167,8.765,6.662,7134.106,6657.163,6632.820,7152.443,7666.698,7796.885,8250.386,8581.086,8865.071,9554.952,9911.356,10067.937,10474.354,11457.520,11410.308,11676.033,11581.420,11987.382,12152.902,11986.637,11966.360,12110.427,11835.159,11872.310,11630.193
346.0,0.000,4.226,0.000,4611.479,4287.066,4310.057,4844.782,5038.892,5436.167,5388.376,5586.402,6179.879,6537.593,6935.445,6932.386,7362.738,8001.825,8066.790,8350.389,8471.768,8830.712,9045.544,8865.901,8840.357,8763.605,8887.512,8756.298,8921.254
358.7,11.293,5.614,4.517,2977.014,2609.250,2667.146,2953.089,3290.733,3474.608,3584.047,3451.821,4147.971,4303.640,4715.909,4679.310,4993.705,5509.646,5587.922,5787.750,6111.275,6357.471,6422.292,6301.939,6438.688,6272.692,6329.847,6389.504,6252.481
371.8,4.587,16.375,2.294,1938.084,1754.356,1859.354,1751.231,2092.515,2211.314,2338.033,2411.303,2775.433,2792.128,3017.383,3229.088,3498.404,3887.163,3792.561,4105.393,4224.606,4406.490,4790.378,4363.263,4584.914,4380.999,4829.048,4559.083,4535.367
385.4,6.991,13.856,5.879,1208.423,1129.531,1130.584,1227.331,1161.290,1398.009,1434.238,1358.052,1723.541,1861.199,1887.694,2060.830,2338.016,2561.002,2516.002,2736.885,2917.185,2879.208,3013.878,3134.689,3108.565,3172.730,3203.087,3083.865,3279.724
399.5,16.486,0.000,8.707,787.173,803.587,635.512,688.339,761.192,786.726,804.979,1035.607,893.108,1205.431,1171.655,1222.745,1365.680,1685.100,1579.461,1659.984,1803.109,1872.376,2061.428,2077.348,2119.074,2205.542,2208.912,2304.014,2224.101
414.2,2.394,9.575,2.394,590.017,443.644,397.152,448.664,486.863,447.693,524.854,590.653,571.763,717.700,759.079,796.975,962.082,1001.077,1078.389,1104.457,1259.066,1346.524,1413.001,1319.178,1438.408,1372.180,1490.098,1488.456,1538.667
429.4,14.604,2.434,7.302,323.466,296.304,281.462,305.183,292.732,287.472,346.610,311.537,396.628,434.551,453.771,460.079,580.783,600.928,643.103,731.026,800.414,867.001,929.342,827.595,881.453,925.949,1030.496,1038.236,1057.594
445.1,4.951,2.475,0.000,295.385,245.826,201.169,152.786,194.200,173.358,203.124,242.582,230.890,266.847,255.650,240.705,353.378,403.589,398.212,416.956,509.317,491.923,531.868,581.206,614.473,557.388,671.147,661.093,695.101
461.4,2.519,5.038,5.038,197.979,154.904,134.645,140.800,113.922,137.103,135.529,134.173,128.907,169.762,140.408,179.488,229.835,237.805,241.568,264.077,318.776,315.908,316.650,340.800,406.796,366.628,408.187,356.436,475.509
478.3,0.000,7.691,2.563,148.688,106.169,144.486,78.882,79.058,88.571,69.400,69.988,139.094,93.931,87.332,105.407,113.259,130.393,148.461,121.941,190.028,197.805,224.092,216.494,202.490,238.033,238.168,225.531,275.995
495.8,5.188,2.594,0.000,102.802,88.119,75.099,43.770,142.618,61.241,57.972,55.348,70.371,72.534,50.183,94.672,67.265,77.914,68.238,98.650,90.295,96.947,107.347,120.332,124.713,136.604,149.294,161.386,178.795
514.0,2.642,7.925,2.641,69.656,60.706,58.019,38.099,72.879,36.380,30.911,28.266,35.832,30.565,64.784,41.359,53.281,59.761,51.476,85.774,42.122,68.174,74.332,78.505,78.474,80.328,80.604,94.621,114.483
532.8,2.691,2.691,2.691,51.132,61.845,83.287,33.542,26.517,13.236,20.994,28.797,33.896,15.569,35.347,22.484,28.433,19.952,28.843,38.986,32.793,30.868,61.112,63.487,36.104,40.583,58.351,62.079,55.846
552.3,0.000,2.743,0.000,52.112,41.913,45.404,43.324,24.322,24.283,21.396,16.008,8.343,42.315,27.067,8.150,13.418,21.260,16.034,2.649,37.362,31.679,16.360,37.130,39.424,37.227,44.699,31.939,28.859
572.5,0.000,0.000,2.797,59.030,57.852,45.834,30.533,22.043,8.253,27.268,16.321,13.169,13.482,21.198,29.293,21.235,24.386,13.623,21.508,5.346,13.142,18.528,24.152,8.039,15.845,18.476,23.877,18.724
593.5,5.666,0.000,5.666,59.183,42.459,35.529,19.684,13.957,11.147,13.813,8.268,10.980,5.464,24.748,19.047,19.047,16.470,8.281,30.196,25.498,24.371,10.892,13.593,19.004,10.901,5.407,5.446,16.259
615.3,0.000,0.000,0.000,30.870,14.440,33.007,25.821,14.240,22.747,19.730,14.059,22.404,11.149,0.000,22.210,11.105,5.601,11.265,5.583,12.665,16.577,2.778,8.321,2.770,11.122,11.034,11.112,22.120
637.8,0.000,5.901,0.000,21.596,38.322,33.746,17.572,11.628,8.707,12.676,8.611,17.151,11.380,17.124,20.902,5.668,11.435,14.374,14.247,0.000,0.000,5.672,14.157,5.655,5.676,0.000,14.179,0.000
661.2,0.000,0.000,0.000,0.000,0.000,0.000,0.000,0.000,0.000,0.000,0.000,0.000,0.000,0.000,0.000,0.000,0.000,0.000,0.000,0.000,0.000,0.000,0.000,0.000,0.000,0.000,0.000,0.000
685.4,0.000,0.000,0.000,0.000,0.000,0.000,0.000,0.000,0.000,0.000,0.000,0.000,0.000,0.000,0.000,0.000,0.000,0.000,0.000,0.000,0.000,0.000,0.000,0.000,0.000,0.000,0.000,0.000
710.5,0.000,0.000,0.000,0.000,0.000,0.000,0.000,0.000,0.000,0.000,0.000,0.000,0.000,0.000,0.000,0.000,0.000,0.000,0.000,0.000,0.000,0.000,0.000,0.000,0.000,0.000,0.000,0.000
Scan Time (s),155,155,155,155,155,155,155,155,155,155,155,155,155,155,155,155,155,155,155,155,155,155,155,155,155,155,155,155
Retrace Time (s),4,4,4,4,4,4,4,4,4,4,4,4,4,4,4,4,4,4,4,4,4,4,4,4,4,4,4,4
Scan Resolution (Hz),50,50,50,50,50,50,50,50,50,50,50,50,50,50,50,50,50,50,50,50,50,50,50,50,50,50,50,50
Scans Per Sample,1,1,1,1,1,1,1,1,1,1,1,1,1,1,1,1,1,1,1,1,1,1,1,1,1,1,1,1
Sheath Flow (L/min),3.000,3.000,3.000,3.000,3.000,3.000,3.000,3.000,3.000,3.000,3.000,3.000,3.000,3.000,3.000,3.000,3.000,3.000,3.000,3.000,3.000,3.000,3.000,3.000,3.000,3.000,3.000,3.000
Aerosol Flow (L/min),1.23,1.23,1.23,1.23,1.23,1.23,1.24,1.25,1.25,1.26,1.26,1.27,1.27,1.27,1.28,1.28,1.27,1.26,1.27,1.29,1.29,1.28,1.28,1.28,1.28,1.29,1.28,1.28
Bypass Flow (L/min),0.00,0.00,0.00,0.00,0.00,0.00,0.00,0.00,0.00,0.00,0.00,0.00,0.00,0.00,0.00,0.00,0.00,0.00,0.00,0.00,0.00,0.00,0.00,0.00,0.00,0.00,0.00,0.00
Low Voltage (V),10.97,10.97,10.97,10.97,10.97,10.97,10.97,10.97,10.97,10.96,10.96,10.97,10.97,10.97,10.97,10.97,10.97,10.97,10.97,10.97,10.97,10.97,10.97,10.96,10.97,10.97,10.98,10.97
High Voltage (V),9141.67,9141.67,9141.67,9141.67,9141.67,9141.40,9141.12,9139.21,9136.77,9133.82,9130.85,9130.04,9128.69,9127.09,9129.72,9127.31,9127.31,9128.69,9130.58,9127.62,9124.15,9124.15,9126.02,9123.07,9124.95,9126.28,9122.06,9124.45
Lower Size (nm), 16.0, 16.0, 16.0, 16.0, 16.0, 16.0, 16.0, 16.0, 16.0, 16.0, 16.0, 16.0, 16.0, 16.0, 16.0, 16.0, 16.0, 16.0, 16.0, 16.0, 16.0, 16.0, 16.0, 16.0, 16.0, 16.0, 16.0, 16.0
Upper Size (nm),723.4,723.4,723.4,723.4,723.4,723.4,723.4,723.4,723.4,723.4,723.4,723.4,723.4,723.4,723.4,723.4,723.4,723.4,723.4,723.4,723.4,723.4,723.4,723.4,723.4,723.4,723.4,723.4
Density (g/cm³),1.0,1.0,1.0,1.0,1.0,1.0,1.0,1.0,1.0,1.0,1.0,1.0,1.0,1.0,1.0,1.0,1.0,1.0,1.0,1.0,1.0,1.0,1.0,1.0,1.0,1.0,1.0,1.0
td + 0.5 (s),1.52,1.52,1.52,1.52,1.52,1.52,1.52,1.52,1.52,1.52,1.52,1.52,1.52,1.52,1.52,1.52,1.52,1.52,1.52,1.52,1.52,1.52,1.52,1.52,1.52,1.52,1.52,1.52
tf (s),5.87,5.87,5.87,5.87,5.87,5.86,5.85,5.84,5.84,5.82,5.82,5.81,5.81,5.81,5.80,5.80,5.81,5.82,5.81,5.79,5.79,5.80,5.80,5.79,5.80,5.79,5.80,5.79
D50 (nm),642.3,642.3,642.3,642.3,642.0,641.7,639.7,637.0,636.4,633.2,632.3,630.9,629.2,630.3,627.8,627.8,630.9,632.9,629.7,626.1,626.1,628.0,627.5,626.8,628.3,625.5,628.0,626.3
Neutralizer Status,ON,ON,ON,ON,ON,ON,ON,ON,ON,ON,ON,ON,ON,ON,ON,ON,ON,ON,ON,ON,ON,ON,ON,ON,ON,ON,ON,ON
Median (nm),102.256,109.038,100.503,99.028,112.482,118.885,123.162,127.338,130.304,133.257,135.631,138.517,140.578,142.403,144.105,146.228,147.812,149.344,150.928,152.554,153.942,155.227,156.467,157.658,158.517,160.110,160.693,161.534
Mean (nm),144.636,147.868,138.845,104.761,116.395,122.960,127.650,131.863,135.189,138.258,140.756,143.744,145.860,147.923,149.673,151.906,153.734,155.284,156.931,158.664,160.325,161.664,162.754,163.902,165.020,166.484,167.165,168.250
Geo. Mean (nm),109.967,108.238,104.728,88.993,100.948,109.079,114.690,119.440,123.116,126.389,129.091,132.132,134.286,136.434,138.164,140.370,142.139,143.677,145.277,147.010,148.642,149.861,150.982,152.007,153.181,154.553,155.240,156.270
Mode (nm),73.653,117.574,85.053,109.411,135.773,130.975,140.746,145.902,145.902,151.247,145.902,151.247,151.247,156.788,162.531,162.531,156.788,151.247,168.485,174.658,156.788,168.485,174.658,174.658,168.485,162.531,168.485,162.531
Geo. Std. Dev.,2.075,2.233,2.141,1.825,1.785,1.692,1.636,1.601,1.576,1.559,1.545,1.535,1.527,1.519,1.515,1.510,1.507,1.504,1.502,1.498,1.495,1.495,1.493,1.494,1.490,1.489,1.488,1.487
Total Conc. (#/cm³),1.309801e+001,1.286413e+001,1.218882e+001,4.658939e+005,3.020060e+005,2.448960e+005,2.084571e+005,1.805773e+005,1.613866e+005,1.431622e+005,1.296339e+005,1.177333e+005,1.081603e+005,9.962924e+004,9.106460e+004,8.633010e+004,8.168317e+004,7.624147e+004,7.075853e+004,6.605125e+004,6.269218e+004,5.906599e+004,5.614475e+004,5.273703e+004,5.013740e+004,4.722944e+004,4.504037e+004,4.240492e+004
Title,,,,,,,,,,,,,,,,,,,,,,,,,,,,
User Name,VanceLab,VanceLab,VanceLab,VanceLab,VanceLab,VanceLab,VanceLab,VanceLab,VanceLab,VanceLab,VanceLab,VanceLab,VanceLab,VanceLab,VanceLab,VanceLab,VanceLab,VanceLab,VanceLab,VanceLab,VanceLab,VanceLab,VanceLab,VanceLab,VanceLab,VanceLab,VanceLab,VanceLab
Sample ID,,,,,,,,,,,,,,,,,,,,,,,,,,,,
Instrument ID,,,,,,,,,,,,,,,,,,,,,,,,,,,,
Lab ID,,,,,,,,,,,,,,,,,,,,,,,,,,,,
Leak Test and Leakage Rate,,,,,,,,,,,,,,,,,,,,,,,,,,,,
Instrument Errors,Normal Scan,Normal Scan,Normal Scan,Normal Scan,Normal Scan,Normal Scan,Normal Scan,Normal Scan,Normal Scan,Normal Scan,Normal Scan,Normal Scan,Normal Scan,Normal Scan,Normal Scan,Normal Scan,Normal Scan,Normal Scan,Normal Scan,Normal Scan,Normal Scan,Normal Scan,Normal Scan,Normal Scan,Normal Scan,Normal Scan,Normal Scan,Normal Scan
Comment,,,,,,,,,,,,,,,,,,,,,,,,,,,,
