Sample File,C:\Users\vancelab\Desktop\Chamber\Raw data\Chamber_Water_SMPS_FreshSmoke_LRH_20230531_2.S80
Classifier Model,3080
DMA Model,3081
DMA Inner Radius(cm),0.00937
DMA Outer Radius(cm),0.01961
DMA Characteristic Length(cm),0.44369
CPC Model,3788 High Flow
Reference Gas Viscosity (Pa*s),1.83245e-005
Reference Mean Free Path (m),6.73e-008
Reference Gas Temperature (K),296.15
Reference Gas Pressure (kPa),101.3
Channels/Decade,64
Multiple Charge Correction,TRUE
Nanoparticle Aggregate Mobility Analysis,FALSE
Diffusion Correction,TRUE
Gas Density,0.0012
Units,dw/dlogDp
Weight,Number
Sample #,1,2,3,4,5,6,7,8,9,10,11,12,13,14,15,16,17,18,19,20,21,22,23,24,25,26,27,28
Date,05/31/23,05/31/23,05/31/23,05/31/23,05/31/23,05/31/23,05/31/23,05/31/23,05/31/23,05/31/23,05/31/23,05/31/23,05/31/23,05/31/23,05/31/23,05/31/23,05/31/23,05/31/23,05/31/23,05/31/23,05/31/23,05/31/23,05/31/23,05/31/23,05/31/23,05/31/23,05/31/23,05/31/23
Start Time,13:17:00,13:20:00,13:23:00,13:26:00,13:29:00,13:32:00,13:35:00,13:38:00,13:41:00,13:44:00,13:47:00,13:50:00,13:53:00,13:56:00,13:59:00,14:02:00,14:05:00,14:08:00,14:11:00,14:14:00,14:17:00,14:20:00,14:23:00,14:26:00,14:29:00,14:32:00,14:35:00,14:38:00
Diameter Midpoint
 16.3,4365.38,31.1058,0,0,83218.3,27106.3,10893.2,4862.68,2368.42,1277.72,373.27,396.998,186.635,93.3174,124.029,31.1058,86.3342,0,62.2116,31.1058,0,31.1058,24.1226,0,0,31.1058,0,0
 16.8,4247.22,0,0,0,86761.5,29486,13222.1,5341.9,2919.55,1418.88,587.149,432.314,336.66,190.604,175.267,116.845,64.9802,0,0,58.4224,0,0,6.55785,0,0,0,0,0
 17.5,3973.01,7.17024,0,0,94903,32726.1,13745.1,6862.86,2781.62,1495.06,1049.38,754.157,535.542,178.055,227.162,54.998,164.994,27.499,54.998,82.4969,0,7.17024,7.17024,0,0,0,0,0
 18.1,3849.45,19.1563,25.913,0,99471.6,36355.1,15735.9,7767.57,3953.11,2768.79,1417.07,646.433,777.39,259.13,251.909,77.739,129.101,103.652,129.101,25.913,77.739,45.0693,19.1563,25.913,0,25.913,51.826,0
 18.8,3298.57,0,0,0,102324,38018.5,19528.6,8617.23,4709.16,2905.83,1557.65,1080.95,567.899,519.313,413.417,259.656,357.264,162.484,106.766,121.465,48.5861,138.191,24.2931,0,0,0,24.2931,0
 19.5,3064.86,0,0,22.9342,105172,44737.1,19563.8,11468,5794.13,3289.31,2031.74,1452.11,966.458,825.685,467.384,313.989,153.45,176.384,220.695,91.7367,114.671,7.14397,22.9342,8.70089,0,22.9342,45.8683,22.9342
 20.2,3429.69,0,0,309.253,109407,47390.5,22947.2,13012.9,6781.85,4006.45,2925.39,1665.09,1339.4,907.806,665.911,514.218,254.171,230.154,110.699,303.388,86.6822,86.6822,108.353,56.7901,43.3411,21.6705,0,43.3411
 20.9,2905.42,0,20.4948,22994.8,110615,49689.1,26350.4,13183.4,7665.84,4877.69,2933.63,1606.06,1423.2,822.56,675.07,562.098,557.987,166.726,229.004,134.265,187.42,96.9688,84.2482,80.9178,24.3562,48.3767,29.1261,30.8606
 21.7,2639.98,19.2442,0,183504,115799,53700,28713.3,17017.3,9653.09,5456.16,3523.98,2491.83,1720.64,1120.15,751.809,696.425,530.753,295.68,281.628,290.839,229.485,129.947,191.571,77.0325,134.427,37.1955,62.656,62.3767
 22.5,2431.85,0,18.2683,392065,117966,56157.2,30897.8,17156.1,11238.7,6994.95,4679.45,3229.05,1855.01,1759.55,929.755,874.166,510.695,607.948,518.287,486.093,257.345,114.615,108.921,126.355,99.0824,82.1536,68.3536,37.0563
 23.3,2353.58,0,17.3402,555142,123019,63080.3,35206.1,18776.8,12295.6,8718.03,5541.79,4038.61,2662.68,1976.17,1478.42,1213.07,1004.09,873.608,368.427,453.204,224.618,193.893,253.222,69.1631,144.821,134.896,88.4308,64.1754
 24.1,2223.72,16.5769,0,711552,129035,66526.5,38785.2,23101.6,15176.7,9042.67,6609,3798.67,3189.65,2282.76,1798.21,1563.83,1229.47,1046.09,801.277,616.257,338.773,145.652,169.805,226.092,72.3686,181.03,111.061,121.911
 25.0,2156.23,0,0,864681,131756,69743.5,41184,25161.7,17287.1,11149.9,7704.88,5547.24,3610.01,2762.19,2036.57,1623.37,1508.67,847.752,867.933,573.783,449.979,162.097,438.725,419.696,286.151,203.528,195.449,150.272
 25.9,2147.19,0,15.1345,1.06022e+006,134571,75147.5,44857,28165.8,19221.8,12926.4,8471.63,6991.2,4859.83,4073.76,2745.3,2320.79,1798.66,1313.96,1047.68,734.338,799.894,893.349,550.568,587.958,565.302,362.844,292.02,202.912
 26.9,1975.42,14.4499,0,1.41649e+006,139545,80523.8,50171.4,33551.4,22219.7,15510,9869.92,7897.18,6202.68,4978.7,3890.32,2815.18,2216.92,2141.2,1515.75,1259.08,1080.4,1069.42,743.838,537.886,416.943,386.812,302.905,403.384
 27.9,1819.86,0,0,1.63694e+006,146063,84089.3,55334.9,35570,25527.7,17343,12276.2,9809.37,7680.34,5096.71,4481.8,3145.86,2553.48,1910.99,1590.01,1529.36,1660.52,1010.3,933.644,956.654,465.419,541.724,467.781,257.171
 28.9,1883.89,25.5988,12.6548,1.48075e+006,151663,90230.8,58348.4,39598,28975.3,20244.8,13791.1,11787.6,7627.07,6710.53,4990.49,3958.57,3216.59,2805.85,2347.7,1884.44,1744.58,1221.62,1038.53,1074.67,721.495,569.097,564.814,471.341
 30.0,1595.01,24.5988,0,1.16336e+006,155281,97087.9,63138.1,42242.3,30674.7,22852.8,16812.3,13708.6,9554.31,7326.43,5794.35,5464.74,4146.38,3075.54,2358.35,2389.29,2584.76,1617.31,1466.55,1259.73,1338.42,1054.72,954.607,815.033
 31.1,1753.47,11.656,11.642,928532,161360,103229,66544.9,49283,36628.7,25908,19749.3,15880.5,11448.9,8766.34,7717.85,6248.1,5570.41,4173.76,3730.96,2767.63,2408.46,2611,1504.43,1764.56,1429.81,1447.84,1026.23,1050.42
 32.2,1559.06,0,10.2077,676224,171478,108908,75283.5,54186,39925.3,29716.2,22768.8,17838.7,13864.5,11542.4,9284.44,6781.53,6535.75,5036.98,4271.03,3881.45,2995.92,2698.32,2309.67,2394.25,1754.91,1718.44,1442.4,1099.3
 33.4,1360.53,31.2719,9.51964,448105,176738,114602,81135.5,59069,43324.7,32579.7,24748.8,20493.8,16746.8,14141.3,10695.8,9123.21,7817.05,6037.32,5249.31,4507.22,3521.73,3690.1,2953.79,2861.41,2215.17,1907.17,1831.06,1799.32
 34.6,1272.85,0,29.7804,294380,188688,123975,88840.3,65899,46772.8,37529.4,28957.5,23656.8,18515.9,15434.7,13239.7,10640.3,8593.44,7570.02,6654.25,5718.97,4715.38,4105.68,3415.34,3582.06,2654.57,1957.38,1942.77,1878.86
 35.9,1366.19,30.1687,19.4987,186363,196984,134255,95525.7,72640.7,53938.9,43329.1,32931.7,26903.3,22132.6,16933.5,14861.1,11868.8,10996.9,8427.55,7722.83,7165.71,5985.28,5025.02,4395.43,3661.25,3564.8,3342.09,2300.72,2626.27
 37.2,636.159,0,0,126327,211472,144363,104432,81272.9,62135.9,47354.8,37542.7,30174.7,25039.8,20823.8,18113,14776.3,12795.1,10256.6,9550.75,7440.6,6689.59,5362.05,5221.73,4809.15,4084.74,3617.32,3557.56,2747.01
 38.5,637.873,0,0,105592,223683,159595,113943,90374.2,67663.6,52746.7,44015.8,34531.8,28788,24359.6,20423.1,17351.4,14925.6,11856.3,11207.6,10218.6,9291.83,7493.44,7069.84,6480.38,5130.09,4540.15,4261.35,3759.76
 40.0,864.641,16.2832,27.105,130263,238426,165211,126770,96907.7,76029.2,59030,46814.8,40423.8,32705.2,28236.5,23401.6,19697.4,17327.9,15604.3,12461.7,11446.3,10195.4,9247.95,7836.09,6871.12,6340.37,5647.82,5034.85,4753.1
 41.4,653.072,24.167,15.6047,150297,254553,178619,136000,108578,82352.7,66997.3,55619.6,45809.3,38494.1,32640.2,26993,23363.7,20621.5,17791.7,15973.7,13629.1,11871.9,9998.5,9044.05,8754.86,8178.21,6829.99,5621.76,5822.26
 42.9,545.681,16.3462,16.4581,165837,271878,190055,149802,119162,93807.6,76500.2,64243.8,51906.7,43490.9,37098.4,32353.1,27344,24331.2,21143.2,18957.2,16288.6,13862.1,12910.9,11482,10248.4,9507.5,9258.82,7903.81,7090.76
 44.5,811.655,7.81631,7.25304,162925,290486,209267,163006,129235,104176,83536.8,71647.5,59658.6,49866.7,43139.6,35895.9,30997,27156.7,25097.3,22327.9,19833.2,17187.7,14847.9,14077.8,12898.3,11386.8,10418.3,8774.38,8631.5
 46.1,547.837,27.2536,32.3416,184098,307750,221220,176035,142156,115827,96392.5,79692.9,67276,57560,48818,41291.1,36648.7,32953.5,27581,25762.2,22700.5,20400.3,17397.8,15852.2,15644.6,13621.3,11554.1,10749.6,9814.84
 47.8,577.155,55.9649,27.3663,253811,328536,245410,193223,154929,126825,105509,88417.2,76592.6,64551.6,54336,48195,42287.1,36152.9,34061.8,29644.2,25222,23789.7,21975.5,20065.3,17681.1,15689.3,14847.2,12562.2,12130.3
 49.6,688.641,0,53.8821,391536,354072,268008,211728,171245,142151,119730,100872,85314.1,74556.3,64844.2,55620.4,50388,44215.1,39406.4,33995.3,31569.7,28659.7,25846.5,23074,20357.3,19849.2,17539.4,16778.9,14483.1
 51.4,626.182,3.93264,23.9885,531523,381703,286444,229725,187367,156397,131773,112872,96731.9,82822.8,72492.5,64968.5,56261.1,50447.7,46255.8,41105.1,36018,32684.2,30928.1,26942.8,25121.6,22417.3,21473.9,19099.9,17528.5
 53.3,543.334,48.7498,9.70108,655523,405119,314174,252661,207827,172558,146427,124292,109990,96537.5,82425.2,74042.2,64244.4,57157.5,53986.9,46396.9,43469.3,38352.6,34606,30450,29709.8,26655.4,25536.2,22874.4,19884.7
 55.2,159.273,18.7209,4.50625,792854,431042,335622,273557,225632,191033,160734,139120,122284,106583,93057.3,83175.9,73786.6,63255.7,60578.6,52657.9,47477.9,45073.4,41081.3,36173.4,32877.2,30650.8,29123.3,25334.7,23374
 57.3,52.3354,25.9642,0,889150,465030,363548,296374,246770,206821,179820,151779,135541,118964,105479,92984.6,81936.3,72578.5,67389.7,60458.7,55364.5,50095.3,46927,41610.7,37649.6,35385.5,31881.7,29942.1,28012.9
 59.4,75.821,44.4085,37.7404,948184,496808,391373,323179,273059,228849,196525,170153,150081,132560,115348,104734,93316.3,83325.7,77350,69786.8,63254.9,57267.8,52510.9,48709.2,44455.2,41742.8,36465.9,34749.1,32086.9
 61.5,63.7586,19.3949,15.9046,1.00901e+006,528499,422929,347274,290762,247965,212803,184994,166017,145713,129519,118141,104532,93303.5,86758.8,78407.3,73018.3,65360.1,59021.9,54143.6,50734.9,46566.6,41638.3,38436.4,37261.6
 63.8,61.2594,3.50176,5.72447,1.03593e+006,563975,451004,375739,315427,266918,236090,205322,181451,158557,144485,130679,118111,104218,95851.8,86494.4,78380,74627,68517.1,64425.7,58544.8,53928.6,48376.4,45742.2,42001.2
 66.1,20.0139,11.603,23.2294,1.07137e+006,587453,478509,397053,340121,296270,254224,224484,199053,174803,157110,145549,129075,115132,109322,97472.3,90899.5,83267.3,75085.2,71148,65222.9,60422.4,56817.8,51398.4,49315.1
 68.5,30.2365,30.7428,35.3299,1.07704e+006,629558,513487,429148,368372,323331,279177,247950,221970,197911,175689,160183,142655,126467,120914,111572,103932,91987.1,87463.6,79142.4,73453.4,67296.1,63126.3,57866.6,55881
 71.0,50.0197,30.3406,5.63129,1.00305e+006,643656,527578,444286,377558,333122,287864,253789,232883,206020,183618,167379,152867,136987,123439,116349,108014,98139.9,90026,82026.6,77628.9,71620,65725.7,62087,57921.1
 73.7,46.1052,44.0214,39.5712,1.01281e+006,662045,547526,464184,396694,346026,305417,269379,243728,220265,193349,177325,160832,145041,134183,122532,115657,108049,96656,91113.6,83503.9,76159.2,71290.7,65776.3,61420.7
 76.4,26.558,19.2417,29.2554,1.06004e+006,688888,567137,493128,419762,367667,327346,286413,263008,233092,209886,191735,174756,159760,146198,134437,123980,115642,107359,98903.8,91630.1,83822.1,77391.1,73498.3,67114.4
 79.1,42.522,24.0499,47.6835,1.08487e+006,720291,596900,517546,444698,387141,347921,305069,278584,250768,225674,206668,187499,170530,158921,145398,134592,125017,119493,107304,100403,94063,85668.5,80121.1,75202.9
 82.0,30.2308,19.5882,2.95044,1.09344e+006,743942,623840,538339,469117,413711,366688,327168,294883,270188,241518,222340,204622,183433,172984,159119,146199,139027,124906,114612,109337,99718.9,94092.6,88194.1,82865.9
 85.1,11.7647,12.3546,20.5196,1.12363e+006,765794,639557,554415,488392,429812,386935,344596,312549,281390,256001,237654,211906,196342,183769,167399,157861,146608,134467,125418,119044,109622,102257,94950.7,92458.4
 88.2,5.23038,29.1189,23.7056,1.13787e+006,789652,665710,576607,510486,448948,402919,363638,326548,300481,275270,253151,227262,210373,194913,180245,170887,156521,146178,134054,126927,118782,110482,104690,100102
 91.4,26.0214,8.60964,27.9194,1.11973e+006,804351,683333,599423,528606,467616,421506,382264,342290,314817,286549,265369,240722,219070,205588,189887,179308,165994,155537,143947,135068,126583,116035,111723,103457
 94.7,25.7491,61.4083,49.9055,1.09363e+006,822208,696421,611478,547276,484527,438550,391032,359705,328292,301764,278064,251739,234415,219979,202068,188080,178065,164660,152689,142352,130812,124527,120439,111982
 98.2,34.3331,16.0715,27.1896,1.06633e+006,837216,711522,629580,555864,497796,449300,408475,375758,343831,312466,294364,267376,242520,231336,213108,197182,187536,173326,160125,152251,139306,130894,125283,116789
101.8,3.28607,24.5294,33.5214,1.04292e+006,836013,722240,634120,564280,504032,463228,419559,380378,352520,319825,298799,276956,257299,239650,223696,209315,197716,181663,170203,158651,147296,140528,131165,125270
105.5,31.0086,37.2419,33.3036,1.01638e+006,838850,727109,646413,577732,517520,470786,430111,390722,361881,334772,313764,283863,264589,250175,229956,215678,204890,187953,174875,167816,154496,145840,137223,128499
109.4,2.31136,20.9795,11.6998,993442,838108,720239,643936,577291,521660,474754,434009,401975,364581,345255,320800,289699,271214,258156,237263,223843,209216,193663,181794,173280,162232,151757,142525,136700
113.4,16.2561,19.3883,28.3995,1.01183e+006,838349,723923,645475,581618,527934,479167,447079,398231,375032,350440,331384,299586,277514,268304,246463,235073,217557,201228,187672,179368,166040,158349,148330,142510
117.6,36.7307,21.8866,25.2803,1.01255e+006,819749,716955,641491,581386,525648,482063,444147,412573,377663,351812,331240,307222,283550,267674,249266,239380,219389,202693,192240,182214,168435,161133,151612,143887
121.9,24.978,14.1194,10.0477,986220,804494,708017,633665,577381,524944,480963,443470,409820,378257,356731,336408,313202,288583,274734,253621,240149,226984,208110,198543,187547,174003,166745,158851,147106
126.3,22.4658,16.7499,3.5722,963441,778012,692303,626286,571264,518725,474919,444161,408441,383528,356565,334476,311791,287262,277711,258895,243398,230146,214605,201219,189538,179758,170692,160551,151659
131.0,21.3081,22.4956,16.0549,942362,754929,668950,609531,561573,510377,474121,437877,406650,379730,355119,338772,313076,289895,278595,259833,245121,230059,214954,203520,192866,181455,171324,160568,152758
135.8,14.3097,0,22.2414,908072,725967,646036,588564,540830,499605,463311,428362,401497,371145,350594,332586,311947,288733,277098,261027,244690,230434,215311,201627,192453,179742,174244,162638,153606
140.7,42.2879,17.1226,15.6353,867126,690372,623712,568968,517777,483724,451825,419197,392111,368484,343031,328838,308603,286439,272567,263227,243650,230468,213534,201987,195579,180369,174456,162310,155522
145.9,4.41789,17.1805,23.9635,825690,655652,589187,548691,504022,468916,437506,406603,383682,358872,337636,322815,302615,281658,269470,255645,241895,227122,212235,200396,189891,181128,173774,162408,157470
151.2,4.11928,20.6551,12.9205,768029,613972,553618,511937,475543,444604,416622,389354,372852,349022,328753,312180,290649,273110,266010,248029,238886,226195,208715,199128,187579,179257,170230,159393,155256
156.8,8.31712,9.40256,13.9499,717280,569611,518850,482665,448082,417813,396527,371757,353484,333191,316866,301830,282874,267977,256564,243103,231244,217323,205442,194346,185850,175195,168100,158111,151764
162.5,27.4177,3.78524,19.9717,661460,523781,478119,448204,418381,391134,372703,351909,333357,317489,302465,288925,270783,256262,247098,232199,226262,212633,197844,188747,179713,172103,164272,154664,149127
168.5,23.909,21.1435,1.19271,606281,479108,440278,411460,384852,363989,347923,329363,313551,297551,285977,274292,259066,244163,236434,219856,214365,201869,192660,183027,170960,165002,157688,150532,142473
174.7,16.5984,7.05498,14.6193,554367,432574,399044,378586,355784,334527,324911,304362,293287,281076,269195,257018,243008,231067,222705,213456,204232,191475,184642,176472,167108,158798,153275,143491,137593
181.1,24.7055,23.3256,0,487556,387322,357706,337211,321273,306618,295784,280338,268752,258575,249801,242082,226719,218815,209011,198257,192685,183082,174275,166703,158541,151189,142623,137910,131867
187.7,0,0.314007,16.2448,423239,340974,312753,303580,288473,274698,266908,254623,246691,237910,230360,223319,210729,201635,192754,185678,183679,171501,162727,154848,150068,141839,134425,128889,126522
194.6,37.7983,21.668,18.9943,359824,298416,277261,264683,256057,243276,236036,228010,222214,214295,208189,202786,191156,184881,177627,170540,165507,156851,147325,143628,139063,132390,127367,121000,115483
201.7,7.39053,20.6378,10.4894,303559,255705,234956,230499,222115,216525,206899,202076,197928,192119,187169,182937,175076,167991,162565,154850,152601,144065,137771,133056,128051,122284,117949,112809,108166
209.1,8.55663,16.1334,9.7055,250389,216421,205747,197626,193068,186895,184897,177259,174888,169598,166994,163671,157434,151468,147227,141014,140206,132096,125819,121690,117534,112900,106837,103888,100745
216.7,1.12831,7.85358,11.2914,206800,181792,173223,169710,164541,159541,156530,152692,150765,146923,146554,142664,138296,133722,129627,125040,124569,116042,112822,108675,105138,101914,96952.6,91905.9,89882
224.7,11.6149,7.83964,1.48625,162085,147874,142487,140704,136704,135065,134170,130395,129509,128158,127446,124274,120537,116975,113744,108224,109822,103853,100160,97074,94183.7,90862.3,86102.5,83669.3,81043.9
232.9,10.9413,7.82627,1.99054,127062,120019,115128,114506,113223,111877,111249,109875,108886,109288,108187,107370,103863,102252,100267,94384.6,94696.7,92238.1,88487.7,85491.3,83374.4,79403.1,76395,74099.4,71658
241.4,14.3308,5.70123,4.43702,100405,96247.7,94661.7,92096,92151.6,91241.3,93371.7,91168.8,90512.3,91344.7,90960.3,89507.3,87866.6,86914.2,84994.9,81986.2,81596,79000.5,76271,72994.4,72303.6,70275.5,66637.8,65015.1,63175.4
250.3,13.0474,11.7541,0,78438.5,74294.5,72767.3,73574.8,73023.3,73054.6,74879.6,74482.4,73583.7,75854.8,76475.6,76005.5,75543.4,73481.6,70762.7,69454.9,69039.8,66316.3,64055.9,63164.4,62026.8,60735,58064.4,55875.3,55090.5
259.5,6.14326,10.7278,3.66219,60047.8,56855.1,56174.9,56829.5,58012.2,58355.9,59016.6,59471.3,59509.1,61264.5,61778.5,61573,60740.9,61450.2,60128.9,57230.3,58409,56029.2,54016.5,54595.3,51871.5,50467.6,48562.9,48367.8,46913.4
269.0,18.0217,7.91433,7.00709,44214,42927.4,42209.5,43572.7,44378.4,44346,45336.6,46401.3,47385.6,48585.4,48928.7,49459.1,49405.4,48252.2,49196.3,47182.6,47407.4,46960.3,45076.7,44002.7,43687,42522.1,41162.4,39869.3,39064.1
278.8,10.0626,3.93235,0,32682.3,31973.6,31892.2,31683.4,33863.8,34904.9,35593.9,36029.3,35967.2,37537.9,37397.2,39179.9,39660.3,39575.1,39750.4,38940,38080.3,38240.4,36755.1,36146.7,35140.1,34886.2,33785.8,33391.1,32581.4
289.0,2.04826,6.16602,18.4981,24384.8,23885.2,23583.2,23663.2,24309.4,25326,26351.5,26574.4,27402.2,28905.2,29289.2,29445.3,30772.1,31009.4,30901.2,30750.1,31056.6,30021.1,29277.6,29027.9,28945.8,28855.2,27119.9,26833.8,26920.8
299.6,12.3789,0,12.5329,16887.3,17259.6,16623.8,17122.4,17198.8,18535.9,19160.3,20294.9,20846.1,21855.4,22415.6,23022.1,23263.3,23770.1,24359.4,23151.2,24018.4,23143.3,23501.6,23147,22686.4,22977.7,22724.4,22312.3,21301.7
310.6,6.19684,6.33428,2.7107,11938.9,11671.2,11320.8,12239,12711.7,12622.7,14415.4,14794.5,15054.5,16181.4,16191.8,16725.6,17443.2,17863.7,18395.3,17880.3,18442.4,18065.2,18653.1,17484.9,17349.6,17476.8,16827.9,17763.7,17308.8
322.0,4.37231,25.7631,5.95772,8363.88,8474.31,7939.91,8352.08,8502.95,9073.82,9641.49,10364.3,10879,11348.9,12199,12239.5,13143.2,13537.7,13533.2,13178.3,13441.8,13822.8,12975.8,14080.2,13884.6,14255.6,12880.5,13723.7,13416.6
333.8,8.7972,13.1023,6.55114,5437.94,5229.98,5090.34,5445.09,5758.57,6190.75,6787.04,7050.85,7437.05,8111.04,8672.52,8942.99,8840.98,9634.8,10097,9599.61,10641.8,10423.9,10058.1,10661.1,9757.48,10223.6,9645.67,9835.38,9820.58
346.0,0,6.6259,0,3919.7,3348.12,3455.5,3682,3601.38,4137.25,4656.69,4899.14,5091.7,5828.02,5711.82,5938.53,6226.94,6944.13,7191.23,7082.19,7640.3,7264.52,7595.62,7270.75,7378.81,7751.63,7379.47,7539.96,7532.44
358.7,6.74318,6.74318,0,2442.34,2316.28,2378.78,2396.22,2365.82,2527.36,3133.03,3186.41,3144.37,3658.68,3984.65,4368.12,4389.39,4562.17,4953.39,5251.98,5591.61,5277.15,5411.84,5306.61,5599.62,5548,5341.13,5698.49,5220.75
371.8,0,6.86492,3.22514,1703.09,1455.35,1293.31,1502.68,1442.45,1683.33,1989.41,2227.4,2452.46,2662.02,2642.28,2735.53,2888.22,3320.07,3510.57,3309.99,3481.66,3660.47,3835.88,3746.31,3693,3803.33,4009.91,3908.93,4014.57
385.4,0,6.99135,10.6982,1152.95,1089.98,965.877,960.382,915.564,1136.49,1339.3,1379.25,1503.59,1772.85,1711.88,1844.78,1853.82,2350.21,2229.81,2409.82,2561.69,2675.58,2447.41,2869.7,2818.25,2589.39,2866.82,3042.42,2659.71
399.5,4.73595,0,14.1548,656.133,637.903,637.675,592.888,670.873,570.924,974.437,904.744,839.367,837.42,1179.19,1188.31,1377.58,1288.5,1408.59,1571.25,1542.81,1747.59,1543.55,1848.11,1885.82,1795.38,2039.04,2074.29,1895.94
414.2,7.21226,0,0,536.097,433.2,343.583,401.829,420.456,365.293,551.423,420.238,504.86,684.168,728.124,717.331,846.08,919.03,871.297,982.015,1149.97,1171.58,1227.31,1388.58,1316.78,1198.16,1305.42,1308.03,1375.55
429.4,14.7052,0,0,337.636,345.433,213.142,213.67,220.467,177.823,223.354,213.114,361.11,448.342,392.88,457.166,442.516,530.164,625.72,678.16,765.836,660.962,868.772,717.283,774.744,831.565,861.42,978.478,859.42
445.1,0,7.44841,14.8968,232.926,171.644,165.384,134.578,127.548,110.538,162.677,216.929,210.581,274.227,274.315,285.065,372.333,389,372.664,411.345,409.818,440.808,482.101,541.27,546.605,524.084,466.103,522.469,752.269
461.4,0,7.59861,0,159.571,136.731,81.295,68.3875,87.7266,91.1391,106.336,92.3061,79.0052,138.976,183.445,121.578,186.509,171.572,227.476,151.795,243.067,217.208,288.615,434.155,324.318,306.057,426.512,376.385,366.89
478.3,7.75522,0,0,77.1401,64.3787,44.7846,65.7133,66.7157,41.1131,60.2951,38.7761,23.856,137.847,94.9875,62.0417,136.513,147.527,131.685,245.264,182.632,222.743,176.802,198.554,199.145,211.906,282.115,283.628,310.799
495.8,0,0,0,143.347,40.7175,35.59,35.59,24.9926,48.58,27.7275,31.4499,51.3149,59.1774,55.455,62.8997,55.0373,53.1379,92.0324,108.175,114.708,150.298,104.453,119.342,139.207,75.3201,177.114,163.63,169.252
514.0,0,0,0,70.8408,38.7181,38.681,40.1534,22.6568,46.7488,16.0613,8.03067,46.7117,24.092,32.1227,40.1534,16.0613,70.8408,46.7488,86.9021,43.8782,43.8782,86.9021,62.8101,54.7794,38.681,72.276,98.5465,48.184
532.8,0,0,8.1461,84.6328,24.4383,1.49348,16.2922,24.4383,0,32.5844,16.2922,17.7857,8.1461,8.1461,16.2922,16.2922,16.2922,16.2922,27.6101,35.7562,32.5844,38.928,16.2922,24.4383,34.0779,40.7305,61.5032,32.5844
552.3,0,0,0,21.5771,16.5301,8.26507,8.26507,24.7952,0,16.5301,24.7952,8.26507,8.26507,16.5301,0,24.7952,33.0603,48.7547,20.7414,13.3121,8.26507,51.4193,41.3254,33.0603,16.5301,57.0198,16.5301,40.4896
572.5,0,0,0,31.2252,8.45177,0,0,0,0,8.45177,11.3867,16.9035,33.8071,8.45177,19.8385,2.93493,16.9035,0.854615,0.854615,8.45177,8.45177,8.45177,16.9035,8.45177,25.3553,26.2099,28.2902,17.7581
593.5,0,0,0,28.362,25.7408,0,8.58027,8.58027,0,0,5.60071,0,8.58027,8.58027,5.60071,5.60071,8.58027,8.58027,8.58027,8.58027,0,17.1605,0,0,8.58027,8.58027,5.60071,25.7408
615.3,0,0,0,0,0,0,0,0,0,0,0,0,0,0,0,0,0,0,0,0,0,0,0,0,0,0,0,0
637.8,0,0,0,0,0,0,0,0,0,0,0,0,0,0,0,0,0,0,0,0,0,0,0,0,0,0,0,0
661.2,0,0,0,0,0,0,0,0,0,0,0,0,0,0,0,0,0,0,0,0,0,0,0,0,0,0,0,0
685.4,0,0,0,0,0,0,0,0,0,0,0,0,0,0,0,0,0,0,0,0,0,0,0,0,0,0,0,0
710.5,0,0,0,0,0,0,0,0,0,0,0,0,0,0,0,0,0,0,0,0,0,0,0,0,0,0,0,0
Scan Up Time(s),155,155,155,155,155,155,155,155,155,155,155,155,155,155,155,155,155,155,155,155,155,155,155,155,155,155,155,155
Retrace Time(s),10,10,10,10,10,10,10,10,10,10,10,10,10,10,10,10,10,10,10,10,10,10,10,10,10,10,10,10
Down Scan First,FALSE,FALSE,FALSE,FALSE,FALSE,FALSE,FALSE,FALSE,FALSE,FALSE,FALSE,FALSE,FALSE,FALSE,FALSE,FALSE,FALSE,FALSE,FALSE,FALSE,FALSE,FALSE,FALSE,FALSE,FALSE,FALSE,FALSE,FALSE
Scans Per Sample,1,1,1,1,1,1,1,1,1,1,1,1,1,1,1,1,1,1,1,1,1,1,1,1,1,1,1,1
Impactor Type(cm),0.071,0.071,0.071,0.071,0.071,0.071,0.071,0.071,0.071,0.071,0.071,0.071,0.071,0.071,0.071,0.071,0.071,0.071,0.071,0.071,0.071,0.071,0.071,0.071,0.071,0.071,0.071,0.071
Sheath Flow(lpm),3,3,3,3,3,3,3,3,3,3,3,3,3,3,3,3,3,3,3,3,3,3,3,3,3,3,3,3
Aerosol Flow(lpm),1.5,1.5,1.5,1.5,1.5,1.5,1.5,1.5,1.5,1.5,1.5,1.5,1.5,1.5,1.5,1.5,1.5,1.5,1.5,1.5,1.5,1.5,1.5,1.5,1.5,1.5,1.5,1.5
CPC Inlet Flow(lpm),1.5,1.5,1.5,1.5,1.5,1.5,1.5,1.5,1.5,1.5,1.5,1.5,1.5,1.5,1.5,1.5,1.5,1.5,1.5,1.5,1.5,1.5,1.5,1.5,1.5,1.5,1.5,1.5
CPC Sample Flow(lpm),0.3,0.3,0.3,0.3,0.3,0.3,0.3,0.3,0.3,0.3,0.3,0.3,0.3,0.3,0.3,0.3,0.3,0.3,0.3,0.3,0.3,0.3,0.3,0.3,0.3,0.3,0.3,0.3
Low Voltage,14.0228,14.0228,14.0228,14.0228,14.0228,14.0228,14.0228,14.0228,14.0228,14.0228,14.0228,14.0228,14.0228,14.0228,14.0228,14.0228,14.0228,14.0228,14.0228,14.0228,14.0228,14.0228,14.0228,14.0228,14.0228,14.0228,14.0228,14.0228
High Voltage,9507.79,9507.79,9507.79,9507.79,9507.79,9507.79,9507.79,9507.79,9507.79,9507.79,9507.79,9507.79,9507.79,9507.79,9507.79,9507.79,9507.79,9507.79,9507.79,9507.79,9507.79,9507.79,9507.79,9507.79,9507.79,9507.79,9507.79,9507.79
Lower Size(nm),15.9634,15.9634,15.9634,15.9634,15.9634,15.9634,15.9634,15.9634,15.9634,15.9634,15.9634,15.9634,15.9634,15.9634,15.9634,15.9634,15.9634,15.9634,15.9634,15.9634,15.9634,15.9634,15.9634,15.9634,15.9634,15.9634,15.9634,15.9634
Upper Size(nm),723.394,723.394,723.394,723.394,723.394,723.394,723.394,723.394,723.394,723.394,723.394,723.394,723.394,723.394,723.394,723.394,723.394,723.394,723.394,723.394,723.394,723.394,723.394,723.394,723.394,723.394,723.394,723.394
Density(g/cc),1,1,1,1,1,1,1,1,1,1,1,1,1,1,1,1,1,1,1,1,1,1,1,1,1,1,1,1
Title,,,,,,,,,,,,,,,,,,,,,,,,,,,,
Status Flag,Conditioner Temperature Error ,Conditioner Temperature Error ,Conditioner Temperature Error ,Conditioner Temperature Error ,Conditioner Temperature Error ,Conditioner Temperature Error ,Conditioner Temperature Error ,Conditioner Temperature Error ,Conditioner Temperature Error ,Conditioner Temperature Error ,Conditioner Temperature Error ,Conditioner Temperature Error ,Conditioner Temperature Error ,Conditioner Temperature Error ,Conditioner Temperature Error ,Conditioner Temperature Error ,Conditioner Temperature Error ,Conditioner Temperature Error ,Conditioner Temperature Error ,Conditioner Temperature Error ,Conditioner Temperature Error ,Conditioner Temperature Error ,Conditioner Temperature Error ,Conditioner Temperature Error ,Conditioner Temperature Error ,Conditioner Temperature Error ,Conditioner Temperature Error ,Conditioner Temperature Error 
td(s),0.286,0.286,0.286,0.286,0.286,0.286,0.286,0.286,0.286,0.286,0.286,0.286,0.286,0.286,0.286,0.286,0.286,0.286,0.286,0.286,0.286,0.286,0.286,0.286,0.286,0.286,0.286,0.286
tf(s),5.51527,5.51527,5.51527,5.51527,5.51527,5.51527,5.51527,5.51527,5.51527,5.51527,5.51527,5.51527,5.51527,5.51527,5.51527,5.51527,5.51527,5.51527,5.51527,5.51527,5.51527,5.51527,5.51527,5.51527,5.51527,5.51527,5.51527,5.51527
D50(nm),593.091,593.091,593.091,593.091,593.091,593.091,593.091,593.091,593.091,593.091,593.091,593.091,593.091,593.091,593.091,593.091,593.091,593.091,593.091,593.091,593.091,593.091,593.091,593.091,593.091,593.091,593.091,593.091
Median(nm),22.496,78.0304,79.7764,77.144,91.776,97.2708,101.254,104.484,107.272,109.852,112.13,114.091,116.057,118.057,119.643,121.289,122.693,123.816,125.077,126.383,127.043,128.032,129.197,129.914,131.073,131.86,132.445,133.307
Mean(nm),27.0296,107.987,108.195,85.4634,98.3956,104.07,108.29,111.666,114.615,117.424,119.753,121.828,124.049,126.113,127.78,129.452,131.102,132.26,133.416,134.982,135.769,136.825,138.076,138.867,140.051,140.758,141.726,142.483
Geo. Mean(nm),24.5773,80.4672,81.5742,70.57,84.6785,91.4367,96.2366,99.9698,103.133,106.051,108.483,110.547,112.738,114.779,116.46,118.049,119.587,120.779,121.915,123.37,124.149,125.122,126.307,127.049,128.147,128.899,129.77,130.496
Mode(nm),16.2531,94.7464,49.5807,27.8813,105.545,105.545,105.545,113.419,113.419,117.574,113.419,117.574,126.346,121.881,130.975,121.881,130.975,130.975,140.746,130.975,140.746,135.773,130.975,140.746,130.975,140.746,135.773,145.902
Geo. Std. Dev.,1.45403,2.15964,2.09398,1.90288,1.78957,1.70908,1.66252,1.63168,1.61016,1.59428,1.58128,1.57406,1.56698,1.56118,1.55519,1.55251,1.55125,1.54607,1.54349,1.54258,1.54009,1.53949,1.53818,1.53764,1.53705,1.5338,1.53352,1.53268
Total Concentration(#/cm³),1032.88,21.3071,19.8434,767042,484483,396014,341841,300834,268149,243169,221092,203782,188139,174621,163995,151420,140753,133737,124691,118499,111087,103725,97723.1,92785.1,87200,82577.5,78076.4,74414.2
Comment,,,,,,,,,,,,,,,,,,,,,,,,,,,,
