Sample File,C:\Users\vancelab\Desktop\Chamber\Raw data\Chamber_Water_SMPS_FreshSmoke_MRH_20230418.S80
Classifier Model,3080
DMA Model,3081
DMA Inner Radius(cm),0.00937
DMA Outer Radius(cm),0.01961
DMA Characteristic Length(cm),0.44369
CPC Model,3788 High Flow
Reference Gas Viscosity (Pa*s),1.83245e-005
Reference Mean Free Path (m),6.73e-008
Reference Gas Temperature (K),296.15
Reference Gas Pressure (kPa),101.3
Channels/Decade,64
Multiple Charge Correction,TRUE
Nanoparticle Aggregate Mobility Analysis,FALSE
Diffusion Correction,TRUE
Gas Density,0.0012
Units,dw/dlogDp
Weight,Number
Sample #,1,2,3,4,5,6,7,8,9,10,11,12,13,14,15,16,17,18,19,20,21,22,23,24,25,26,27,28,29,30,31,32,33,34,35,36,37,38,39,40,41,42,43,44,45,46,47,48,49,50,51,52,53,54,55,56,57,58,59,60,61,62,63,64,65,66,67,68,69,70,71,72,73,74
Date,04/18/23,04/18/23,04/18/23,04/18/23,04/18/23,04/18/23,04/18/23,04/18/23,04/18/23,04/18/23,04/18/23,04/18/23,04/18/23,04/18/23,04/18/23,04/18/23,04/18/23,04/18/23,04/18/23,04/18/23,04/18/23,04/18/23,04/18/23,04/18/23,04/18/23,04/18/23,04/18/23,04/18/23,04/18/23,04/18/23,04/18/23,04/18/23,04/18/23,04/18/23,04/18/23,04/18/23,04/18/23,04/18/23,04/18/23,04/18/23,04/18/23,04/18/23,04/18/23,04/18/23,04/18/23,04/18/23,04/18/23,04/18/23,04/18/23,04/18/23,04/18/23,04/18/23,04/18/23,04/18/23,04/18/23,04/18/23,04/18/23,04/18/23,04/18/23,04/18/23,04/18/23,04/18/23,04/18/23,04/18/23,04/18/23,04/18/23,04/18/23,04/18/23,04/18/23,04/18/23,04/18/23,04/18/23,04/18/23,04/18/23
Start Time,16:09:00,16:12:00,16:15:01,16:18:00,16:21:01,16:24:00,16:27:01,16:30:00,16:33:00,16:36:00,16:39:00,16:42:00,16:45:00,16:48:00,16:51:00,16:54:00,16:57:00,17:00:00,17:03:00,17:06:00,17:09:00,17:12:00,17:15:00,17:18:00,17:21:00,17:24:00,17:27:00,17:30:00,17:33:00,17:36:00,17:39:00,17:42:00,17:45:00,17:48:00,17:51:00,17:54:00,17:57:00,18:00:00,18:03:00,18:06:00,18:09:00,18:12:00,18:15:00,18:18:00,18:21:00,18:24:00,18:27:00,18:30:00,18:33:00,18:36:00,18:39:00,18:42:00,18:45:00,18:48:00,18:51:00,18:54:00,18:57:00,19:00:00,19:03:00,19:06:00,19:09:00,19:12:00,19:15:00,19:18:00,19:21:00,19:24:00,19:27:00,19:30:00,19:33:00,19:36:00,19:39:00,19:42:00,19:45:00,19:48:00
Diameter Midpoint
 16.3,0,0,9240.99,2351.23,1075.72,247.757,106.199,95.8172,35.4053,35.3845,0,0,0,0,34.9605,0,0,0,0,0,0,0,0,0,0,0,0,0,0,0,0,0,0,0,0,0,0,0,0,0,0,0,0,0,0,0,0,0,0,0,0,0,0,0,0,0,0,0,0,0,0,0,0,0,0,0,0,0,0,0,0,0,0,0
 16.8,0,0,9487.9,3488.07,948.309,452.855,343.166,164.767,155.058,33.0855,0,33.094,0,0,0,33.1026,33.1094,0,0,0,0,0,0,0,33.0923,0,0,0,0,0,0,0,0,0,0,0,0,0,0,0,0,0,0,0,0,0,0,0,0,0,0,0,0,0,0,0,0,0,0,0,0,0,0,0,0,0,0,0,0,0,0,0,0,0
 17.5,0,0,11083.9,3482.73,1240.06,537.229,267.85,258.068,102.911,93.052,62.0712,62.0499,93.1207,62.0347,31.0372,31.0326,31.0387,0,31.0159,0,0,0,31.0143,0,0,0,0,0,31.0296,0,0,0,0,0,0,0,0,0,0,0,0,0,0,0,0,0,31.0067,0,0,0,0,0,0,0,0,0,0,0,0,0,0,0,0,0,0,0,0,0,0,0,0,0,0,0
 18.1,0,0,12373.9,3934.62,1387.65,911.862,436.856,213.041,116.511,9.15117,58.2584,38.273,29.1333,87.3385,87.3918,0,58.2639,29.1183,0,29.1087,0,0,0,0,0,0,0,29.1196,0,0,0,0,0,0,0,0,0,0,0,0,0,0,0,0,0,0,0,0,0,0,0,0,0,0,0,0,0,0,0,0,0,0,0,0,0,0,0,0,0,0,0,0,0,0
 18.8,0,0,12498.8,4051.29,1848.56,922.918,510.032,305.239,280.258,128.349,109.626,100.98,109.641,54.7835,109.631,0,0,0,0,0,0,0,0,0,0,0,0,0,0,0,0,0,0,0,0,0,0,0,0,0,0,0,0,0,0,0,0,0,0,0,0,0,0,0,0,0,0,0,0,0,0,0,0,0,0,0,0,0,0,0,0,0,0,0
 19.5,0,0,13318,4778.96,2035.52,1153.57,546.848,323.863,278.095,154.803,51.6274,25.806,51.634,25.8004,51.6295,103.246,0,0,0,0,25.8115,0,0,0,25.8049,0,0,0,0,25.8103,25.8026,0,0,0,0,0,0,0,0,0,0,0,0,0,0,0,0,0,0,0,0,0,0,0,0,0,0,0,0,0,0,0,0,0,0,0,0,0,0,0,0,0,0,0
 20.2,0,0,14755.8,5096.8,1942.58,1618.88,909.547,397.975,442.383,251.844,174.664,105.9,97.3705,77.2665,24.3406,97.3506,24.3416,24.3316,0,0,0,72.9892,24.3258,0,24.3317,0,0,0,0,0,0,48.6512,0,0,0,0,0,0,0,0,0,0,24.3306,0,0,0,0,0,0,0,0,0,0,0,0,0,0,0,0,0,0,0,0,0,0,0,0,0,0,0,0,0,0,0
 20.9,0,0,15431.1,6034.85,2591.55,1622.68,881.274,600.296,474.572,247.211,167.305,132.927,85.6669,56.0869,81.7432,66.8952,79.9275,15.5397,25.8254,13.7623,0,0,0,18.2357,0,0,0,0,21.4055,0,0,0,21.8523,21.9938,0,0,0,0,0,0,0,0,0,0,0,0,0,0,0,0,0,0,0,0,0,0,0,0,0,0,0,0,0,0,0,0,0,0,0,0,0,0,0,0
 21.7,0,0,16600.2,6502.41,2593.84,1634.22,854.656,818.067,553.15,266.99,188.141,100.931,121.514,13.1919,170.302,38.3286,53.2982,94.5593,22.3835,33.2931,37.2742,57.108,0,0,0,0,0,17.4021,0,0,0,20.1965,0,0,0,21.2707,0,0,0,0,0,0,0,0,0,20.0828,0,21.1319,0,0,0,0,0,0,0,0,0,0,0,0,0,0,21.5387,0,0,0,0,0,0,0,0,0,0,0
 22.5,0,0,18664.1,7784.52,4181.85,2119.55,1356.69,988.976,920.237,385.393,441.448,142.091,354.04,255.244,62.8598,161.355,82.7621,64.2442,125.509,51.77,11.263,32.0414,31.966,13.2028,35.9406,33.6663,14.5451,0,0,0,18.2322,15.8058,0,18.7373,17.5171,0,17.914,0,0,0,0,0,0,39.0939,0,0,0,0,0,0,0,0,0,0,0,0,0,0,0,0,0,0,0,0,0,0,0,0,0,0,0,0,0,0
 23.3,0,0,19807.2,8351.78,4304.28,2336.66,1501.78,1064.57,819.969,588.601,364.833,386.02,328.011,155.342,178.405,109.643,9.28414,117.788,140.068,79.6083,86.6232,44.8404,0,41.2759,10.9667,69.992,15.2205,51.4298,16.0369,35.3844,0,33.6681,14.5955,17.4235,0,0,36.442,0,0,0,17.1365,0,17.6821,3.80981,18.8037,0,0,0,0,18.3272,18.6122,0,0,18.7808,0,0,0,0,0,0,0,0,0,0,0,0,19.2366,0,0,0,0,0,0,0
 24.1,0,0,20065.8,8866.34,4451.51,2788.02,1846.14,1111.97,1093.03,647.518,431.057,442.047,456.413,246.635,208.316,240.548,90.6018,77.3644,145.633,155.264,65.4871,18.6336,144.992,1.35996,6.89741,10.1737,40.8589,24.6889,98.6466,45.4932,0,30.7482,0,15.0476,0,0,13.3804,16.298,33.0596,0,17.5289,15.3378,0,12.7983,17.1102,0,0,0,0,0,0,17.2616,0,0,0,18.1933,17.423,0,0,17.2859,0,0,0,0,16.9968,0,18.1865,0,0,0,16.9006,0,18.0035,0
 25.0,0,0,21786,9867.39,5188.83,3922.81,1975.07,1480.59,1436.72,979.506,833.316,415.352,427.98,476.288,241.867,210.444,145.408,186.059,149.801,111.508,60.9677,93.3516,219.609,21.2439,0,69.8853,18.4725,0.264928,51.1507,22.2124,42.3644,20.3116,0,62.3507,0,13.4693,4.44232,64.0668,0,30.4833,15.1868,0,0,32.7172,32.3309,0,0,0,0,0,25.8432,6.74983,16.3354,16.0962,0,0,9.14917,0,0,0,33.2579,0,16.8659,8.521,0,0,0,16.0018,8.72898,0,0,0,0,0
 25.9,0,0,22857.6,11311.5,5559.15,4225.1,2718.5,2184.61,1675.58,1127.98,869.381,550.302,510.965,687.6,404.2,437.288,266.85,206.624,209.081,163.113,118.442,82.22,113.531,95.3382,54.4455,70.9668,91.6016,88.7436,52.9062,58.9856,19.8894,0,8.31584,6.62524,18.0759,0,16.8786,9.55479,28.4641,0,28.6139,0,0,29.4287,12.4571,12.8477,11.9946,15.6089,0,13.5136,35.2382,38.0661,15.1772,0,14.246,14.3164,21.855,0,14.5224,0,0,15.5612,15.157,6.28184,0,0,0,15.697,6.11336,0,0,0,16.266,0
 26.9,0,0,25239.7,12184.7,7035.35,5101.08,2841,2589.97,1950.79,1421.36,1195.61,1042.64,708.322,521.97,430.885,497.729,445.143,361.712,183.519,185.445,54.854,139.408,170.788,170.434,92.8207,22.0052,90.4312,27.7887,59.4714,42.4484,11.6586,92.7949,66.0847,14.9784,38.3845,37.7659,22.2472,22.7477,21.757,24.4622,26.1076,0,25.8378,9.78619,12.6993,42.6783,26.4535,29.2798,12.4069,11.9241,16.3194,0,0,0,0,0,13.7639,0,0,45.603,0,0,0,13.6857,0,14.8849,0,0,0,14.0293,0,0,0,0
 27.9,0,0,26696.8,14340.2,7537.26,5439.01,4459.59,3114.61,2675.17,1805.36,1347.05,1039.05,844.965,748.12,724.494,510.12,508.177,490.796,203.526,149.728,161.774,131.333,274.616,70.5369,153.953,145.102,101.063,164.201,82.9023,51.1965,47.045,97.3436,42.1818,107.416,12.0644,0,0,45.2661,33.4068,36.8677,20.1024,0,20.1738,23.1915,41.244,0,98.054,0,23.8199,0,10.9067,10.4614,24.6378,10.7301,0,12.6702,0,0,0,0,12.291,10.7617,0,28.3564,0,14.6241,0,0,13.5826,27.7032,0,0,13.2923,0
 28.9,0,0,30612,14028.7,9005.31,7072.51,5090.52,3416.58,2684.93,2249.78,1636.74,1317.4,1152.02,940.203,698.991,741.351,652.093,322.107,425.103,322.043,310.907,323.336,206.774,157.71,224.309,122.74,243.69,168.199,163.068,142.719,181.584,62.1584,89.678,47.8803,67.8927,38.2644,36.9002,54.889,54.7639,0,67.5683,1.94997,10.9796,50.3423,20.4434,17.8351,46.9024,5.10218,21.0426,35.6387,22.5096,24.7082,0,0,39.8523,6.17293,10.3055,0,37.2534,0,0,0,25.6583,0,12.002,0,28.1996,0,13.5688,0,0,0,11.47,0
 30.0,0,0,30907.5,18579.3,10569.2,7719.94,5537.15,4286.84,3659.93,2364.74,1755.51,1539.6,1272.24,1468.26,791.296,943.499,932.982,578.648,562.662,716.701,379.18,402.428,253.409,368.303,300.991,250.02,150.189,135.871,121.933,123.4,152.558,98.1236,86.6474,75.6252,170.71,124.421,30.6407,91.2522,95.1755,0,89.5835,38.0884,67.7055,34.2555,33.2715,78.0455,68.1621,17.9139,3.45269,13.8443,17.4899,33.8204,24.5238,48.3422,0,20.1203,3.2367,21.3908,35.1393,23.2623,0,0,10.4081,0,0,13.7275,24.0802,11.0059,0,13.1209,0,0,0,24.667
 31.1,0,0,34017.3,20199.2,11424.3,9245.67,6533.22,4650.3,3622.31,3132.24,2655.39,1897.79,1326.76,1355.52,1142.44,1127.4,750.585,886.608,753.788,649.183,388.264,504.286,370.224,269.677,287.295,371.289,285.133,280.378,155.529,167.339,192.051,89.3511,175.136,95.3855,58.5689,14.9267,80.8416,88.8193,31.1814,41.9581,33.8148,0,81.0907,12.4468,70.0046,97.931,51.7237,27.2757,48.8647,36.522,41.9359,17.9681,40.8417,2.67029,19.8718,1.11434,18.9887,33.8971,0,5.66483,6.51924,19.1598,0,5.43575,7.9396,17.6791,22.1627,10.4378,8.45688,10.6541,11.518,0,0,28.3444
 32.2,0,0,35416.4,21216.6,12682.4,9673.17,7402.7,6406.39,4433.97,3642.73,2750.06,2450.24,1993.69,1518.45,1481.79,1312.72,1140.19,932.074,929.227,551.04,540.17,514.596,521.557,425.839,285.393,420.757,345.116,436.736,145.944,226.194,125.888,273.385,259.745,97.5506,171.854,82.447,146.749,86.4518,139.935,108.462,59.9983,19.5566,45.4257,10.8605,21.9765,5.56839,28.9202,54.7765,79.1987,83.5264,24.6243,59.798,14.8248,12.9558,84.116,27.216,27.6728,0,17.502,1.04016,15.0791,18.616,31.8501,30.2129,19.6094,33.1082,7.25591,34.9494,18.9444,14.7647,9.54039,16.0372,9.48017,7.02944
 33.4,0,0,37952.7,23209,13701.6,11720.6,7951.07,6895.61,4827.53,4409.37,3542.99,2651.78,2360.22,2362.09,1792.77,1493.73,1538.81,989.39,984.237,1043.45,676.018,687.969,637.231,876.447,438.229,383.03,213.307,341.535,324.268,322.665,235.248,259.946,247.005,99.3532,85.9758,74.1382,114.246,128.302,103.824,151.849,114.907,71.3129,86.2645,26.1103,27.0044,91.5522,62.0062,18.7181,109.378,51.0667,36.9755,18.2494,36.8779,28.0812,29.585,9.99703,41.6308,68.6627,0,45.2622,27.4607,12.9626,3.83492,17.242,30.0436,2.04813,3.76163,6.01661,42.2531,27.1851,0,17.8837,1.97181,44.9595
 34.6,0,0,40518.8,24395.4,15441.1,13383.6,9239.17,7833.82,6698.3,5273.77,4642.33,3549.54,2904.22,2583.21,2261.29,1708.88,1731.77,1495.74,1036.71,1133.6,1076.39,825.469,896.163,783.459,521.906,369.584,647.35,547.357,379.673,300.881,269.017,260.54,268.1,146.102,187.399,190.542,227.158,87.8706,158.395,105.232,32.554,136.657,138.44,128.221,52.0172,92.1292,142.741,55.1166,68.1984,0,38.1795,44.485,39.4751,9.073,41.0119,1.71086,38.5052,89.6864,7.55325,44.3661,9.80641,45.2736,1.8427,38.2234,59.0599,11.0387,1.671,57.1679,74.3905,28.8794,63.7706,14.3128,10.7394,0.989367
 35.9,0,0,44333.6,27020.9,17139.3,13907.3,11225.5,8113.79,7084.65,5625.39,4535.83,4199.03,3332.13,3234.96,2550.98,2692.35,1874.48,1651.25,1441.23,1546.76,1051.06,1174.3,975.895,964.774,862.567,700.841,674.995,714.169,432.671,514.13,403.025,606.32,201.37,294.972,228.992,147.897,211.389,223.889,246.78,179.16,87.9067,93.9934,49.1993,82.226,98.0095,117.73,118.434,90.6857,109.174,89.0656,46.4822,118.677,42.5942,52.2674,74.4485,19.0343,14.7342,3.04494,13.2559,51.59,61.4095,29.9402,19.8275,43.6363,21.7767,20.4501,35.256,57.6922,34.3092,24.7669,0.315354,17.8556,14.7788,28.9822
 37.2,0,0,44592.1,29299.6,18323.8,16296.9,12428.5,10677.3,8211.41,6835.2,6013.01,5048.81,4382.69,4156.02,3215.87,2977.68,2661.48,1818.18,1931.05,1424.42,1757.96,1238.85,1152.14,857.295,1056.14,888.751,737.989,664.687,604.928,715.12,484.569,467.49,300.63,358.644,391.878,515.467,262.865,260.189,164.529,142.662,168.285,118.796,234.607,134.099,156.296,138.298,170.598,33.1281,126.776,116.574,24.9785,89.1301,48.622,68.4743,87.4516,83.983,80.5689,94.8388,75.1729,60.0599,58.2404,38.2222,51.4547,41.1623,60.0799,45.2478,40.3171,33.4332,47.9568,2.10171,0,41.7141,11.3582,13.6982
 38.5,0,4086.65,47315.6,30756.5,20556.1,16584,14447.7,11341.3,8823.77,8128.75,6907.52,5650.97,5316.44,4538.92,3732.55,3534.83,3247.79,2320.46,1771.92,1718.82,1877.2,1606.65,1284.41,1248.04,1126.28,996.368,807.757,952.868,680.688,856.495,656.635,593.129,429.178,575.599,440.112,300.708,313.515,285.751,331.007,242.417,177.133,235.217,185.305,202.63,104.58,147.579,169.9,74.7018,108.71,64.9895,127.677,163.541,98.7959,104.448,68.5256,77.2532,64.2084,78.5325,88.0988,58.938,197.416,21.1871,70.3667,73.0502,15.0176,33.067,8.8998,10.5676,70.8751,58.7155,20.0293,63.1495,0,65.6449
 40.0,0,23796.5,51785.5,33516.7,22504.6,18244.2,15114.2,12923.5,11543.3,9322.99,7611.25,6847.99,5496.01,5300.23,4609.03,4294.94,3847.11,2974.21,2575.42,2366.3,1895.53,1990.28,1682.39,1518.8,1225.42,1042.33,1051.28,908.956,769.412,701.887,847.691,714.63,533.493,371.185,560.957,624.109,335.975,451.091,342.881,227.214,290.976,181.683,310.631,202.734,106.611,315.921,222.838,129.266,187.051,159.549,121.217,142.86,167.16,133.526,153.201,72.8743,122.53,100.543,120.915,91.9548,88.8514,136.243,36.0724,51.3461,58.4725,9.3276,27.4991,76.9447,45.9675,72.1028,2.19375,12.7889,48.2794,17.6512
 41.4,0,35772.2,51672.9,35286.2,25335.9,23057,17313.7,14218.2,12256.2,11175.8,9121.58,7801.42,6675.66,5674.99,5466.96,4658.32,4206.27,3392.88,2927.2,3085.2,2649.89,2246.72,1790.02,1988.93,1708.85,1318.58,1250.54,1254.53,1017.3,981.571,930.203,818.757,655.023,673.751,606.216,585.08,563.859,443.752,463.576,450.582,580.791,336.057,208.606,258.519,186.878,266.975,267.274,258.968,209.192,188.33,161.631,101.579,129.625,102.276,82.646,218.884,89.8755,105.492,163.323,71.5438,24.5853,66.6322,86.5811,32.561,64.712,29.1049,5.42429,35.0488,15.1383,44.26,99.2744,38.5619,85.0914,63.4834
 42.9,0,60859.3,53997.3,39289.8,25379,24622,19782.8,16611.1,13786.5,12486.3,10390.3,8521.44,7886.73,7379.87,6112.35,5456.36,5108.95,4420.55,3507.1,3240.64,3043.39,2692.87,2140.44,2053.05,1892.75,1807.39,1745.69,1724.36,1212.26,1270.73,997.331,919.783,1029.96,460.282,741.062,557.792,605.499,655.239,536.088,505.364,454.292,401.612,328.934,280.737,551.057,445.048,359.094,236.419,241.168,337.507,250.445,184.736,165.586,151.478,138.979,165.76,281.271,158.627,143.174,93.7304,123.035,148.284,72.1661,112.701,69.7151,87.3859,80.3069,67.7353,72.0786,7.00879,31.8458,46.5747,40.0774,66.843
 44.5,0,50517.7,54421.6,38730.7,27870.3,25983.8,22222.8,18514.6,15682.1,14516.8,12243.5,11054.5,9502.92,8145.96,7258.05,5966.69,5196.42,4720.38,4391.19,3867.17,3706.21,2685.46,3051.53,2356.51,2714.99,1897.47,2226.52,1934.63,1522.25,1498.56,1574.84,791.164,923.978,807.088,859.205,867.369,630.357,582.001,607.788,507.255,381.587,536.409,437.12,437.832,487.016,454.818,293.528,252.569,372.13,368.479,242.948,163.564,158.64,210.856,161.831,287.536,158.287,99.0989,177.359,159.784,138.112,170.781,147.932,179.037,119.244,122.023,92.3326,64.2857,102.196,54.4155,33.4585,118.162,59.2104,69.1257
 46.1,0,49327.2,56758.9,41626.2,32137.7,28808.3,24786.4,19849,17991.1,14807.3,14468.8,11874,11179,9297.47,8600.71,7234.46,6786,5091,5158.55,4623.88,4220.11,3682.87,3174.01,3093.78,2809.37,2408.56,2412.08,1872.45,2099.77,1713.16,1368.4,1376.69,1023.92,931.525,974.583,861.604,851.733,823.828,749.156,750.784,693.143,647.121,640.28,558.525,593.021,521.338,461.693,417.827,463.51,363.924,244.534,336.488,333.278,401.604,238.778,220.07,213.826,269.527,147.974,236.494,227.267,123.093,119.414,167.3,120.83,80.7501,102.027,48.6201,135.552,69.2347,54.9624,87.4506,66.9475,14.4223
 47.8,0,49707.3,58606.3,43300,30109.6,29476.9,27218.6,22683.8,20233.5,17288,16116.9,13394.8,12951.5,10741.2,10012.3,7963.64,7520.12,6738.67,5702.55,5378.63,5031.31,4345.21,4017.82,3566.05,3173.17,3200,2627.92,2391.04,2460.7,2117.1,1818.65,1602.87,1427.01,1218.71,1296.25,987.791,1194.09,996.596,882.622,767.409,793.437,668.223,626.779,612.941,631.405,561.61,417.429,543.763,435.354,375.213,432.919,328.99,334.444,242.355,345.854,240.191,215.113,191.913,229.505,276.576,152.149,212.907,158.498,130.187,107.487,186.68,161.866,116.958,117.319,68.3089,109.025,144.261,61.3966,55.4042
 49.6,0,28338.5,60485,46199.6,33208.5,33402.1,29677.4,24961.9,21779.7,20003.7,17869.2,14757,14252.9,13112.9,11570.2,9465.94,8986.9,7329.24,6692.47,6907.75,5381.75,5275.84,4798.42,4151.34,3600.89,3411.12,3425.47,3173.52,2627.81,2639.56,2722.49,1651.31,1977.74,1369.44,1250.64,1284.39,1190.31,1175.39,1001.96,979.142,950.052,893.47,825.877,821.161,708.037,631.647,504.685,690.947,519.522,561.87,531.947,424.991,429.656,480.14,426.559,408.534,339.724,255.19,271.896,350.996,235.865,231.555,165.178,146.09,164.285,225.618,158.574,118.972,109.273,93.3533,89.7508,28.9302,124.691,93.8433
 51.4,0,14459.7,60617.6,47097.4,35317.6,34767.4,31886.9,28766.5,23448.5,22405.3,20047.2,17086.4,16552.9,14375.5,12160.8,11097.7,9939.01,8520.05,8251.78,6299.71,6878.75,5554.36,5130.39,4875.5,4864.47,4227.26,4325.28,3842.32,3314.07,3055.36,2534.94,2734.91,2386.8,1694.96,2089.88,1707.24,1408.82,1443.39,1089.12,1213.88,1078.56,868.955,925.61,864.623,809.717,683.928,780.624,622.936,661.921,729.678,685.459,538.745,465.847,392.634,355.431,301.32,409.086,302.912,307.643,348.9,253.179,219.709,206.742,151.027,279.397,191.171,242.624,132.141,172.804,151.722,161.05,154.58,119.09,67.3008
 53.3,0,27992,60776.8,49737.9,34996.9,36399.9,34910.6,29900.7,26661.9,24060.2,22363.2,18405.4,18123.6,16264.9,14009.8,13052.2,11952.6,10248.6,9271.6,9466.16,7136.91,6932.27,6595.61,5573.37,5380.87,4768.82,4249.4,4229.29,3457.3,3278.38,2935.33,2564.49,2360.61,1926.76,1795.75,1688.22,1660.08,1497.74,1756.77,1449.28,1258.43,1125.72,974.929,1180.29,1037.65,853.181,855.368,966.069,716.203,752.496,745.854,486.055,563.096,539.366,260.921,423.545,368.063,361.998,408.043,319.541,331.347,304.827,276.96,340.341,308.921,282.127,263.219,208.639,156.541,114.832,231.725,188.835,137.141,93.9686
 55.2,0,35823,65231,49410.5,37921.5,39104.2,38063.5,32816.9,28736.9,28766.7,24676.8,21216.5,20527.7,17672.3,15932.3,13434.5,13112.3,11901.7,10509.8,9864.91,8823.53,7729.48,6883.18,6809.65,6157,5729.42,5043.23,4701.72,4379.44,3519.05,3798,3018.94,2706.51,2424.39,2709.01,2105.52,1896.76,1868.08,1718.13,1369.76,1358.1,1455.19,1399.88,1361.51,1104.36,1090.55,800.825,977.192,917.557,786.977,818.095,622.556,585.809,424.402,423,474.782,520.7,344.526,415.95,295.867,365.343,353.006,290.15,392.561,315.884,323.178,338.733,266.153,204.471,175.901,252.821,168.883,199.789,174.097
 57.3,0,49720.4,61266,51764.8,39410.1,41151.5,41379.1,35973.1,33313.4,29965.3,28758.5,23362.4,20736.5,20388.9,18328,14791.7,15918.3,13534.3,11734.1,11455.5,9782.43,9257.17,8599.91,7609.1,7202.74,6361.25,5727.88,5389.49,5029.9,4406.01,3413.96,3674.81,3341.13,2715.65,2499.41,2314.94,2391.94,2288.29,2009.7,1620.2,1578.3,1336.37,1521.17,1382.47,1510.41,1200.32,1286.24,1022.75,1001.19,927.957,842.714,803.84,795.434,620.507,612.129,608.482,629.972,587.726,478.625,407.979,311.17,372.397,370.443,249.412,504.904,346.631,253.604,345.586,321.575,229.967,151.017,259.731,207.401,152.688
 59.4,0,53273.6,61363,54807.5,44533.2,43473.8,42731.1,38436.4,32890.6,32503.1,31093.2,25166.9,24561.3,21794.1,20288.7,17875.4,16845.6,14671,13513.5,12404.7,11270.9,10235,10100.7,7703.19,8260.81,7220.52,6399.44,6502.34,6134.99,5149.3,4341.03,4276.45,3382.49,2956.25,2809.98,2710.13,2597.33,2578.1,2401.4,1732.84,1450.59,2037.68,1519.7,1501.43,1355.55,1190.94,1285.09,1289.86,1085.91,1044.35,1024.29,1012.72,881.561,620.982,806.769,637.386,605.964,591.255,493.687,501.819,606.846,498.298,415.718,451.331,383.347,334.404,379.982,213.304,301.782,243.091,220.124,286.452,355.638,180.979
 61.5,0,48174.5,58931.5,52622.7,39913.7,44799.9,45608.7,40976,36120.6,34284.2,32898.4,29670,27151.6,25070.6,22508.7,19258.9,18557.9,15957.7,15239.8,13148.3,12113.8,11690.1,10601.4,8924.13,8847.51,8765.91,7732.56,6615.79,6418.33,5877.25,5136.6,4266.75,4200.41,3282.94,3563.58,2978.6,2940.87,2675.76,2846.77,2045.55,2147.02,2125.78,1841.92,1654.19,1462.9,1457.27,1531.5,1380.66,1309.85,1176.59,1067.86,1039.98,1002.17,956.909,736.866,786.411,647.951,701.474,513.765,606.562,476.767,489.335,443.412,383.325,362.9,481.874,452.924,396.198,358.662,356.133,258.612,314.199,242.939,236.998
 63.8,0,44697.6,57980,53151.2,45821.8,48917,47514,42304.4,37550.2,37922.7,35126.7,29937.6,30153.3,26966.4,24177.9,21044.7,20096,17925.1,16500.1,15797.4,14435.4,12294,11576.7,10578.1,9825.97,8622.74,8488.05,7696.6,7162.45,6179.35,6154.32,5323.59,4671.1,3936.78,4303.78,3424.25,3518.4,3321.81,3012.01,2542.19,2604.25,2232.46,1976.78,1849.67,2102.74,1842.05,1563.66,1489.87,1436.98,1050.68,1369.01,1275.83,1028.21,1077.09,901.105,830.815,745.241,935.869,618.062,729.756,538.158,584.128,634.59,472.865,414.807,430.618,492.432,452.789,300.537,330.58,270.203,247.734,277.534,323.61
 66.1,0,41060.3,58639.7,53526.2,39312.2,47079.3,51579.5,44622.3,39591.4,41075.4,38525.3,33086,31173.7,29202.6,26523.7,22896.7,21691.6,20935.2,18554.8,17340.1,16216.7,14310.6,13375.6,11619.8,10930.9,9777.67,9059.23,8418.34,7820.43,7496.23,6423.26,5625.32,5139.47,4266.13,4340.74,3818.22,3590.18,3253.39,3452.45,2734.96,2755.1,2483.57,2302.42,2220.49,2129.46,1845.21,1770.82,1812.34,1607.13,1284.2,1449.3,1193.06,1100.6,1069.83,1075.33,977.551,878.538,867.723,729.513,637.462,521.411,640.795,589.754,527.712,443.659,425.614,423.663,464.984,389.073,461.118,340.12,325.435,403.844,315.35
 68.5,0,37364.2,57347.6,52427.3,41109.2,50469.4,53211.3,48225.4,42085,43478.8,40899.3,34777.2,33496.2,32760.1,29958,25636.7,24715.6,22166.1,19584.8,18798.6,17164.8,15838.6,13475.2,13198.6,12086,10762.1,9757.05,10366.3,8416.57,8139.3,7622.22,6358.46,5754.38,4816.6,4994.38,4487.61,3901.29,3645.3,3712.65,3291.94,2737.77,2659.33,2557.99,2312.64,2419.04,2465.44,1810.24,1930.63,1876.47,1777.48,1503.19,1420.86,1274.72,1163.1,1228.04,976.362,936.463,809.341,737.477,861.65,806.551,676.507,878.896,798.712,600.621,603.594,506.356,476.847,560.816,389.995,306.435,290.459,322.943,266.283
 71.0,0,36772.8,53387.5,50054.6,48954.8,48148.4,51621.6,49011.7,43967.8,43796.1,42951.4,37367.5,36246.4,33305.8,30550.8,27124.5,25138.8,23185.4,20997.5,19325.3,18199.2,15962.2,14606.6,13118.9,13115.2,11829.5,10814.1,10492.9,9786.96,8681.39,7541.09,6876.7,6099.04,5069.49,5337.05,4777.72,4132.04,4359.46,3794.26,3390.3,2992.11,2545.33,2965.76,2418.25,2596.4,2213.67,2232.86,2124.56,1765.86,1690.41,1391.48,1447.91,1324.78,1268.27,1088.39,1005.6,1192.2,1061.25,919.985,613.463,819.916,791.007,648.376,680.294,770.849,599.946,695.418,498.484,538.146,525.446,456.43,457.638,343.831,449.735
 73.7,0,39416.1,51254.4,47713.9,36813.5,49243.7,51880.3,48848.1,46724.5,45326.2,43549.4,37762.5,38214.8,34566.3,30451.1,29680.1,27694.2,24189.7,22793,20375.7,19374.3,17470.3,15971.6,13370.4,13047,13800.7,11474.9,10896,9821.52,9137.37,7843.8,7087.58,6217.84,5464.74,5511.84,4968.56,4810.38,4010.14,4492.88,3818.86,3134.43,3425.65,2688.64,2733.99,2519,2341.73,2463.88,2025.43,1875.82,1867.61,1666.72,1626.72,1321.49,1457.36,1232.08,1372.29,1178.74,988.723,1023.17,880.176,992.75,789.595,811.402,737.328,830.623,668.79,658.719,457.061,464.863,491.72,478.045,560.217,349.845,364.093
 76.4,0,35144.2,55580.8,46822.2,39675.6,50537,52642.4,51812.2,46104.2,47416.3,45198.7,40731.1,39246.5,37036.7,35059.5,29301.4,30249.7,26513.2,23223.3,22234.4,21108.1,18865.7,16468.6,15552.3,14886.2,14083.4,12493.8,10891.3,11086.7,9695.26,9495.89,7570.98,6253.36,5708.57,6340.64,5636.37,5454.31,5126.27,4301.22,3682.26,3293.14,3820.88,3176.36,2812.78,3112.74,2595.5,2582.2,2198.96,2446.73,1970.9,1947.27,1864.89,1556.17,1297.92,1805.69,1605.97,1136.36,1209.86,1085.28,996.304,1036.61,841.763,898.963,1026.98,923.582,733.584,655.52,551.246,414.05,589.479,635.098,490.757,424.234,397.284
 79.1,0,35843.7,48295.6,46401.5,39175,49897.4,52041.5,51849.6,48279.4,48408.9,50147.9,42288.3,41656,38045.6,35458.7,32395.4,30769.5,27253.4,25421.7,23816.7,22110.3,19875.2,17872.2,16041.8,16133.4,14567.8,13710.3,13445.5,12372.5,10627.6,9680.83,8301.17,7468.55,7335.39,6173.92,5943.12,5393.76,5225.02,5162.09,3985.49,4092.83,3677.26,3532.1,2905.33,3319.2,3159.94,2543.77,2595.52,2149.72,2039.16,1705.1,2214.55,1872.94,1771.07,1573.47,1382.61,1346.57,1205.25,1337.31,1154.42,1177.88,923.15,1078.67,848.841,798.505,722.88,597.031,737.187,534.88,534.903,560.401,553.251,457.233,534.762
 82.0,0,26611.5,45966.5,50135.5,40558.1,51467.2,54692.7,53133.7,48183.3,50773.5,49851.3,43698,42499.6,40943.8,38103,35100.5,33180.7,30845.4,26670.9,24855.1,24401.8,21828.6,19314.9,18276.7,18345.3,15536.5,14654.2,14231.4,12591.3,11900.4,10273.5,9425.41,7544.28,7331.83,7016.83,6725.84,6068.64,5117.84,5702.99,4311.89,4019.07,3980.97,3711.76,3409.63,3376.05,3364.45,2813.74,2847.67,2726.16,2247.92,2023.84,2127.69,1786.8,1678.31,1603.71,1660.29,1270.41,1307.78,1329.71,1196.15,1002.16,863.984,1003.72,1024.46,906.261,890.943,964.678,715.665,687.419,709.317,773.841,477.107,530.797,686.262
 85.1,0,17798.7,44312.1,42167.1,42546.7,47669.4,53413.1,54052.7,48539,53608.4,51732.6,46382.4,44481.1,43281.4,39716.5,35429.1,34358.6,32667.6,28680.5,25881.3,25112.7,23324.7,19833.9,18421.6,18540.7,17022.4,14901.9,14586.1,12813.4,12488.4,10741.1,9844.09,8999.46,7434.54,7811.27,6918,6239.74,6043.21,5743.6,4855.64,4458.31,4362.48,4335.42,3689.61,3996.54,3179.69,3272.98,3282.05,3075.8,2453.79,2274.45,2256.33,2094.29,2049.98,1718.03,1407.86,1540.57,1658.76,1622.74,1409.45,1397.37,1344.29,898.433,1131.96,945.264,835.228,797.315,757.99,671.436,709.364,727.754,629.747,686.196,465.21
 88.2,0,9688.49,45275.6,44106.6,37532.6,57184.4,52934.1,54619.8,51170.8,53807.5,53400.2,47131.4,49141.5,43731.8,41813.8,37497.9,36498,34276.3,28551.7,28365.3,25503.3,25313.4,22272.3,21403.2,19997.5,18477.6,16796.4,15845.5,14457.3,13455.4,11479.4,10840.6,9862.55,8665.63,7363.21,7970.81,7080.41,6773.74,6081.92,5082.42,5613.1,4248.54,4404.04,4101.26,4117.77,3936.01,3228.93,3324.96,3091.7,2458.13,2666.14,2324.94,2199.92,2060.58,2069.51,1914.69,1743.47,1379,1339.12,1327.77,1366.4,1286.01,1118.04,1017.48,1070.45,814.37,1005.93,868.899,754.449,690.907,765.073,687.719,471.475,621.371
 91.4,0,7614.86,41995.1,42074.1,34994.1,51854.5,55231.6,53976.1,51538.3,54242.4,56396.1,49340.3,47032,46874.8,42344.6,39405.5,37987.6,35442.8,31207,30175,28519.3,25096.3,22463.9,22067.3,19879.5,19039.9,17537.8,17024.8,15231.6,13671.7,12483.6,11686.4,9889.74,9167.33,8096.59,7636.74,7395.63,7128.83,6382.51,5309.29,4862.26,5406.91,4964.37,4164.73,3898.77,4152.12,3411.09,4009.4,3273.08,2808.27,2550.77,2220.97,2411.98,2138.12,2168.58,1804.92,1678.83,1498.35,1564.59,1609.78,1597.57,1202.88,1299.57,1338.97,880.126,1088.34,889.835,814.943,861.221,598.835,671.151,663.49,619.349,617.301
 94.7,0,1731.49,48208.9,41013.8,36378.4,51203.8,55747.6,56361.6,51924.5,57871.3,55209.8,50844.4,48893.3,49752.7,45301.2,39557.4,41138.8,36454,32505.7,30166.2,27856.8,26440.4,24023.8,23012.3,21818.7,19759.1,18217.5,17813.6,15554.3,14972.3,12915,11771.6,10327.5,9203.61,9245.55,7973.85,7700.05,7007.56,6929.81,6031.2,5196.13,5413.07,5074.19,4372.45,4551.67,4288.17,3937.46,3793.42,3691.74,3358.18,3010,2663.38,2357.88,2213.99,2210.46,2034.41,1894.53,1721.2,1800.06,1506.44,1624.35,1297.55,1288.58,1350.96,1231.56,1152.32,920.474,1034.47,957.27,743.967,1084.11,661.125,629.366,664.687
 98.2,0,4784.61,41441.8,43673,36635.8,51223.7,54724.7,59268,51515.8,53263.8,57375.7,51019.1,50372.3,49039.5,47312,40451.1,41793,39091.4,33330.8,31604,30877.7,30450.4,23932.5,24070.2,22315.9,21029.7,19461.3,19175,18227.4,15922.2,13744.4,12276.3,10834,9780.66,9782.54,9173.43,8475.59,8019.14,7546.69,6194.12,5857.08,5558.11,5599.23,4502.12,4636.33,4469.26,3784.54,3995.64,3537.35,3337.21,3040.59,2721.58,2622.34,2399.81,2531.75,2447.06,2028.62,2000.36,1720.57,1530.68,1575.01,1498.8,1439.7,1387.46,1373,1119.51,1105.61,961.837,952.118,866.953,1130.87,756.446,758.925,731.936
101.8,0,12233.8,41987.7,42535.4,37331.3,45945,53868.5,56361.6,52092.5,55503.7,58542.5,52315.1,51023.7,50197.6,46388.1,43949.2,42353.3,40433.7,33929.3,33495.1,31069.4,29094.3,26815,25182.4,23833.8,21576.5,20434.9,19923.5,18525,16944,14146.9,12840.9,11159.3,9914.33,9811.44,9239.31,8704.73,8166.46,7453.64,6657.03,5371.78,5970.15,5709.77,5308.67,5174.41,4521.02,4663,4241.61,3874.86,3444.38,3512.57,3238.78,2889.2,2784.21,2490.94,2291.72,2324.13,2278.33,1791.7,1508.11,1782.65,1596.03,1448.05,1477.22,1588.7,1066.03,1095.26,975.926,1002.31,833.046,802.532,830.777,704.747,848.433
105.5,0,11727.5,45931,49110.9,37451.2,50155.1,56705.1,57106.8,53748,60649.5,59424.6,52179.1,50730.9,52265.1,47697.6,43540.4,44026,40386.2,36142.9,33084.2,31523,31008.2,28325,26068.9,24594.6,23380,21484,20197.3,18793.4,17489.6,14821.2,13327.6,11740.9,10779,10217.3,9579.68,9082.51,8640.83,8164.02,7349.7,6152.09,6186.29,5512.48,5603.06,5228.94,4589.04,4395.3,4475.5,3939.61,3416.74,3437.9,3228.92,2833.3,2498.86,2483.02,2559.63,1963.01,2273.97,1850.1,1750.51,1927.5,1758.62,1514.78,1387.34,1310.7,1318.67,1126.64,1195.32,944.17,897.617,888.712,1011.97,846.202,950.063
109.4,0,16232.4,42666.7,45007.8,35010.8,50103.5,55853.6,56153.1,53640.2,57403.5,59102.3,53143.2,52207,52488.9,49343.7,43731.9,44506.8,44209.6,36194.4,34686,33161.6,30029.3,29106.2,28612,25204.1,22967.8,21762.2,21232.3,19642,17834.1,14930.5,13849.6,12231.3,11393.1,10767.1,9701.15,9898.97,8783.77,8193.57,7090.03,6764.77,6247.33,6213.02,5683.87,5620.24,5216.21,4472.55,4847.51,4090.09,3364.87,3600.7,3288.41,3036.77,2416.39,2833.18,2390.13,2126.66,1929.3,2251.5,1941.6,1850.33,1817.04,1559.72,1545.68,1347.74,1224.44,1245.18,1189.03,1085.28,816.007,1102.36,935.178,831.919,907.235
113.4,0,21128.2,42031,49691.1,38203.2,51120.3,56571.4,55732.3,52185.3,57761.5,62587.9,53360.9,53569.6,52318.5,48235.5,45378.2,44342.5,42849.3,37532.2,35516.7,34445,31600.6,29625.2,27209.8,27097.9,23938,22169.1,21878.3,20241,18437.7,15362.9,14910.4,12495.5,11874.4,10558,10294.7,9321.61,8536.27,9354.82,7442.18,6779.92,7017.89,5937.11,5670.71,5555.29,5481.52,4945.05,4955.82,4211.81,3657.46,3520.69,3445.85,3030.1,3084.32,2584.13,2343.79,2381.16,2209.3,2362.07,1558,1666.38,1905.42,1692.31,1311.97,1402.43,1186.47,1306.11,1132.82,1029.04,970.984,1039.45,921.835,882.593,948.232
117.6,0,22846.5,42337.4,45785.9,39840.9,50230.1,55868.2,56793.1,53490.1,60169.3,59721.3,54142.1,51744.1,52480.1,51205.2,44538,44369.1,42703.3,38964.3,35172.9,34879.9,32392.5,29968.4,28325.3,25293.9,24665.1,22507.5,21980.1,19940.7,18759.7,16036.2,14722.8,13890.3,11137.1,11065.2,10234.5,10399.3,9488.94,8405.27,7668.97,6239.16,6789.46,5901.09,5817.45,5876.38,5337.52,5060.76,4592.97,4445.44,4065.58,3853.15,3266.94,3009.71,2911.19,2678.75,2754.1,2287.47,2347.91,1977.32,1845.87,1902.85,1652.09,1769.78,1642.6,1602.69,1416.34,1266.7,1230.28,1217.16,948,1065.87,971.179,910.349,860.019
121.9,0,25731.8,43494.1,45416.5,36026.8,49305.3,54817.5,56120.6,52299.5,56478,59051.4,55691.1,53138.4,52954.4,50412.7,45931.1,44281.8,42954.7,37448.5,35543.3,35580.7,32704.3,30925.7,28354,26231.1,26878.4,22637.7,19799.4,20859.6,18359.4,16200,14835.7,13150.3,11406.6,10947.4,10612.8,10312.6,9461.75,9174.05,7907.41,6860.51,6841.81,6336.85,6089.2,5684.24,5581.57,5194.65,4887.48,4537.59,4039.25,3563.62,3452.39,3067,3005.21,2713.55,2263.05,2664.06,2498.61,2200.48,1855.67,1908.12,1858.13,1914.55,1778.23,1613.99,1384.81,1238.57,1223.44,1039.95,995.097,1150.91,1063,930.327,820.164
126.3,0,28994.1,43452,46688.5,39787.2,51419.3,54940,55625,52905,50833.2,57455.5,54139.5,54516.3,52963.3,49663.2,45348.1,45861.2,42560.2,38730.7,36964,35318.6,31958.5,31776.9,28963.8,25391.8,25638,23134.2,22128.4,20515.5,18952.4,16155.2,14654.8,13318.7,12035.1,11812.1,11114.2,10384.2,9624.83,8680.76,7621.82,7152.25,6835.89,6308.49,6006.06,5882.85,5374.93,5159.97,4916.1,4521.54,4197.83,3754.18,3515.74,3356.33,3095.03,2780.17,2771.05,2406.86,2283.28,2065.08,1799.08,1767.18,1966.18,1818.59,1634.02,1645.62,1495.09,1274.78,1341.12,1098.35,1009.17,1099.2,1110.55,757.647,921.398
131.0,0,30391.9,41963.5,45488.1,37030,47749.9,56503.4,52612.3,49183,57572.2,57114.7,52414.1,53272.5,52709.9,50066.4,44395.2,46694.6,41670.1,38741.1,36143.9,34994,32366.1,30818.5,28350.1,26745.7,24670.9,23554.4,22260.5,20405.5,18878,16170.8,14488.1,12987.2,11715.8,11761,10721.1,10160.4,9296.7,8958.17,8223.13,6827.44,7187.9,6195.77,5730.69,5680.7,5420.13,5143.98,5057.06,4745.81,4106.87,3664.56,3814.91,3302.65,2834.99,2907.8,2419.58,2247.85,2633.12,1962.62,1994.83,1958.12,1655.13,1918.14,1696.3,1364.59,1568.05,1254.87,1152.51,1139.44,990.728,1198.91,973.459,1039.92,804.437
135.8,0,33278.5,43172.9,46124.8,39825.3,47010.3,54138.8,54426.3,51902,49850.3,55091.3,51712.2,50678.9,50687.7,50076.4,44343.6,44779.8,41780.4,37479.9,35393.2,33990.8,32117.8,30216.1,27418.7,26194.4,24422.6,23122.4,21896.5,21389.1,17850.4,16257.9,14941.8,13251.6,11734.7,10963.9,10810.3,10507.5,8771.61,8851.23,7600.44,6769.31,7397.75,6125.63,6139.06,5835.57,5410.85,5119.5,4021.2,4437.82,4143.73,3562.47,3625.53,3079.74,2980.79,2779.35,2830.77,2415.49,2380.08,2154.04,1932.95,1718.17,1937.54,1850.26,1496.26,1548.97,1514.67,1369.57,1390.61,1251.78,988.827,1014.21,1136.53,951.248,814.946
140.7,0,33614.6,42670.2,44854.6,36212.8,45741.8,51873.1,53538.2,49271.8,52275.7,54016.7,50492.9,48848.3,49063,47763,43622.4,42909.8,41575.6,37178.4,34236.4,33741.3,33101.6,29844.8,27258.6,25643.5,24221.7,22903.7,21782,20048.1,18698.5,16116.4,14677.5,12945.1,11862.9,11023.7,11102.2,10042.4,9087.39,9054.46,7581.5,6710.85,6740.36,6310.48,5741.7,5783.81,5251.2,5156.51,4959.61,4394.66,3871.17,3748.68,3809.7,3389.25,2918.59,2952.5,2648.41,2504.43,2205.14,2097.67,1919.06,2000.62,1938.24,1872.06,1542.93,1425.8,1409.05,1408.5,1143.6,1159.84,990.087,1091.61,1012.01,847.897,890.225
145.9,0,37274.4,41727.5,42747,37121.6,44653.5,48638.9,49604.9,50519.9,50198.5,51779.4,48873.3,46783.4,47846.2,45676,43097.6,37190.6,39340.9,36584.8,34297.1,32660.5,30801.1,30764.2,26964.6,24883.3,24280.1,22040.3,21223.9,19698.5,18542.8,15556.3,13773.7,12993,10993,10506.9,10359.8,10004.4,9553.47,8680.51,7528.85,6765.01,6417.03,6211.39,6055.52,5378.9,5318.41,4991.43,4587.49,4466.65,3953.74,3559.42,3524.41,2912.72,3004.86,2697.18,2501.34,2307.77,2340.55,2044.81,2094.2,1906.01,1779.41,1665.61,1490.32,1382.93,1314.22,1259.95,1218.66,1231.43,1062.28,763.871,975.014,695.395,739.897
151.2,0,34115.6,40864.5,41449.7,35493.2,41869.4,48126.6,47444.6,46353.4,49435.3,49341.7,46458.4,44929.4,45934.4,44133,40342.1,40417,37877.5,34866.9,32921.2,31619.5,29594,28268.3,25708.2,24277.1,23110.5,21354.9,20129.4,18760.4,16950.2,15244,14032.7,12374.2,11000.9,9759.64,10703.7,9373.59,8721.86,8042.02,7161.49,6863.18,6265.78,5732.55,5551.02,5517.08,5462.81,4886.99,4179.45,4037.17,3576.4,3526.63,3024.47,2823.72,2523.31,2529.21,2637.34,2371.43,2469.73,2184.45,2015.23,1803.45,1741.78,1609.28,1503.72,1309.47,1252.23,1219.08,1076.01,1031.58,867.527,846.718,1021.56,784.645,837.613
156.8,0,33259.7,37674.2,39179.4,34124.1,39283,44074.8,45090.1,44519.5,46651,46578.3,44592.4,42992.9,43664.7,44256.9,38007.5,37040.4,36011.6,33413.9,31065.2,30469.4,28857.6,26886.7,25942.7,23176.1,21911.1,19984.1,19247.7,17896.6,16553.9,13914.7,13136.7,12128.9,10907.2,10600.4,9618.17,8842.89,8550.89,7986.97,6738.28,6398.68,6037.96,5863.14,5058.24,5173.62,4869.79,4266.8,4323.61,3793.76,3480.9,3309.89,3288.29,2933.99,2560.29,2863.39,2235.67,2063.67,2177.79,2072.62,2005.09,1823.61,1658.16,1485.36,1377.29,1394.76,1276.47,1123.18,1064.91,1098.91,997.834,1030.49,881.21,680.536,733.335
162.5,0,34226.9,35298.7,39322.5,31716.7,37183,42245.8,42799.5,40525.8,42339.1,44702.6,41211.3,40401.8,40101.5,37423.8,36469.6,35592.5,34337.8,30519.7,30444.6,27800.1,27152.6,25067.1,22628.4,22086.6,20968.8,19670.4,18048.3,16287.3,16184.1,13678.6,12583.8,10900.3,9910.03,9393.25,8798.43,8906.43,7803.74,7863.56,6742.99,6060.49,6019.88,5184.72,4993.23,5128.62,4968.46,4474.23,4136.51,3705.23,3270.34,3243.53,3068.47,2836.74,2630.76,2450,2396.67,2156.56,2047.72,1813.7,1706.02,1526.08,1559.2,1691.06,1499.32,1278.83,1238.15,1088.19,1008.77,1044.05,966.953,910.653,805.443,794.327,595.424
168.5,0,29924.3,32101.7,34088,31870.8,34360.7,39474.5,39260.7,37266.9,39642.8,40527.4,40002.9,38156.6,38045.3,36925,33063.1,32912.8,30832.8,29238.9,27210.3,25960.3,25755,23430.8,21551.7,21234.2,19338.2,18844.7,17113.7,15906,14449.9,12695.9,11933.7,10642.4,9542.78,9107.64,8754.38,8048.75,7357.43,7091.22,6267.34,5447.09,5813.89,5025.38,4854,4860.57,4181.86,4448.82,3628.25,3662.09,3109.29,2761.29,3029.27,2393.47,2196.81,2209.54,2401.47,1923.1,2086.47,1856.23,1936.52,1535.06,1415.75,1308.79,1073.3,1153.43,1140.95,1006.32,971.062,892.022,921.924,722.979,792.758,845.196,737.04
174.7,0,28342.9,30922.2,30840.5,27424.9,32002.8,35762.8,36242.2,35571.6,34840.1,36982.7,37426.2,35269.4,34783.3,34913.8,30662.4,30290,28955.8,26751.3,25966.9,24208.4,22564.8,22023.3,19649,19584.6,17636.1,17004.5,15675.6,15002.3,13514.5,11814.7,10582.4,10198.1,8979.97,8804.25,8195.71,7551.81,6803.85,6723.88,5852.86,5214.31,4949.27,4867.56,4279.01,4408.23,3931.31,3829.11,3424.16,3453.67,3251.29,2741.84,2503.04,2619.31,2172.32,1994.69,2157.54,1776,1862.31,1550.86,1693.38,1547.78,1293.22,1230.58,1256.28,1149.1,1019.95,956.792,988.225,1059.79,757.917,697.658,782.341,657.786,591.305
181.1,0,25683.7,27148.2,28624.3,27675,29931.7,32445.8,32529.7,31301.5,33003.8,32948.4,32804.2,32074.3,31112.2,29799.2,28612.2,27281.8,26658.7,24740.8,23117.7,22246.5,21162.1,19888.9,18312.1,17472.7,16639.5,15704.3,14075.6,13462,11745.2,10939.7,9614.15,8391.09,8220.98,7868.8,7548.83,6368.93,6403.68,6205.84,5129.73,4777.92,4724.41,4466,3923.15,3680.65,3680.62,3353.72,3096.75,3096.36,2615.58,2364.98,2208.56,2232.3,2050.52,2153.37,1742.25,1674.73,1712.13,1627.75,1399.54,1273.67,1396.91,1148.24,1073.41,999.282,1009.37,852.488,847.361,784.28,827.986,711.132,706.949,517.221,604.018
187.7,0,23447.1,23014.3,25498.4,23087,25626.5,29557.1,28387,28500.3,29161.4,30102.6,29406.2,28168.8,28170.4,27751.6,25044.7,25091.3,23698.2,22067.1,20537.6,20722.7,19261.7,17644.2,16115.4,15964,14621.2,13701.8,13717.5,12236,11595.1,9719.06,8955.26,7970.55,7194.78,7431.39,6523.57,6042.75,5957.64,5153.46,4812.24,4062.3,4180.03,4065.19,3540.94,3717.68,3649.07,2981.89,2721.62,2792.26,2397.56,2443.82,2281.67,2018.95,1613.41,1759.59,1701.13,1383.78,1585.62,1384.31,1197.33,1095.93,1068.13,980.603,1088.7,914.313,821.437,742.668,762.241,801.467,526.703,575.044,592.137,527.014,446.583
194.6,0,20118.6,19618.6,22256.2,19770.4,21903,24975.2,25340.5,24274.9,25881.8,25974.6,25174.4,24151,24207.4,24721.2,21662.8,21498.4,20966.4,19510.1,18124.4,17208.2,17165.4,15820.7,14671.1,13841.2,13115.1,11983.8,11536.7,10839.6,10158.6,8761.82,8416.7,7078.4,6676.86,6439.2,5926.64,5389.14,5039.87,5018.36,4418.09,3919.23,4078.48,3460.58,3055.68,3255.96,2920.53,2705.79,2597.63,2452.56,2308.48,1757.06,1976.31,1635.01,1531.12,1522,1486.21,1204.44,1359.68,1245.05,992.196,1098.31,899.311,886.706,835.826,886.167,719.92,656.044,687.285,637.95,588.817,676.327,425.565,537.263,428.99
201.7,0,17887.6,18885.6,19568,17115,19943.2,21752.6,23103.7,21918.1,22312.6,22732.3,22010.2,21923.7,22627.6,20458.9,19976.3,19192.9,18359,16646.1,15742.3,14982.7,15822.3,14529.2,12857.8,12426.5,11554.3,10567.9,10218.1,9540.47,8989.65,7391.09,7072.34,6059.53,5690.13,5611.57,5456.11,4662.32,4364.13,4270.77,3583.93,3115.8,3173.3,3271.01,2815.95,2773.56,2568.42,2618.8,2153.81,2087.59,1996.19,2007.31,1797.23,1503.01,1313.74,1301.54,1383.13,1200.86,1029.07,1119.04,1036.61,908.22,834.961,849.604,812.234,748.667,644.497,659.993,663.684,551.673,560.827,495.771,490.962,361.717,405.361
209.1,0,14655.5,15743.2,16036,14877.1,16502.4,19099.2,18362.4,19128.1,18925,20616.7,19366.7,18614.1,17847.6,17398.6,17842.9,16256.5,15801.7,15114.8,13687.1,13075.6,13075,12188.9,11217.8,11128.9,10142.8,8707.96,8834.82,8646.85,7839.14,6316.47,6076.89,5343.8,4910.88,4447.18,4481.45,4090.62,3763.45,3893.72,2800.99,2820.09,2967.78,2860.06,2372.21,2032.32,2208.71,2055.05,1813.63,1782.22,1591.18,1467.77,1410.16,1418.28,1206.93,1108.12,1091.19,1019.78,1013.35,834.449,899.114,766.854,763.713,759.073,691.132,665.027,606.572,427.822,563.23,454.017,422.053,401.209,438.858,228.918,414.063
216.7,0,11881.7,13454.1,13317.6,12448.9,13527.5,15733.5,15546.5,15810.8,16068.3,16631.8,16205.6,15112.3,15769,13745,14440.9,14015.3,13071.4,12099.7,11651.9,10900.6,11207.9,10210.1,9201.46,8839.05,8142.36,7765.46,6857.73,7014.5,6821.76,5541.84,5105.07,4754.05,4144,4293.69,3828.21,3616.81,3292.17,3080.18,2597.72,2459.75,2338.51,2359.36,2105.44,2137.27,1924.5,1771.84,1654.9,1654.53,1466.04,1240.7,1115.83,1128.4,1074.14,1039.21,939.088,806.433,816.872,843.788,703.956,540.257,714.027,547.863,612.305,511.629,482.423,475.298,474.814,364.856,435.64,381.877,270.108,294.066,269.08
224.7,0,9667.09,10102.4,11056.4,9861.12,11286.4,12707,12704.9,12782,13527,13169.9,13413.2,12816.3,13530.6,12831.2,12116.2,11911.4,11003.3,10243.5,9860.12,9452.78,9350.73,8537.65,8539.04,7508.89,7406.74,6662.75,6289.85,6078.79,5366.97,4677.64,4370.73,3839.87,3332.82,3386.13,3409.39,3063.2,2490.87,2527.04,2280.16,2230.6,2166.16,1997.51,1714.72,1643.67,1592.18,1519.52,1318.74,1152.82,1046.44,1101.58,963.838,863.161,798.99,867.863,814.903,697.584,771.593,686.051,596.283,620.458,505.606,419.351,402.498,367.003,492.178,436.439,302.55,351.498,315.833,292.69,281.325,258.191,211.155
232.9,0,8056.95,8345.89,8406.94,8480.87,9105.18,9995.4,10592.2,9964.52,10295.3,11278,11167.8,10319,10954.6,10683.3,9637.61,9100.63,9680.44,8426.3,7964.93,7506.62,7684.4,6851.51,6219.03,5732.27,5905.62,5578.81,5003.6,4590.11,4355.1,4087,3461.76,3164.76,2717.1,2860.37,2569.38,2461.58,1990.84,2320.41,1787.06,1520.56,1641.17,1625.13,1443.52,1385.61,1362.32,1233.13,1060.96,1246.17,1012.05,875.87,849.609,699.841,593.181,694.804,575.878,652.096,502.985,584.179,411.599,474.542,430.343,331.933,356.344,352.806,324.183,247.818,340.87,278.357,277.179,315.9,250.418,196.351,165.348
241.4,0,6113.19,6432.56,6733.92,6528.49,7383.94,8459.91,8032.28,8258.79,8557.06,9036.97,8155.34,8578.83,8296.11,8541.95,7576.18,7123.4,7037.51,6736.43,6580.82,6240.08,6042.48,5797.95,5042.76,4823.9,4726.04,4774.04,4084.92,4161.51,3696.19,3292.83,2717.25,2506.21,2334.87,2170.21,2282.44,1851.68,1663.08,1734.72,1459.49,1489.32,1193.67,1337.88,1130.01,1010.29,1019.22,895.41,1074.23,740.571,777.926,719.827,680.835,461.819,608.03,500.192,527.708,479.782,522.083,407.548,424.59,318.384,389.327,324.548,329.269,252.067,308.811,318.327,201.392,208.908,255.829,144.737,205.962,170.196,79.6334
250.3,0,4551.17,5364.5,5425.05,5368.55,5815.96,6849.89,6658.93,6342.87,6929.87,7104.91,7219.92,6654.65,6543.78,6675.43,6056.69,5841.54,5858.65,5135.78,4941.05,4954.9,4436.98,4256.07,4048.77,3639.84,3999.56,3491.75,3018.83,3175.21,2738.9,2403.36,2330.29,1942.67,1746.72,1771.83,1730.09,1552.78,1384.24,1314.95,1497.04,984.591,1184.55,1043.96,782.835,849.218,857.719,976.23,642.262,611.183,661.994,504.6,446.834,476.868,468.492,422.601,445.207,353.124,371.668,273.793,293.317,225.124,333.234,304.312,195.965,269.622,303.036,198.966,150.292,178.164,220.215,105.339,154.343,144.206,143.025
259.5,0,3445.06,4174.17,3970.88,3810.97,4624.38,4985.88,4920.26,5043.17,5120.05,5292.69,5235.96,5335.05,4907.73,5265.98,4663.24,4406.73,4050.26,3975.98,4207.96,3870.06,3676.17,3442.27,3096.36,3153.29,2693.87,2752.1,2378.81,2537.47,1905.36,1737.11,1743.18,1505.06,1223.3,1338.88,1373.22,1110.98,1037.66,1123.52,844.383,941.234,778.699,699.884,735.607,598.732,707.553,575.764,506.506,620.191,472.114,351.807,403.759,424.751,354.237,250.04,260.794,240.144,229.929,254.767,210.51,210.77,213.554,249.868,185.951,215.482,179.815,171.265,116.011,101.919,84.1411,125.197,74.2695,58.9428,131.337
269.0,0,2751.99,3089.59,3410.47,3237.81,3285.68,3471.71,3602.18,3593.35,3640.98,4060.68,4277.6,3823.05,3692.62,3921.66,3488.09,3617.78,3507.01,3147.6,3240.98,2868.27,2596.73,2535.11,2369.9,2182.24,2099.55,1898.04,2118.76,1819.83,1567.71,1502.72,1321.04,1126.96,1134.4,1060.85,1009.2,945.029,825.761,738.604,573.676,802.917,549.155,584.251,516.843,473.33,498.206,412.824,402.356,468.337,366.968,378.718,324.495,245.682,241.11,309.478,190.711,176.259,161.251,228.65,189.997,162.329,218.548,131.381,196.226,115.807,167.635,114.683,132.095,96.5553,157.572,79.1442,85.9347,109.014,79.1448
278.8,0,2145.96,1887.32,2394.97,2141.6,2323.1,2794.99,2762,2587.9,2995.79,2807.48,3175.52,2800.09,2888.81,2873.36,2911.84,2582.21,2819.98,2126.11,2243.88,2225.73,2242.24,1741.14,1900.62,1742.88,1595.39,1485.89,1455.12,1341.81,1275.22,1116.58,954.61,894.246,798.657,793.455,712.094,738.542,523.12,586.687,519.238,484.788,403.688,372.545,363.427,416.008,387.748,291.813,338.205,269.177,294.117,252.863,227.623,183.253,178.514,269.149,124.519,142.049,130.788,186.541,147.139,32.7529,150.939,109.412,86.7454,62.8826,134.475,76.68,77.9694,61.5925,37.7287,55.3274,46.5283,45.3517,60.3041
289.0,0,1453.6,1762.77,1468.99,1527.89,1930.82,1741.98,2177.01,1869.24,2070.59,2083.32,1979.63,1911.48,1850.27,2059.26,1918.89,1745.13,1558.47,1526.83,1593.52,1485.83,1415.18,1344.07,1288.65,1254.54,1150.26,1082.53,1020.48,870.115,839.882,645.191,665.289,669.576,441.379,529.951,553.483,482.82,418.318,479.506,320.383,326.742,380.332,290.469,326.71,261.719,230.476,257.347,229.387,224.732,192.874,154.751,166.206,157.335,156.697,136.873,174.478,103.167,119.091,103.82,72.5947,87.8562,87.8563,47.1136,82.1976,95.5559,44.5927,52.8665,47.1133,57.3332,69.4568,49.6338,84.7181,48.3046,56.7163
299.6,0,1001.53,1268.74,1205.69,1012.1,1145.42,1531.42,1570.53,1366.06,1447.63,1660.82,1352.85,1451.58,1271.71,1631.4,1225.5,1235.46,1279.34,947.728,1246.44,1116.03,1049.73,1020.01,925.587,862.12,832.982,713.057,702.859,579.858,617.542,480.272,517.72,486.024,381.252,335.182,407.084,409.589,267.229,319.757,235.598,227.101,263.405,268.03,140.403,185.782,124.288,175.374,164.353,130.763,129.365,85.134,130.762,123.66,104.835,106.842,105.493,47.0874,91.2601,39.5011,65.3962,52.4487,45.3164,45.3166,46.6019,38.8427,25.8951,52.4171,25.895,19.4212,53.0756,45.9748,13.5746,26.5535,58.891
310.6,0,681.184,753.099,771.749,743.993,927.083,961.271,997.029,879.426,783.903,1075.28,1020.25,1048.71,995.16,1118.6,1040.59,930.072,802.343,790.17,787.576,757.923,709.113,797.92,612.328,639.51,501.815,558.274,536.546,452.776,305.51,365.75,342.338,305.094,332.386,239.428,248.633,306.424,204.141,185.176,149.835,118.429,184.686,195.62,150.481,145.23,117.117,130.166,81.1461,72.6251,90.9423,42.6604,92.2553,47.7629,79.8336,88.9454,73.9365,41.2194,35.3419,45.1382,72.6243,51.6817,39.2606,19.6304,39.9071,19.6303,40.5729,39.2605,26.1737,26.1736,25.5079,12.4212,19.6302,12.4211,19.6303
322.0,0,504.964,646.025,574.473,591.784,524.251,628.861,722.839,611.557,529.551,722.491,801.546,704.707,643.983,786.061,648.819,577.472,700.723,512.763,573.807,450.761,480.83,415.143,302.034,416.465,449.73,346.961,412.469,222.203,327.33,254.127,219.046,148.203,255.461,218.219,146.366,244.328,154.023,176.965,122.42,105.115,82.002,111.768,79.8347,106.442,75.8479,51.888,90.4743,106.447,26.6122,39.7647,34.5951,53.2197,53.2221,47.9033,31.9285,43.9026,43.9028,33.2651,58.543,39.9182,33.2652,39.9184,31.9308,13.3061,18.6249,6.65302,19.9591,0,6.65301,13.306,39.9181,13.306,6.65304
333.8,0,480.014,353.509,362.997,385.913,526.959,503.058,551.756,379.615,507.796,408.741,599.795,462.424,523.105,482.049,377.61,399.832,394.564,305.843,417.622,418.457,300.924,330.91,268.181,192.892,300.492,207.72,208.431,170.541,180.01,246.99,110.969,134.196,111.656,88.8769,94.0653,161.732,114.341,30.7329,106.467,60.9002,79.8635,96.1065,66.3121,83.9026,72.4104,25.712,48.053,34.7722,87.9663,40.6,58.877,26.6505,39.2452,27.0846,32.4784,20.2999,20.3,48.0527,6.76663,6.76663,14.2197,20.3,20.2999,20.3,6.76665,20.2999,13.5333,20.2999,6.76661,0,0,20.2998,7.453
346.0,0,216.349,329.264,235.715,171.764,306.641,342.686,329.309,300.421,398.317,297.689,301.89,335.564,293.748,321.754,357.982,307.951,281.27,233.59,285.945,242.247,195.537,229.947,95.9257,240.948,186.155,149.214,108.108,114.302,175.245,122.489,116.339,68.462,65.4833,75.9999,114.347,47.2102,86.9727,53.3596,68.507,41.061,39.6726,52.7105,39.7625,34.2174,33.5233,13.687,19.8363,54.0989,41.0607,27.3739,19.8363,34.2173,20.5304,25.9855,6.84344,19.8811,13.6869,19.8362,6.84345,6.84345,19.8362,6.84348,0,6.84346,6.84346,13.6869,6.84345,6.84343,6.84343,0,6.84343,6.84343,6.14929
358.7,0,225.625,215.834,169.861,160.254,199.449,132.843,238.953,167.572,186.352,128.793,217.122,249.635,143.248,177.486,187.393,208.761,204.849,163.667,210.77,138.811,155.774,148.474,162.159,85.5528,70.9639,99.7247,108.728,102.425,86.4571,83.5708,78.1713,84.2315,43.6862,49.4104,36.1425,55.7136,26.4784,73.9067,57.0352,41.7854,41.7853,14.5891,29.1782,20.8926,13.9284,6.96421,13.9284,0.660661,13.9284,13.9284,13.9284,0,6.96419,6.96419,6.96417,14.589,0,13.9283,13.9284,6.96418,6.96419,0,6.96417,0,6.96419,13.9283,0,0,6.96416,0,0,6.96416,0
371.8,0,171.068,94.9124,141.668,157.437,139.762,118.929,183.163,171.301,135.267,110.562,115.511,145.106,93.3211,158.513,162.506,113.314,75.9596,105.178,85.0711,100.409,96.502,92.1606,77.9848,70.8954,49.627,56.7131,45.2856,75.2336,37.0342,56.7164,42.534,22.8583,9.83786,28.3583,44.1269,35.4476,16.9274,66.5541,7.08955,14.1791,49.6267,3.17935,21.2686,14.1791,14.1791,1.58967,0,21.2687,0,7.08952,8.6792,0,7.0895,0,7.08949,14.179,7.08951,7.08948,0,14.179,21.2685,0,0,7.08951,0,0,0,0,0,7.08948,0,7.08947,0
385.4,0,76.615,119.011,110.659,94.6005,71.4408,64.9773,137.834,109.459,110.172,108.084,83.3987,85.0178,49.0688,83.1846,70.5783,81.5369,56.0454,110.658,41.6992,63.1153,63.3584,27.2599,41.456,5.35765,28.8789,34.4796,43.3182,54.2768,32.8608,7.2197,34.4796,20.0402,14.4394,14.4394,20.0402,21.659,28.8787,0,0,0,5.35765,11.2017,7.21968,14.4394,14.4394,12.8205,7.21967,7.21971,27.0166,0,12.8205,0,0,0,14.4393,0,7.21966,14.4393,0,7.21965,0,0,0,0,0,7.21964,0,0,0,0,0,0,0
399.5,0,74.3042,64.5229,63.8747,43.8488,57.2283,38.9866,99.6578,29.9226,69.5427,71.8866,81.6123,65.7733,63.3553,67.4345,53.6029,23.8093,43.3158,21.9243,36.5405,39.6485,29.2325,7.3081,16.5011,53.0417,29.2325,7.30812,21.9244,9.19298,43.8488,7.30812,36.5406,7.30812,14.6162,4.1867,0,7.30809,21.9243,14.6162,7.30812,7.30812,9.19295,14.6162,7.30811,0,7.30811,0,0,7.30813,9.19291,0,7.30811,0,7.30808,0,0,0,0,7.30806,0,7.30807,0,7.3081,0,0,0,7.30806,0,7.30806,7.30805,0,0,7.30805,0
414.2,0,65.7766,35.7729,30.3013,44.6819,20.3656,38.4774,36.5663,39.7236,37.2348,54.6176,28.5417,11.1819,29.7879,21.0948,53.3714,26.0759,29.7879,29.7879,29.7879,54.6176,18.6289,0,7.44696,22.3409,3.73493,7.44698,7.44698,22.341,0,7.44698,0,0,7.44698,12.9186,11.1819,14.8939,14.8939,0,7.44698,14.894,14.8939,0,7.44697,7.44696,0,14.8939,7.44695,0,0,7.44695,11.1819,0,0,7.44694,7.44693,7.44692,3.73491,0,0,0,7.44694,0,0,0,0,0,0,0,0,0,7.44691,0,0
429.4,0,28.4398,18.967,26.5585,22.7744,22.7744,41.7414,30.3659,24.6325,37.9573,34.15,22.7744,62.59,0,22.7744,11.3756,26.5586,22.7744,30.3658,28.4398,34.15,26.5585,0,7.59145,22.7744,3.78408,0,15.1829,7.59148,20.8484,0,0,7.59147,0,0,3.78407,7.59144,7.59145,0,7.59147,0,0,0,0,0,15.1829,0,0,0,0,7.59144,3.78407,0,0,0,0,0,3.78406,0,0,7.59142,0,0,0,0,0,0,0,0,0,0,0,0,0
445.1,0,48.0907,23.0699,0,23.0699,38.4498,15.3799,30.7599,25.0209,38.4498,7.68997,15.3799,32.7109,30.0166,0,7.68997,7.68998,23.0699,38.4498,9.64094,0,7.68995,0,15.3799,22.3267,0,6.94675,23.0699,0,9.64097,7.68996,0,7.68996,0,0,0,0,7.68994,7.68995,0,0,0,7.68996,7.68995,6.94674,0,0,0,0,0,0,0,0,0,0,0,0,0,0,0,7.68992,7.68992,0,0,0,0,0,0,0,0,0,0,0,0
461.4,0,47.0676,7.84461,7.84461,15.6892,0,7.64483,0,0,47.0676,7.84462,31.3784,15.4895,16.4474,7.84462,7.84462,31.3785,0,0,15.6892,0,7.8446,0,15.6892,0.758154,7.84462,24.292,7.84461,0,0,7.84461,0,7.84461,7.84461,0,7.8446,0,0,15.6892,0,7.84461,0,0,0,0.758152,0,0,0,0,0,0,0,7.84457,0,0,0,0,0,0,0,0,0,0,0,0,0,0,0,0,0,0,0,0,0
478.3,0,15.7053,16.0117,8.00585,16.0117,23.7111,16.2156,8.00586,47.7287,0,8.00586,0,8.20975,16.0117,16.0117,8.00586,8.00587,8.00586,0,0,0,0,16.0117,8.00584,0,16.0117,8.00585,0,0,0,0,8.00585,0,0,0,0,8.00583,0,0,0,8.00585,0,8.00586,0,0,8.00584,0,0,0,0,0,0,0,0,0,0,0,0,8.00581,0,0,0,0,0,0,0,0,0,0,0,0,0,0,0
495.8,0,8.42678,16.2323,0,24.3485,0.310643,39.5003,7.03576,23.5787,8.11614,0,0,8.11616,8.11614,16.2323,16.2323,8.11616,16.2323,15.1519,8.11613,0,8.11614,8.11613,0,8.11614,8.11616,7.03575,0,0,0,0,0,0,0,0,0,8.11612,8.11613,0,0,8.11614,0,0,0,0,0,0,0,0,8.11611,0,0,0,0,0,0,8.1161,0,0,0,0,0,0,0,0,0,0,0,0,0,0,0,0,0
514.0,0,14.0257,5.73636,8.28935,33.1574,0,17.6822,15.1292,1.10345,0,8.28936,16.5787,8.28937,0,8.28937,0,8.28937,0,9.39279,8.28934,8.28936,8.28935,8.28934,0,8.28935,0,9.3928,0,0,0,0,0,0,0,0,0,0,0,0,0,0,0,0,0,0,0,0,0,0,0,5.73635,0,0,0,0,0,0,0,0,0,0,0,0,0,0,0,0,0,0,0,0,0,0,0
532.8,0,10.9976,14.6902,0,0,0,8.40808,10.9976,8.40809,0,0,8.40808,8.4081,0,0,8.40809,0,8.40809,8.40808,8.40807,0,8.40808,0,0,0,0,0,0,0,0,0,8.40808,8.40808,0,0,0,8.40806,0,0,0,0,8.40808,0,0,0,0,0,0,0,0,2.58955,0,0,0,0,0,0,0,0,0,0,0,0,0,0,0,0,0,0,0,0,0,0,0
552.3,0,0,4.78413,8.53046,8.53047,0,0,8.53046,0,0,0,8.53046,0,0,8.53048,0,0,0,8.53046,0.941971,8.53047,8.53046,0,0,0,0,8.53046,0,0,0,0,0,8.53046,0,0,0,0,8.53045,0,0,0,0,0,0,0,0,0,0,0,0,0,0,0,0,0,0,0,0,0,0,0,0,0,0,0,0,0,0,0,0,0,0,0,0
572.5,0,8.72273,8.72273,6.17461,0,8.72273,8.72274,8.72274,0,0,0,8.72274,0,0,0,0,17.4455,0,0,7.75952,8.72274,8.72273,0,0,0,0,0,0,0,0,0,0,0,0,0,0,0,0,8.72273,0,0,0,0,0,0,0,0,0,8.72274,0,0,0,8.7227,0,0,0,0,0,0,0,0,0,0,0,0,0,0,0,0,0,0,0,0,0
593.5,0,0,0,0,0,0,0,0,0,0,0,0,0,0,0,0,0,0,0,0,0,0,0,0,0,0,0,0,0,0,0,0,0,0,0,0,0,0,0,0,0,0,0,0,0,0,0,0,0,0,0,0,0,0,0,0,0,0,0,0,0,0,0,0,0,0,0,0,0,0,0,0,0,0
615.3,0,0,0,0,0,0,0,0,0,0,0,0,0,0,0,0,0,0,0,0,0,0,0,0,0,0,0,0,0,0,0,0,0,0,0,0,0,0,0,0,0,0,0,0,0,0,0,0,0,0,0,0,0,0,0,0,0,0,0,0,0,0,0,0,0,0,0,0,0,0,0,0,0,0
637.8,0,0,0,0,0,0,0,0,0,0,0,0,0,0,0,0,0,0,0,0,0,0,0,0,0,0,0,0,0,0,0,0,0,0,0,0,0,0,0,0,0,0,0,0,0,0,0,0,0,0,0,0,0,0,0,0,0,0,0,0,0,0,0,0,0,0,0,0,0,0,0,0,0,0
661.2,0,0,0,0,0,0,0,0,0,0,0,0,0,0,0,0,0,0,0,0,0,0,0,0,0,0,0,0,0,0,0,0,0,0,0,0,0,0,0,0,0,0,0,0,0,0,0,0,0,0,0,0,0,0,0,0,0,0,0,0,0,0,0,0,0,0,0,0,0,0,0,0,0,0
685.4,0,0,0,0,0,0,0,0,0,0,0,0,0,0,0,0,0,0,0,0,0,0,0,0,0,0,0,0,0,0,0,0,0,0,0,0,0,0,0,0,0,0,0,0,0,0,0,0,0,0,0,0,0,0,0,0,0,0,0,0,0,0,0,0,0,0,0,0,0,0,0,0,0,0
710.5,0,0,0,0,0,0,0,0,0,0,0,0,0,0,0,0,0,0,0,0,0,0,0,0,0,0,0,0,0,0,0,0,0,0,0,0,0,0,0,0,0,0,0,0,0,0,0,0,0,0,0,0,0,0,0,0,0,0,0,0,0,0,0,0,0,0,0,0,0,0,0,0,0,0
Scan Up Time(s),155,155,155,155,155,155,155,155,155,155,155,155,155,155,155,155,155,155,155,155,155,155,155,155,155,155,155,155,155,155,155,155,155,155,155,155,155,155,155,155,155,155,155,155,155,155,155,155,155,155,155,155,155,155,155,155,155,155,155,155,155,155,155,155,155,155,155,155,155,155,155,155,155,155
Retrace Time(s),10,10,10,10,10,10,10,10,10,10,10,10,10,10,10,10,10,10,10,10,10,10,10,10,10,10,10,10,10,10,10,10,10,10,10,10,10,10,10,10,10,10,10,10,10,10,10,10,10,10,10,10,10,10,10,10,10,10,10,10,10,10,10,10,10,10,10,10,10,10,10,10,10,10
Down Scan First,FALSE,FALSE,FALSE,FALSE,FALSE,FALSE,FALSE,FALSE,FALSE,FALSE,FALSE,FALSE,FALSE,FALSE,FALSE,FALSE,FALSE,FALSE,FALSE,FALSE,FALSE,FALSE,FALSE,FALSE,FALSE,FALSE,FALSE,FALSE,FALSE,FALSE,FALSE,FALSE,FALSE,FALSE,FALSE,FALSE,FALSE,FALSE,FALSE,FALSE,FALSE,FALSE,FALSE,FALSE,FALSE,FALSE,FALSE,FALSE,FALSE,FALSE,FALSE,FALSE,FALSE,FALSE,FALSE,FALSE,FALSE,FALSE,FALSE,FALSE,FALSE,FALSE,FALSE,FALSE,FALSE,FALSE,FALSE,FALSE,FALSE,FALSE,FALSE,FALSE,FALSE,FALSE
Scans Per Sample,1,1,1,1,1,1,1,1,1,1,1,1,1,1,1,1,1,1,1,1,1,1,1,1,1,1,1,1,1,1,1,1,1,1,1,1,1,1,1,1,1,1,1,1,1,1,1,1,1,1,1,1,1,1,1,1,1,1,1,1,1,1,1,1,1,1,1,1,1,1,1,1,1,1
Impactor Type(cm),0.071,0.071,0.071,0.071,0.071,0.071,0.071,0.071,0.071,0.071,0.071,0.071,0.071,0.071,0.071,0.071,0.071,0.071,0.071,0.071,0.071,0.071,0.071,0.071,0.071,0.071,0.071,0.071,0.071,0.071,0.071,0.071,0.071,0.071,0.071,0.071,0.071,0.071,0.071,0.071,0.071,0.071,0.071,0.071,0.071,0.071,0.071,0.071,0.071,0.071,0.071,0.071,0.071,0.071,0.071,0.071,0.071,0.071,0.071,0.071,0.071,0.071,0.071,0.071,0.071,0.071,0.071,0.071,0.071,0.071,0.071,0.071,0.071,0.071
Sheath Flow(lpm),3,3,3,3,3,3,3,3,3,3,3,3,3,3,3,3,3,3,3,3,3,3,3,3,3,3,3,3,3,3,3,3,3,3,3,3,3,3,3,3,3,3,3,3,3,3,3,3,3,3,3,3,3,3,3,3,3,3,3,3,3,3,3,3,3,3,3,3,3,3,3,3,3,3
Aerosol Flow(lpm),1.5,1.5,1.5,1.5,1.5,1.5,1.5,1.5,1.5,1.5,1.5,1.5,1.5,1.5,1.5,1.5,1.5,1.5,1.5,1.5,1.5,1.5,1.5,1.5,1.5,1.5,1.5,1.5,1.5,1.5,1.5,1.5,1.5,1.5,1.5,1.5,1.5,1.5,1.5,1.5,1.5,1.5,1.5,1.5,1.5,1.5,1.5,1.5,1.5,1.5,1.5,1.5,1.5,1.5,1.5,1.5,1.5,1.5,1.5,1.5,1.5,1.5,1.5,1.5,1.5,1.5,1.5,1.5,1.5,1.5,1.5,1.5,1.5,1.5
CPC Inlet Flow(lpm),1.5,1.5,1.5,1.5,1.5,1.5,1.5,1.5,1.5,1.5,1.5,1.5,1.5,1.5,1.5,1.5,1.5,1.5,1.5,1.5,1.5,1.5,1.5,1.5,1.5,1.5,1.5,1.5,1.5,1.5,1.5,1.5,1.5,1.5,1.5,1.5,1.5,1.5,1.5,1.5,1.5,1.5,1.5,1.5,1.5,1.5,1.5,1.5,1.5,1.5,1.5,1.5,1.5,1.5,1.5,1.5,1.5,1.5,1.5,1.5,1.5,1.5,1.5,1.5,1.5,1.5,1.5,1.5,1.5,1.5,1.5,1.5,1.5,1.5
CPC Sample Flow(lpm),0.3,0.3,0.3,0.3,0.3,0.3,0.3,0.3,0.3,0.3,0.3,0.3,0.3,0.3,0.3,0.3,0.3,0.3,0.3,0.3,0.3,0.3,0.3,0.3,0.3,0.3,0.3,0.3,0.3,0.3,0.3,0.3,0.3,0.3,0.3,0.3,0.3,0.3,0.3,0.3,0.3,0.3,0.3,0.3,0.3,0.3,0.3,0.3,0.3,0.3,0.3,0.3,0.3,0.3,0.3,0.3,0.3,0.3,0.3,0.3,0.3,0.3,0.3,0.3,0.3,0.3,0.3,0.3,0.3,0.3,0.3,0.3,0.3,0.3
Low Voltage,10.9283,10.9297,10.9297,10.9256,10.9187,10.9362,10.932,10.9293,10.9279,10.9453,10.9289,10.9385,10.9271,10.9477,10.9299,10.934,10.9308,10.9445,10.949,10.9494,10.9316,10.9426,10.9457,10.9444,10.9399,10.9312,10.9449,10.9385,10.9391,10.9377,10.9473,10.9527,10.9486,10.9486,10.94,10.9463,10.9614,10.9573,10.9541,10.9422,10.9436,10.9555,10.9459,10.9569,10.9559,10.9453,10.9573,10.9614,10.9381,10.9751,10.9577,10.9467,10.9663,10.9594,10.9622,10.9718,10.9731,10.9503,10.9681,10.964,10.9626,10.9622,10.9471,10.9681,10.953,10.9544,10.9694,10.964,10.9708,10.9749,10.9694,10.9698,10.9749,10.9626
High Voltage,9055.12,9055.36,9055.36,9054.63,9053.4,9058.37,9057.63,9057.15,9056.9,9061.86,9058.93,9060.64,9060.46,9064.13,9060.95,9061.69,9062.98,9065.42,9064.37,9062.59,9059.42,9061.37,9060.08,9059.83,9060.88,9061.2,9063.64,9060.64,9064.45,9064.2,9065.91,9066.89,9066.16,9066.16,9066.47,9063.89,9066.57,9065.84,9067.13,9063.15,9063.4,9067.38,9065.67,9067.62,9065.59,9061.86,9065.84,9066.57,9062.42,9069,9064.06,9062.1,9063.73,9062.52,9063,9064.71,9064.95,9059.03,9062.19,9061.46,9061.22,9063,9060.32,9062.19,9059.51,9059.76,9062.44,9061.46,9062.68,9063.41,9062.44,9060.65,9063.41,9061.22
Lower Size(nm),15.9634,15.9634,15.9634,15.9634,15.9634,15.9634,15.9634,15.9634,15.9634,15.9634,15.9634,15.9634,15.9634,15.9634,15.9634,15.9634,15.9634,15.9634,15.9634,15.9634,15.9634,15.9634,15.9634,15.9634,15.9634,15.9634,15.9634,15.9634,15.9634,15.9634,15.9634,15.9634,15.9634,15.9634,15.9634,15.9634,15.9634,15.9634,15.9634,15.9634,15.9634,15.9634,15.9634,15.9634,15.9634,15.9634,15.9634,15.9634,15.9634,15.9634,15.9634,15.9634,15.9634,15.9634,15.9634,15.9634,15.9634,15.9634,15.9634,15.9634,15.9634,15.9634,15.9634,15.9634,15.9634,15.9634,15.9634,15.9634,15.9634,15.9634,15.9634,15.9634,15.9634,15.9634
Upper Size(nm),723.394,723.394,723.394,723.394,723.394,723.394,723.394,723.394,723.394,723.394,723.394,723.394,723.394,723.394,723.394,723.394,723.394,723.394,723.394,723.394,723.394,723.394,723.394,723.394,723.394,723.394,723.394,723.394,723.394,723.394,723.394,723.394,723.394,723.394,723.394,723.394,723.394,723.394,723.394,723.394,723.394,723.394,723.394,723.394,723.394,723.394,723.394,723.394,723.394,723.394,723.394,723.394,723.394,723.394,723.394,723.394,723.394,723.394,723.394,723.394,723.394,723.394,723.394,723.394,723.394,723.394,723.394,723.394,723.394,723.394,723.394,723.394,723.394,723.394
Density(g/cc),1,1,1,1,1,1,1,1,1,1,1,1,1,1,1,1,1,1,1,1,1,1,1,1,1,1,1,1,1,1,1,1,1,1,1,1,1,1,1,1,1,1,1,1,1,1,1,1,1,1,1,1,1,1,1,1,1,1,1,1,1,1,1,1,1,1,1,1,1,1,1,1,1,1
Title,,,,,,,,,,,,,,,,,,,,,,,,,,,,,,,,,,,,,,,,,,,,,,,,,,,,,,,,,,,,,,,,,,,,,,,,,,
Status Flag,Conditioner Temperature Error ,Conditioner Temperature Error ,Conditioner Temperature Error ,Conditioner Temperature Error ,Conditioner Temperature Error ,Conditioner Temperature Error ,Conditioner Temperature Error ,Conditioner Temperature Error ,Conditioner Temperature Error ,Conditioner Temperature Error ,Conditioner Temperature Error ,Conditioner Temperature Error ,Conditioner Temperature Error ,Conditioner Temperature Error ,Conditioner Temperature Error ,Conditioner Temperature Error ,Conditioner Temperature Error ,Conditioner Temperature Error ,Conditioner Temperature Error ,Conditioner Temperature Error ,Conditioner Temperature Error ,Conditioner Temperature Error ,Conditioner Temperature Error ,Conditioner Temperature Error ,Conditioner Temperature Error ,Conditioner Temperature Error ,Conditioner Temperature Error ,Conditioner Temperature Error ,Conditioner Temperature Error ,Conditioner Temperature Error ,Conditioner Temperature Error ,Conditioner Temperature Error ,Conditioner Temperature Error ,Conditioner Temperature Error ,Conditioner Temperature Error ,Conditioner Temperature Error ,Conditioner Temperature Error ,Conditioner Temperature Error ,Conditioner Temperature Error ,Conditioner Temperature Error ,Conditioner Temperature Error ,Conditioner Temperature Error ,Conditioner Temperature Error ,Conditioner Temperature Error ,Conditioner Temperature Error ,Conditioner Temperature Error ,Conditioner Temperature Error ,Conditioner Temperature Error ,Conditioner Temperature Error ,Conditioner Temperature Error ,Conditioner Temperature Error ,Conditioner Temperature Error ,Conditioner Temperature Error ,Conditioner Temperature Error ,Conditioner Temperature Error ,Conditioner Temperature Error ,Conditioner Temperature Error ,Conditioner Temperature Error ,Conditioner Temperature Error ,Conditioner Temperature Error ,Conditioner Temperature Error ,Conditioner Temperature Error ,Conditioner Temperature Error ,Conditioner Temperature Error ,Conditioner Temperature Error ,Conditioner Temperature Error ,Conditioner Temperature Error ,Conditioner Temperature Error ,Conditioner Temperature Error ,Conditioner Temperature Error ,Conditioner Temperature Error ,Conditioner Temperature Error ,Conditioner Temperature Error ,Conditioner Temperature Error 
td(s),0.286,0.286,0.286,0.286,0.286,0.286,0.286,0.286,0.286,0.286,0.286,0.286,0.286,0.286,0.286,0.286,0.286,0.286,0.286,0.286,0.286,0.286,0.286,0.286,0.286,0.286,0.286,0.286,0.286,0.286,0.286,0.286,0.286,0.286,0.286,0.286,0.286,0.286,0.286,0.286,0.286,0.286,0.286,0.286,0.286,0.286,0.286,0.286,0.286,0.286,0.286,0.286,0.286,0.286,0.286,0.286,0.286,0.286,0.286,0.286,0.286,0.286,0.286,0.286,0.286,0.286,0.286,0.286,0.286,0.286,0.286,0.286,0.286,0.286
tf(s),5.51527,5.51527,5.51527,5.51527,5.51527,5.51527,5.51527,5.51527,5.51527,5.51527,5.51527,5.51527,5.51527,5.51527,5.51527,5.51527,5.51527,5.51527,5.51527,5.51527,5.51527,5.51527,5.51527,5.51527,5.51527,5.51527,5.51527,5.51527,5.51527,5.51527,5.51527,5.51527,5.51527,5.51527,5.51527,5.51527,5.51527,5.51527,5.51527,5.51527,5.51527,5.51527,5.51527,5.51527,5.51527,5.51527,5.51527,5.51527,5.51527,5.51527,5.51527,5.51527,5.51527,5.51527,5.51527,5.51527,5.51527,5.51527,5.51527,5.51527,5.51527,5.51527,5.51527,5.51527,5.51527,5.51527,5.51527,5.51527,5.51527,5.51527,5.51527,5.51527,5.51527,5.51527
D50(nm),572.175,572.175,572.175,572.175,572.175,572.175,572.175,572.175,572.175,572.175,572.175,572.175,572.175,572.175,572.175,572.175,572.175,572.175,572.175,572.175,572.175,572.175,572.175,572.175,572.175,572.175,572.175,572.175,572.175,572.175,572.175,572.175,572.175,572.175,572.175,572.175,572.175,572.175,572.175,572.175,572.175,572.175,572.175,572.175,572.175,572.175,572.175,572.175,572.175,572.175,572.175,572.175,572.175,572.175,572.175,572.175,572.175,572.175,572.175,572.175,572.175,572.175,572.175,572.175,572.175,572.175,572.175,572.175,572.175,572.175,572.175,572.175,572.175,572.175
Median(nm),-1.#IND,74.898,64.4252,76.622,82.7932,89.3692,94.606,97.9459,100.24,102.393,104.79,107.37,107.677,109.496,111.209,112.091,112.328,113.955,115.083,115.207,116.147,117.235,118.529,118.047,117.845,118.994,119.186,118.465,119.573,119.499,119.28,119.705,120.181,120.83,120.402,121.792,121.19,120.554,120.869,121.53,121.251,121.547,121.205,121.297,120.768,121.433,122.138,119.902,121.396,121.918,120.44,121.789,121.372,120.78,121.381,121.772,121.021,122.707,121.52,122.775,119.931,122.084,121.975,120.518,120.116,122.506,120.208,121.841,122.341,122.881,119.916,122.321,120.379,118.809
Mean(nm),-1.#IND,99.5265,80.4864,90.7108,96.14,99.9885,104.244,106.912,108.907,110.591,112.597,115.03,115.276,116.753,118.324,119.211,119.435,120.991,121.588,122.046,122.676,123.879,124.488,124.487,124.576,125.207,125.495,125.192,125.989,126.045,125.648,126.21,126.425,127.169,126.781,127.878,127.47,126.686,127.246,127.551,127.333,127.795,127.859,127.317,127.016,127.591,127.791,126.564,127.48,127.774,126.777,127.44,127.215,126.947,127.707,127.893,126.86,128.255,128.334,128.113,126.424,128.351,127.241,126.769,126.483,128.066,126.6,127.653,127.549,129.044,126.554,127.533,126.586,126.34
Geo. Mean(nm),-1.#IND,86.0195,66.2635,76.9191,82.6532,87.8646,92.6755,95.6819,97.7287,99.9525,102.239,104.534,104.993,106.633,108.195,109.044,109.518,111.226,111.707,112.093,112.927,114.089,114.708,114.856,114.879,115.595,115.826,115.591,116.481,116.506,116.023,116.608,116.858,117.759,117.137,118.337,117.983,117.267,117.714,118.171,117.7,118.422,118.242,117.887,117.634,118.088,118.279,117.405,117.994,118.138,117.382,118.032,117.866,117.579,118.295,118.448,117.377,118.917,118.747,118.398,117.153,118.814,118.154,117.365,117.132,118.459,116.965,118.294,117.99,119.163,117.723,118.271,117.104,117.169
Mode(nm),0,42.9351,55.2316,59.3523,71.0497,88.1683,105.545,98.2172,105.545,105.545,113.419,121.881,126.346,126.346,117.574,121.881,130.975,109.411,117.574,126.346,121.881,140.746,126.346,126.346,113.419,121.881,130.975,130.975,135.773,126.346,135.773,135.773,117.574,126.346,126.346,126.346,135.773,126.346,113.419,130.975,126.346,135.773,121.881,135.773,126.346,121.881,121.881,130.975,130.975,126.346,117.574,130.975,140.746,126.346,140.746,135.773,121.881,130.975,113.419,145.902,140.746,126.346,130.975,121.881,126.346,130.975,140.746,135.773,135.773,145.902,130.975,135.773,130.975,105.545
Geo. Std. Dev.,-1.#IND,1.70492,1.87841,1.79868,1.75367,1.68201,1.64181,1.61902,1.61061,1.58294,1.56614,1.56409,1.55495,1.54582,1.54113,1.5405,1.5304,1.52064,1.52368,1.52421,1.51524,1.51427,1.51366,1.5077,1.509,1.50447,1.50622,1.50445,1.49901,1.50025,1.50371,1.5023,1.50035,1.49322,1.50186,1.49559,1.49418,1.49469,1.49653,1.49139,1.50037,1.48902,1.498,1.49403,1.49235,1.49622,1.49797,1.48439,1.49497,1.49978,1.49413,1.49289,1.49105,1.4915,1.49147,1.49282,1.4973,1.48967,1.49603,1.50386,1.4903,1.49427,1.48328,1.49398,1.49282,1.49786,1.50156,1.49265,1.50237,1.50512,1.4733,1.48795,1.49732,1.48638
Total Concentration(#/cm),0,22800.6,44257.6,37156.6,29138.5,33033.7,34185.8,32791.7,30245.5,30888.2,30770.7,27795.4,26901.8,26116.1,24530.8,22121.1,21576.5,20150.1,18079.9,17036.9,16157.8,15136.9,13950.2,12858.8,12158.4,11363.7,10485.5,9959.97,9238.19,8458.68,7352.59,6688.77,5940.49,5282.31,5127.1,4822.91,4512.8,4167.95,4003.79,3417.83,3102.42,3069.02,2851.41,2615.74,2588.82,2428.27,2246.88,2124.08,1989.79,1769.3,1648.72,1571.26,1416.12,1303.44,1265.65,1186,1075.09,1057.5,972.492,889.427,857.189,812.701,769.141,722.568,677.718,627.533,583.015,545.274,513.633,460.187,467.683,441.278,388.889,383.317
Comment,,,,,,,,,,,,,,,,,,,,,,,,,,,,,,,,,,,,,,,,,,,,,,,,,,,,,,,,,,,,,,,,,,,,,,,,,,
