Sample File,C:\Users\vancelab\Desktop\Chamber\Raw data\Chamber_Water_SMPS_FreshSmoke_MRH_20230417.S80
Classifier Model,3080
DMA Model,3081
DMA Inner Radius(cm),0.00937
DMA Outer Radius(cm),0.01961
DMA Characteristic Length(cm),0.44369
CPC Model,3788 High Flow
Reference Gas Viscosity (Pa*s),1.83245e-005
Reference Mean Free Path (m),6.73e-008
Reference Gas Temperature (K),296.15
Reference Gas Pressure (kPa),101.3
Channels/Decade,64
Multiple Charge Correction,TRUE
Nanoparticle Aggregate Mobility Analysis,FALSE
Diffusion Correction,TRUE
Gas Density,0.0012
Units,dw/dlogDp
Weight,Number
Sample #,1,2,3,4,5,6,7,8,9,10,11,12,13,14,15,16,17,18
Date,04/17/23,04/17/23,04/17/23,04/17/23,04/17/23,04/17/23,04/17/23,04/17/23,04/17/23,04/17/23,04/17/23,04/17/23,04/17/23,04/17/23,04/17/23,04/17/23,04/17/23,04/17/23
Start Time,11:50:00,11:53:01,11:56:00,11:59:00,12:02:00,12:05:00,12:08:00,12:11:00,12:14:00,12:17:00,12:20:00,12:23:00,12:26:00,12:29:00,12:32:00,12:35:00,12:38:00,12:41:00
Diameter Midpoint
 16.3,0,0,0,0,0,10037.3,2905.84,831.964,188.774,35.1028,83.5515,34.6585,35.12,70.2392,13.3063,35.1119,0,34.6721
 16.8,0,0,0,0,0,10403.9,3059.32,1016.24,282.981,393.972,20.4017,32.8314,65.6924,32.8459,20.3994,0,0,32.8439
 17.5,0,0,0,0,0,12080.4,3120.27,1274.47,743.719,248.785,156.501,92.361,30.8003,30.8001,0,0,0,0
 18.1,0,0,0,0,0,15382.9,4000.91,1624.82,708.058,443.235,200.078,81.8508,57.8312,115.662,28.9142,0,0,28.914
 18.8,0,0,27.1559,27.1701,243.378,16753.2,4751.76,1821.89,1001.26,491.349,462.626,86.1781,81.6362,54.4241,27.2108,27.2072,27.1918,0
 19.5,0,0,0,0,9254.83,18351.1,6349.17,2332.61,1352.34,757.846,282.013,206.34,180.782,155.145,102.541,0,26.9438,51.2708
 20.2,0,0,0,0,37907.2,19886.8,8332.81,3590.56,1406.5,1130.19,588.795,200.602,216.35,95.4606,72.5308,96.6964,47.0729,0
 20.9,0,0,0,0,61067.1,22772.6,7733.73,3675.24,1438.91,926.104,555.25,466.676,165.272,82.3198,24.8362,66.3645,11.5211,79.4183
 21.7,0,0,0,0,69670.1,26733.7,9734.06,4918.17,2221.26,1327.85,613.185,572.628,364.131,186.922,30.0723,60.401,23.9636,22.9888
 22.5,0,0,0,0,175049,28096,12021.5,5170.95,3140.6,1747.88,942.004,560.37,258.922,238.019,130.712,185.739,120.704,60.0456
 23.3,0,19.1824,0,0,230117,31329.8,13903.9,5886.29,3778.16,1962.82,1386.97,908.982,589.975,236.331,176.318,150.831,88.6841,102.256
 24.1,0,0,0,0,261891,33861.8,15329.9,8748.51,5193.62,2754.19,1757.93,1016.5,838.601,398.892,321.256,226.193,117.799,121.776
 25.0,0,0,0,0,302935,39150.5,18275.5,10155,5759.35,3483.07,2071.55,1120.05,717.187,706.333,256.814,292.624,384.997,167.945
 25.9,0,0,0,0,280687,43654,21054.2,10484.8,7018.35,4333.14,2948.19,1845.07,1137.17,833.096,482.39,551.594,399.791,245.283
 26.9,0,15.6261,0,0,241301,48780,25044.2,13577,7443.08,5307.73,3649,1929.57,1703.96,1226.42,933.42,747.389,457.515,389.368
 27.9,0,0,0,0,165333,53807,27755.2,16782.5,9612.88,6436.21,4337.25,2886.99,2023.05,1655.64,1118.05,924.74,624.274,488.277
 28.9,0,13.9506,0,0,118914,60793.5,33893.3,19342.7,12327.1,8039.53,5487.83,3310.05,2545.42,2391.04,1526.21,1168.89,947.898,824.855
 30.0,0,13.2775,0,0,98948.7,65670.5,36994.8,23476.6,13188.9,10445.8,6749.75,5283.42,3536.46,2435.94,1609.94,1264.96,874.484,883.012
 31.1,0,12.9913,0,0,91438.9,72387.8,42720,25844.7,16231.2,11544.6,7962.51,5955.03,3889.24,3266.1,2297.29,2226.61,1267.24,1335.55
 32.2,0,0,0,12.5522,86694.3,80520,47097.1,29792,19762,13768.7,10079.3,6818.39,5282.71,3903.98,3273.25,2192.32,2461.15,1448.58
 33.4,0,0,0,0,84936.9,88718.2,54449.6,35095.6,23448.4,17320.6,11718.2,8560.95,5998.47,4732.39,4098.36,3174.11,2392.67,1938.81
 34.6,11.5615,11.5605,0,22.8091,101508,96413.9,61467.2,41336.5,27403.7,19328.1,13933,10613.3,8048.22,5622.47,5215.85,3514,2944.1,2420.09
 35.9,0,0,22.1517,0,137372,107139,70483.9,46260.4,31995.2,22434.8,17475.7,12673.4,10463.7,7073.46,6213.82,5033.05,4080.27,2950.36
 37.2,0,10.2499,0.346892,0,182309,119443,76818.2,53031.2,36070.7,26692.8,19216.1,15591,12171.1,9276.89,7533.22,5502.4,4797.84,3881.59
 38.5,9.73708,0,9.37988,0,223015,128766,87260,58932.8,42101.7,30612.3,23087.5,17292.2,13350.9,11251.3,8661.35,6805.21,5554.73,4755.93
 40.0,0,39.4145,9.51082,0,245973,140800,94875.5,68412.8,49888.2,36706,26334.1,22629.1,16194.9,13321.8,11138.4,8649.04,7486.01,5705.97
 41.4,0,9.02055,0,0,244283,156053,106218,76007.8,56474.6,41300.8,31128.7,25714.9,20160.7,16168.6,11774.7,11526.9,8823.92,7189.33
 42.9,0,8.94289,0,0,266212,169309,119524,85295.9,64952.5,47954.2,36448.4,29832.8,23641.7,19021.8,15083.8,12883.3,10737.9,9798.76
 44.5,0,0,17.6243,0,292945,186024,130516,96655.9,72617.5,55392.9,43390.3,34998.6,28005.2,21954.8,17546.8,15633.3,13359.9,10662.4
 46.1,0,8.14477,0,0,331925,205261,145577,109203,83355.6,63807,50034.7,40103.2,32988.3,25711.4,21023.2,19470.4,15894.5,13586.1
 47.8,7.13846,0,8.41129,0,378083,220657,160256,121300,93702.9,74855.8,57307.7,46475.9,38961.3,31849.1,24898.2,22977.2,19920.4,16253.6
 49.6,0,0,0,7.33377,429608,245514,182972,135963,108073,86442.8,67363.9,54215.6,44341.5,36903,32125,27053.2,23419.6,19981
 51.4,0,0,0,0,475420,267450,199290,152753,122138,98277.3,76806.6,64817.4,55099.8,43227.7,37728.2,33450.7,29039.7,24476.4
 53.3,0,6.86525,0,0,513652,288693,222911,172310,138256,114598,89072.2,75233.1,63555.3,51923.2,43090.7,37662.3,32814.8,28945.8
 55.2,8.9647,6.93927,6.62021,0,542525,315483,245244,194195,156010,126981,103379,85060.5,70750.7,59379.5,51009.2,43804.1,38948,33417
 57.3,4.74769,0,5.8416,0,594523,349608,267319,212323,173119,140573,116955,96347.3,80603.6,68531.7,57955.2,50794.6,43666.2,39948
 59.4,0,7.0801,5.6426,0,666497,377294,291840,234469,190991,154411,130281,110307,90958.1,78839.7,69529.9,58457.6,50773,45119.1
 61.5,6.79334,6.44139,5.56277,13.351,711861,409933,323026,262286,211568,176581,146626,125724,105821,90142.3,76529.6,68689,59026.3,52519.7
 63.8,0,0,5.41389,6.83438,741599,439802,349528,282901,236339,198527,163668,141415,118204,105514,86826.8,80154.6,68118.2,62213.5
 66.1,11.7191,0,0,5.19277,764597,474691,382697,313592,259824,215715,180131,156269,134076,118178,99451.8,87286,78082.2,69470.4
 68.5,12.2811,12.6097,0,0,772225,508689,414457,342991,281847,242583,200423,176145,149827,131497,115947,100705,88890.3,78814.9
 71.0,11.7529,6.37878,0,3.29172,748132,525612,421663,355733,294616,248597,212511,184467,157179,137834,120436,105342,90885.3,83665.6
 73.7,6.28438,8.56558,17.2739,11.6526,748930,546727,447078,375023,310043,264586,225699,195988,166982,147314,127484,110326,101560,88939.3
 76.4,0,0,11.6144,0,766983,581058,476826,404372,338442,288665,248842,216408,183415,164252,141607,122239,112041,99480.2
 79.1,6.14489,12.1749,4.05539,0,794521,623882,508873,438513,367016,311859,266832,233178,202723,183222,157188,137972,124663,111599
 82.0,0,0,8.9558,9.30531,842090,657070,550472,466747,400007,344996,291190,256981,220561,198567,173547,154574,140105,122674
 85.1,10.4112,2.71963,11.8875,9.44713,885462,688541,583322,499903,427658,369876,315119,277395,244828,218298,189237,172362,153081,136935
 88.2,5.77611,0,9.82147,14.1145,924155,735148,619185,533241,463340,392538,345747,300471,266598,234705,209635,187191,167526,148555
 91.4,0,5.15072,9.17341,1.11401,956452,768739,659494,561392,484460,421831,375929,324528,284819,256769,228901,202922,185755,161993
 94.7,5.13521,16.3197,8.71944,0,977362,813182,688816,601720,514841,454934,396677,347010,305579,274168,253156,221269,200013,180239
 98.2,10.9777,0,10.0152,10.7516,1.01524e+006,850705,723168,626090,555260,479429,428300,372058,333373,299733,267003,238750,215282,192937
101.8,4.17917,3.84441,8.82587,15.0889,1.06686e+006,878627,764642,661507,584700,510086,457627,396811,356741,317318,282925,260958,229897,208751
105.5,6.06935,0,1.61785,14.1005,1.13735e+006,915201,798268,693263,622827,544450,476951,420956,378221,335891,302858,274837,251532,223338
109.4,0,21.1781,7.16106,3.06266,1.19221e+006,941650,825852,723794,644045,563090,504434,448985,402381,358276,327090,290002,263800,242455
113.4,0,14.9345,3.12225,1.08549,1.24495e+006,980433,858422,757974,673894,586807,521524,468783,421567,376397,343595,313730,282902,257777
117.6,0,0,8.57557,9.32513,1.26282e+006,1.00296e+006,876667,781122,706025,613156,551786,494993,439943,394791,362586,329126,295880,273619
121.9,0,0,10.7921,10.5617,1.26348e+006,1.02966e+006,900046,799847,715111,628244,571701,515437,467687,415568,375114,344651,311088,285851
126.3,3.31033,14.5685,1.04209,8.7221,1.27184e+006,1.04707e+006,935419,822690,734046,656503,586480,531155,479225,430679,392406,358604,325696,297621
131.0,0,3.2182,8.51959,9.15337,1.28191e+006,1.05835e+006,940964,838901,736578,677676,601459,549863,490930,449758,407273,371925,339114,312461
135.8,0,0,4.23745,22.0787,1.28556e+006,1.06081e+006,939836,854889,766406,687175,617002,562156,510234,462731,421062,384536,349371,320030
140.7,0,4.01099,15.7457,5.47267,1.27953e+006,1.06081e+006,945755,859516,778004,693806,630166,571090,520425,473165,432186,398300,363775,329429
145.9,0,2.65331,1.99093,3.60258,1.26569e+006,1.05814e+006,951322,858457,776722,698619,637377,582075,528872,479117,437675,404816,370306,341642
151.2,0,3.90641,3.32406,0,1.23477e+006,1.02103e+006,938123,848750,774843,705574,633582,579936,530789,482737,444113,407622,377092,343229
156.8,4.69075,5.55305,10.2437,10.8871,1.19926e+006,1.01467e+006,920327,841745,767443,697820,635763,579783,527505,484375,442727,405010,373960,346082
162.5,22.0592,9.11558,0,8.42421,1.15523e+006,981253,893491,823001,752913,684903,625300,574290,523058,481171,438907,407133,374134,345794
168.5,0,0,3.11915,5.13781,1.08761e+006,946611,871579,792104,729668,670646,610524,560582,514094,474296,435003,401506,372441,342368
174.7,5.6219,2.9973,5.47238,13.7309,1.02785e+006,906328,820641,765529,706360,654358,586395,552967,501955,466149,428162,395139,366142,337361
181.1,5.63723,5.63718,5.13424,0.54043,962868,845538,787204,728228,671287,618762,566097,528294,485501,449334,412349,383130,352180,330835
187.7,11.3608,0,0.506774,0,898730,787125,741946,685520,638295,591193,544050,501195,461855,429086,396878,366768,341700,314837
194.6,5.69702,3.58974,11.3939,5.69707,822578,733609,691112,641469,593449,548958,510976,471885,433532,403139,374478,345390,322372,300143
201.7,9.98122,5.74211,4.23902,0,746068,669898,633891,588882,553156,506327,475941,440939,408101,381605,353498,324700,304214,284380
209.1,4.24607,5.7885,4.24602,0,665908,605890,577111,532745,498129,465444,440391,406493,374882,353119,324581,303168,284419,264364
216.7,0,5.12573,0,5.83624,588765,540151,514584,484537,450167,422929,400931,370398,344548,319598,297088,277593,261626,245134
224.7,5.88515,3.37003,5.8851,5.88519,516364,478804,456275,429572,401207,381482,359022,334621,308863,289867,271871,253138,233861,221928
232.9,0,5.93538,11.8707,0,443593,412423,398486,371512,352667,331289,314931,296506,275320,260302,240654,224700,210188,199466
241.4,0,0,0,6.01811,382583,351917,342598,324878,307749,289203,275635,259558,240902,226902,212890,197565,186083,177209
250.3,0,0,0,0,314899,297614,291349,278405,262064,248494,233951,221685,210911,193393,184815,170947,162541,154622
259.5,0,6.1267,7.22123,6.12676,257566,248417,241193,231574,220274,208865,199842,187767,178498,165268,159177,144772,138008,130793
269.0,0,0,5.10587,0,209785,200859,199777,191824,180208,173138,163948,157672,148992,140568,133130,124154,116205,110604
278.8,0,6.27516,0,6.49136,166997,160922,162226,155996,148086,140998,136876,129450,122041,114270,110163,101600,96881.3,91779.6
289.0,0,0,0,25.2118,130076,127107,127812,121597,117821,115591,109596,102238,98646.1,92668.3,87544.9,82889,77366.3,75452.6
299.6,0,0,0,6.4609,101757,99564.2,98588.5,95592.3,92575.8,87877.7,85667,82373.7,77695,72611.2,71383,66312.5,62446.6,60412.1
310.6,0,6.53041,0,0,76672.5,73776.1,75857,72039.5,70566.4,67617.4,65907.9,63309.6,61566.5,56504.4,54794,51867.2,48930.8,46795.9
322.0,0,0,0,0,56221.8,56127.6,56806.9,54123.3,52415.7,51932.2,50558.7,48096.1,45888.9,42951.5,41877.4,38348.3,36726.8,35233.6
333.8,6.75324,0,6.75323,0,40711.9,40360.4,41877.2,40592.5,39326.9,38242.4,37464.1,34592.3,34941.4,31660.7,31678.7,29867.1,28128.7,26809.5
346.0,0,0,0,0,29512.9,28951.7,28750.6,28875.7,28428.3,26427.7,27320.5,26088.8,25741.8,23235.4,23349,21915.3,20117.1,19486.3
358.7,0,6.95044,0,0,20303.7,20147.6,21103.4,19946,20295,19071.3,18922.4,18034.1,17623.9,17028.2,16161.6,15197.3,14332.1,13601.8
371.8,0,0,0,0,13995.7,13970.3,13906,14109.7,13741.9,13539,13307.1,12256,12754.4,12062,11605.9,10582.9,9957.69,9889.93
385.4,0,0,0,0,9241.71,9264.61,9715.9,9655.47,9225.27,9376.02,8997.82,8375.36,8272.37,8005.8,8064.59,6799.04,7061.07,6873.96
399.5,0,0,0,0,6255.3,6371.92,6354.41,6123.81,6034.64,5956.39,6137.63,5896.96,5190.51,5385.83,4929,4554.26,4671.39,4435.31
414.2,0,0,0,0,4317.61,3946.35,4359.35,4133.56,4113.57,3916.46,3816.45,3827.24,3499.62,3209.35,3403.63,3013.38,2916.39,3311.31
429.4,0,0,0,0,2541.17,2568.53,2834.48,2627.43,2782.79,2725.64,2620.81,2422.8,1972.06,2250.96,2110.29,2091.93,1918.07,1938.9
445.1,0,0,0,0,1687.14,1815.26,1778.09,1688.65,1511.48,1714.01,1484.54,1505.16,1260.41,1426.04,1399.67,1269.46,1205.92,1064.97
461.4,0,0,0,0,1046.8,1152,1083.27,1062.53,1057.71,1008.45,1017.68,951.066,956.707,888.398,977.358,817.019,794.574,623.864
478.3,0,0,0,0,607.095,586.749,849.008,677.541,513.605,593.042,615.326,562.054,704.185,494.965,467.368,586.989,490.372,511.91
495.8,0,0,0,0,424.565,561.067,423.64,480.374,398.753,397.889,360.044,367.711,303.804,416.006,360.198,343.41,352.405,424.26
514.0,0,0,0,0,301.243,343.082,257.367,304.858,255.85,271.766,321.354,336.225,236.787,243.805,187.462,159.027,223.696,213.642
532.8,0,0,0,0,152.318,232.242,214.972,203.562,186.374,107.258,141.199,163.356,226.498,135.536,138.181,112.113,189.019,116.023
552.3,0,0,0,0,100.804,120.335,141.416,145.878,161.767,149.93,153.028,84.7309,117.423,119.382,110.273,72.1646,123.249,83.3667
572.5,0,0,0,0,97.2426,105.502,102.888,57.3275,93.7354,57.3277,125.839,58.9116,75.1865,80.2781,95.7661,69.648,87.0598,123.361
593.5,0,0,0,0,0,0,0,0,0,0,0,0,0,0,0,0,0,0
615.3,0,0,0,0,0,0,0,0,0,0,0,0,0,0,0,0,0,0
637.8,0,0,0,0,0,0,0,0,0,0,0,0,0,0,0,0,0,0
661.2,0,0,0,0,0,0,0,0,0,0,0,0,0,0,0,0,0,0
685.4,0,0,0,0,0,0,0,0,0,0,0,0,0,0,0,0,0,0
710.5,0,0,0,0,0,0,0,0,0,0,0,0,0,0,0,0,0,0
Scan Up Time(s),155,155,155,155,155,155,155,155,155,155,155,155,155,155,155,155,155,155
Retrace Time(s),10,10,10,10,10,10,10,10,10,10,10,10,10,10,10,10,10,10
Down Scan First,FALSE,FALSE,FALSE,FALSE,FALSE,FALSE,FALSE,FALSE,FALSE,FALSE,FALSE,FALSE,FALSE,FALSE,FALSE,FALSE,FALSE,FALSE
Scans Per Sample,1,1,1,1,1,1,1,1,1,1,1,1,1,1,1,1,1,1
Impactor Type(cm),0.071,0.071,0.071,0.071,0.071,0.071,0.071,0.071,0.071,0.071,0.071,0.071,0.071,0.071,0.071,0.071,0.071,0.071
Sheath Flow(lpm),3,3,3,3,3,3,3,3,3,3,3,3,3,3,3,3,3,3
Aerosol Flow(lpm),1.5,1.5,1.5,1.5,1.5,1.5,1.5,1.5,1.5,1.5,1.5,1.5,1.5,1.5,1.5,1.5,1.5,1.5
CPC Inlet Flow(lpm),1.5,1.5,1.5,1.5,1.5,1.5,1.5,1.5,1.5,1.5,1.5,1.5,1.5,1.5,1.5,1.5,1.5,1.5
CPC Sample Flow(lpm),0.3,0.3,0.3,0.3,0.3,0.3,0.3,0.3,0.3,0.3,0.3,0.3,0.3,0.3,0.3,0.3,0.3,0.3
Low Voltage,11.1263,11.1317,11.1331,11.119,11.1254,11.1386,11.1118,11.1177,11.1073,11.1041,11.0974,11.1111,11.0987,11.0941,11.0955,11.095,11.1128,11.0886
High Voltage,9074.96,9075.9,9076.14,9075.57,9078.55,9082.71,9081.81,9086.58,9088.51,9089.82,9094.25,9096.63,9094.48,9089.95,9090.19,9086.37,9089.46,9083.38
Lower Size(nm),15.9634,15.9634,15.9634,15.9634,15.9634,15.9634,15.9634,15.9634,15.9634,15.9634,15.9634,15.9634,15.9634,15.9634,15.9634,15.9634,15.9634,15.9634
Upper Size(nm),723.394,723.394,723.394,723.394,723.394,723.394,723.394,723.394,723.394,723.394,723.394,723.394,723.394,723.394,723.394,723.394,723.394,723.394
Density(g/cc),1,1,1,1,1,1,1,1,1,1,1,1,1,1,1,1,1,1
Title,,,,,,,,,,,,,,,,,,
Status Flag,Conditioner Temperature Error ,Conditioner Temperature Error ,Conditioner Temperature Error ,Conditioner Temperature Error ,Conditioner Temperature Error ,Conditioner Temperature Error ,Conditioner Temperature Error ,Conditioner Temperature Error ,Conditioner Temperature Error ,Conditioner Temperature Error ,Conditioner Temperature Error ,Conditioner Temperature Error ,Conditioner Temperature Error ,Conditioner Temperature Error ,Conditioner Temperature Error ,Conditioner Temperature Error ,Conditioner Temperature Error ,Conditioner Temperature Error 
td(s),0.286,0.286,0.286,0.286,0.286,0.286,0.286,0.286,0.286,0.286,0.286,0.286,0.286,0.286,0.286,0.286,0.286,0.286
tf(s),5.51527,5.51527,5.51527,5.51527,5.51527,5.51527,5.51527,5.51527,5.51527,5.51527,5.51527,5.51527,5.51527,5.51527,5.51527,5.51527,5.51527,5.51527
D50(nm),573.629,573.629,573.629,573.629,573.629,573.629,573.629,573.629,573.629,573.629,573.629,573.629,573.629,573.629,573.629,573.629,573.629,573.629
Median(nm),89.3141,69.4094,89.2637,106.859,111.981,120.77,125.704,129.26,132.237,134.947,137.33,139.314,141.074,142.618,144.09,145.157,146.456,147.714
Mean(nm),116.432,96.2612,106.996,124.851,118.788,127.886,132.961,136.474,139.453,142.087,144.591,146.469,148.298,149.731,151.368,152.335,153.54,154.875
Geo. Mean(nm),98.5106,71.9657,85.0117,98.1023,102.983,113.533,119.314,123.318,126.626,129.423,132.088,134.099,136.031,137.581,139.278,140.341,141.58,142.914
Mode(nm),162.531,39.9542,18.7688,18.7688,135.773,140.746,145.902,140.746,140.746,151.247,145.902,145.902,151.247,156.788,151.247,151.247,151.247,156.788
Geo. Std. Dev.,1.791,2.12721,2.03912,2.12794,1.76175,1.67066,1.62549,1.59662,1.57642,1.56364,1.55141,1.54245,1.53452,1.52744,1.52141,1.5167,1.51288,1.50992
Total Concentration(#/cm³),3.51432,6.26028,5.80194,5.68159,723774,555011,480025,421729,374008,332665,297924,268746,242160,219740,199842,182325,166922,153261
Comment,,,,,,,,,,,,,,,,,,
