Sample File,C:\Users\vancelab\Desktop\Chamber\Raw data\Chamber_Water_SMPS_FreshSmoke_MRH_20230410.S80
Classifier Model,3080
DMA Model,3081
DMA Inner Radius(cm),0.00937
DMA Outer Radius(cm),0.01961
DMA Characteristic Length(cm),0.44369
CPC Model,3788 High Flow
Reference Gas Viscosity (Pa*s),1.83245e-005
Reference Mean Free Path (m),6.73e-008
Reference Gas Temperature (K),296.15
Reference Gas Pressure (kPa),101.3
Channels/Decade,64
Multiple Charge Correction,TRUE
Nanoparticle Aggregate Mobility Analysis,FALSE
Diffusion Correction,TRUE
Gas Density,0.0012
Units,dw/dlogDp
Weight,Number
Sample #,1,2,3,4,5,6,7,8,9,10,11,12,13,14,15,16,17,18,19,20,21,22,23,24
Date,04/10/23,04/10/23,04/10/23,04/10/23,04/10/23,04/10/23,04/10/23,04/10/23,04/10/23,04/10/23,04/10/23,04/10/23,04/10/23,04/10/23,04/10/23,04/10/23,04/10/23,04/10/23,04/10/23,04/10/23,04/10/23,04/10/23,04/10/23,04/10/23
Start Time,11:52:00,11:55:00,11:58:00,12:01:00,12:04:00,12:07:00,12:10:01,12:13:00,12:16:01,12:19:00,12:22:00,12:25:00,12:28:00,12:31:00,12:34:01,12:37:00,12:40:00,12:43:00,12:46:00,12:49:00,12:52:00,12:55:00,12:58:00,13:01:00
Diameter Midpoint
 16.3,0,0,0,35.506,35.5001,3926.67,745.909,141.643,35.5232,35.5698,71.1318,0,0,0,0,0,0,0,0,0,0,0,0,0
 16.8,0,33.1863,0,0,0,4489.4,1051.57,232.472,66.4206,99.7556,0,0,33.2831,0,0,0,0,0,0,0,0,0,0,0
 17.5,0,31.1084,0,0,0,4752.96,1254.12,249.04,93.39,124.669,31.1641,0,0,31.1952,0,0,0,0,0,0,0,0,0,0
 18.1,29.198,0,29.1842,0,0,5597.75,1553.01,555.079,321.361,87.744,29.2452,29.262,29.2732,0,0,0,0,0,0,29.2999,0,0,0,0
 18.8,0,0,0,0,0,6651.94,1826.13,871.598,164.905,0,31.4146,0,82.6102,0,0,0,0,0,0,0,0,0,0,0
 19.5,21.9923,0,51.7191,0,25.8708,7509.51,2169.67,1112.69,402.506,259.112,99.9599,77.7674,103.726,0,73.9526,0,0,0,0,0,0,25.9499,0,0
 20.2,3.65662,0,24.3816,0,0,8388.42,2239.44,745.164,309.552,222.721,173.85,73.315,97.7864,24.4466,28.1279,48.9424,0,0,0,0,24.4528,0,0,0
 20.9,23.0219,0,0,0,23.0221,10121.2,3488.15,1255.43,473.415,345.127,78.9649,188.485,80.105,85.3891,39.4179,0,0,22.0421,0,0,0,0,0,0
 21.7,43.2029,0,0,21.6041,0,10174.6,3563.98,1180.4,464.194,470.969,239.264,62.4198,69.943,54.8362,14.5047,50.3319,14.4369,16.6381,0,40.0518,19.2402,19.2362,0,0
 22.5,0,0,20.4388,0,0,11543.6,4177.1,1524.93,626.028,430.428,70.0682,190.426,74.4383,24.0888,4.94668,18.1596,0,12.9826,34.8623,0,0,0,0,0
 23.3,19.3705,0,0,0,0,14007,5198.85,2052.64,866.669,542.709,280.081,223.978,150.666,129.697,40.5969,63.2317,29.8179,26.8235,10.9699,11.408,32.5187,15.576,0,0
 24.1,0,18.2929,0,0,0,14547.1,5615.59,2803.65,1218.42,480.123,476.938,268.767,133.575,50.5766,68.8746,57.105,13.3613,2.34476,20.2395,8.77285,7.26432,48.0965,0,0
 25.0,0,34.8249,0,17.4155,0,17908.9,6724.07,2649.87,1373.54,947.91,600.568,304.654,344.314,112.489,207.879,191.453,47.8574,101.456,35.2203,19.5492,5.11113,31.4312,0,29.0874
 25.9,0,0,0,0,0,19002.1,7942.7,3689.56,1979.04,1361.48,732.552,447.635,453.59,118.379,229.444,213.412,149.635,61.6808,41.5323,7.778,42.1768,59.0118,37.2943,40.9363
 26.9,15.5686,0,15.848,0,0,22786.7,9032.69,4124.66,2561,1561.67,854.971,613.81,329.78,240.579,274.124,43.5664,149.678,125.281,141.663,104.827,12.2879,56.8287,110.15,46.633
 27.9,0,14.7174,0,15.0279,0,24477.2,10874.2,5299.69,3089.95,1526.42,1220.91,739.03,606.092,392.207,336.754,140.774,159.403,122.377,78.9912,35.4538,73.3175,65.3437,57.0477,102.758
 28.9,14.3924,0,0,0,0,28015.1,12126.2,5745.98,3169.62,2115.12,1791.99,698.795,607.297,391.398,396.671,279.922,323.725,65.634,36.7606,99.775,9.53114,100.806,68.824,27.4899
 30.0,0,13.6884,0,0,0,27699.5,14059.4,7391.09,3965.68,2974.42,1488.65,1485.81,947.893,536.699,525.251,321.482,330.75,80.2554,180.448,138.302,143.995,105.222,19.3194,123.924
 31.1,0,0,0,0,0,34016.5,16400.5,9195.13,5092.11,3357.05,2275.52,1607.47,1110.89,675.72,473.503,423.139,484.633,341.048,270.624,220.273,160.805,162.917,139.687,129.071
 32.2,0,0,0,0,0,39419,18498,9598.58,5743.69,3391.5,2731,2056.8,1462.76,997.787,921.767,605.24,518.42,442.713,362.268,309.119,148.03,214.276,144.815,164.406
 33.4,0,0,0,0,0,41117.1,19845.7,11503.4,7177.62,4456.33,2969.41,2612.01,1471.56,1397.93,921.638,816.58,470.54,627.87,441.71,419.222,330.902,200.521,262.051,196.449
 34.6,11.513,0,11.2832,0,0,42964.9,22643.7,12791.5,8565.41,5306.78,4173.23,2536.5,2265.38,1855.67,1268,921.353,1089.81,742.041,766.522,441.422,515.577,319.208,355.248,177.734
 35.9,0,0,3.7739,0,0,47075.1,25127.1,14923.2,9369.1,6408.49,4577.09,3343.28,2252.68,2159.64,1980.98,1270.5,900.565,846.366,714.698,625.08,506.489,461.341,493.386,238.359
 37.2,0,0,7.12583,0,0,50883.2,26538,16416.7,10832,7394.21,4909.09,3964.02,3128.58,2515.5,1808.46,1724.46,1214.66,1176.1,664.842,965.802,667.634,617.587,473.993,329.19
 38.5,10.3457,0,0,10.1887,0,53141,30578.9,19690.5,12508.3,9050.5,6523.23,4259.95,3393.71,2489.17,2041.35,1891.41,1760.79,1295.81,1181.21,712.575,708.504,762.491,430.762,429.347
 40.0,0,9.45299,0,0,17211,57691.5,33662.9,20914.9,13780.7,10122.3,7319.87,5574.49,4596.36,3205.23,2530.99,2558.84,2083.62,1745.17,1337.01,1172.09,1063.27,715.595,645.84,628.619
 41.4,0,9.25767,0,0,73869.9,60826.1,35692,23866.9,15604,11552.6,8799.85,6700.86,5163.57,4428.47,2970.57,3037.94,2224.65,2129.73,1732.18,1212.89,1310.75,1227.44,845.412,827.958
 42.9,0,0,0,0,172589,63538.2,39999.1,25224.9,17849.9,13499.5,9718.9,8014.2,5668.84,4275.49,4451.75,3241.96,2647.1,2494.36,2103.94,1767.11,1580.54,1088.64,1223.44,980.488
 44.5,0,0,0,0,247729,67532.8,42571.8,27527.3,19778.6,14713.5,10733.3,8907.39,6794.34,6257.51,4900.63,3658.16,3205.6,3068.94,2553.53,1932.64,1716.69,1521.98,1410.21,1279.35
 46.1,0,0,0,0,317842,70062.2,45534,31572.9,21822.9,17074.9,11852.8,10298.7,8119.02,6387.72,5302.04,4255.08,3747.64,3360.01,2707.29,2487.55,2129.45,2003.66,1747,1252.39
 47.8,0,8.45878,0,0,322962,73494.3,49213.9,32886.7,23739.9,19192.1,12085.6,11661.8,9815.67,8063.27,6519.84,5691.93,4033.75,4309.71,3243.22,2746.13,2688.48,2303.12,1547.83,1722.47
 49.6,1.1963,0,8.22818,8.22987,308457,76045.9,51765.3,36442.1,26854.2,21178.9,16138.9,13867.2,10958.7,8523.35,6590.82,6506.85,5596.99,5053.41,3668.48,3625.16,3343.43,2657.65,2483.64,2170.16
 51.4,6.13859,0,0,0,245631,79206.7,54492.7,39176.4,29282.8,22052.2,17444.2,14421.6,12175.3,10146.5,7634.67,7607.3,6331.88,5244.44,4986.47,4643.09,4045.67,3500.96,2766.15,2825.7
 53.3,0,0,0,7.80466,147118,82764.9,57414,40994.2,30278.3,24769.3,19425.1,16436.9,13606.4,11560.6,9552.01,8440.48,7351.3,6313.19,5716.73,4556.42,4323.66,4033.98,3392.58,3328.31
 55.2,0,0,0,0,80899.5,84645,59765.9,45292.9,34703.3,27262,21330.7,18765.3,16215.9,13126.5,10814.7,9493.83,8229.77,7109.25,5941.83,5673.81,4912.43,4292.08,4193.69,4021.67
 57.3,0,7.41947,0,7.42003,43013.7,87323.2,65222.3,46739.2,35966.8,29498,23829.2,20519,17054,14244.4,12118.6,11163.2,8963.73,8409.84,7095,7155.21,6326.33,5424.82,5333.97,4317.54
 59.4,7.24095,7.24077,0,0,27079.9,89226.4,65487.6,50085,39221,31725.7,25517.5,22044.7,19139.1,17037.3,14133.6,12067.3,10650.9,9739.72,8547.95,7599.22,6923.11,6691.06,5829.84,4960.47
 61.5,7.07052,0,0,0,33766.9,92915.1,68807.8,53229.9,42054.4,34961.7,27817.2,24601.1,20292.2,17535.2,14936.4,14012.6,12419.5,10954.8,9768.07,8793.22,8324.5,7106.07,6233.17,5702.3
 63.8,0,0,6.90708,6.15541,55386.4,94614.5,72073.9,54867.7,44416.8,37831.7,29818.4,26259.2,22724.1,19530.3,17400,16024.3,13261.4,12578.5,11241.5,9940.55,8442.55,7891.57,7123.86,6095.69
 66.1,0,0,6.75174,0,84635.8,93942.6,73282.9,57440,46778.2,39705.8,32997.4,29759.4,25433.5,22356.8,18612.4,17832.2,15084.4,13580,12982.1,11642,10279.9,9212.22,8044.57,7227.62
 68.5,0,0,0,0,112809,100106,75236,62136.1,50462.4,43073.8,36065.1,31530,26823.5,24143.5,22029.2,18721.8,17447.2,15652.9,13887,13548,11836.5,11253,8984.06,8708.31
 71.0,0,0,0,0,124926,96669.1,75136.9,61341.7,50103.6,42577,36905.3,31923.4,27366.3,24528.3,21357.9,19379.7,16604.9,15524.4,13870.6,12730.7,11261.4,11134.1,9966.06,8742.22
 73.7,6.39774,0,0,0,158656,95640,75078.2,60626.9,51518.2,44414.8,37662.3,34245.9,27662.4,25659.4,22446,21854.9,17456.6,15805.6,14284.9,13836.6,11391,12190.3,9918.66,8832.53
 76.4,0,0,0,0,162542,98039.7,75793.8,64163.5,52171.6,45892.3,40268.1,35133.9,29624.6,27126.7,24926.7,21977.9,19379.3,18020.3,16493.5,14888.9,14105.2,11698.7,10683,9784.26
 79.1,0,0,0,0,153818,98471.2,77693.5,64786.1,56156.8,48741.4,42030.8,36351.4,32600.5,28803.4,25469.9,23636.8,20168,19739,17768.5,16128,15055.8,13335.2,11912.3,10854.8
 82.0,0,0,0,0,150103,100811,81959.5,68073.3,57055.2,51741.3,45368.3,38736.7,32505.6,31077.8,27299.5,20556.9,23677.1,20709.6,18060.4,17253.1,16608.7,14217.2,12627.1,11708.7
 85.1,0,0,0,0,155814,103427,81609.7,69201.3,60119.4,53016.8,47285.3,41083.6,35473.4,33729,28878.7,27647.3,24484.5,22510.6,20686.7,19132,17479.6,15567,14534.2,13433.8
 88.2,0,0,0,5.76227,159406,107093,86013.1,71908.2,60457.3,56449.6,49463.6,43491.4,39743,35667.5,32024.5,29390.7,26395.6,25854.2,22402,21894.7,19164.3,18654.5,16305,15658
 91.4,0,0,0,0,164662,109128,87914.7,74514.3,63069.8,58976,52366.2,47564.6,41645.8,38320.4,34267.6,30805.8,28772.4,27417.4,24573.9,22933.7,20915.2,20320.6,17507,17631.3
 94.7,0,0,0,5.86022,173768,112523,91370.6,78304,68208.2,61618.9,56091.1,49860.9,44951.4,41969.7,37190.5,34202.5,30116,29620.3,26384.3,25424,24584.8,23484.1,19330.6,19085.8
 98.2,0,0,0,0,187560,116035,97490.1,83656.1,73200.4,67007.9,60056.2,52855.2,46546.3,43400.7,38924.2,37374,33176.7,31898.6,28957.1,26855.4,27473.8,25144.5,21145.5,20896.5
101.8,0,0,0,0,198533,120944,100875,86682.8,76393.2,70129.7,64365.2,57010.2,53753.2,48801.8,42095.8,42727.8,36799.8,35281.3,31783.7,30994.5,27938.8,25886.7,24123.5,22931.3
105.5,0,0,0,0,224779,128896,108265,91818.2,80346.1,75317,65288.4,60222,57464.4,53111.5,45466.2,44131.2,41216.6,39091.7,35387.1,33337.1,31792,29145.1,25824.6,25232.6
109.4,0,5.67221,0,0,239871,138732,113658,99417.6,84309.8,82029.5,71752.2,66621.5,59840.9,56963,50052.8,48365.2,45252.9,43693.9,37636.8,37094.9,36980.1,32327.2,28428.1,27649.9
113.4,0,0,0,0,244735,146983,121835,106002,92005.5,87069.8,76194.5,71199.4,65847.2,62236.7,53766.2,53604.2,49165.2,47427.5,42343.1,39263.5,37499.2,36786.7,32293.9,31692.6
117.6,0,0,0,5.61103,261605,155723,130107,113611,99753.1,92531.2,78777.5,81222.4,70521.7,67279,58751.1,59146.9,54272.4,50390,46992.6,43838.3,42127.7,40005.1,34750.3,32928.1
121.9,0,0,0,0,260033,169352,135934,119495,108941,102347,84557.3,85483.6,78673.9,71076,64755.6,63962.1,57695.8,55825.6,51941.2,50339.6,46650.8,43579.2,37456.1,37825.1
126.3,0,0,0,5.57832,255842,175095,149651,129996,116536,110209,91049.4,92696.6,86332.3,81477.1,70568.3,69061.7,65431.3,61005.5,55359.6,54369.5,49200.4,47345.2,41215.4,41102.5
131.0,0,0,0,0,243569,189774,156986,138966,122173,117587,99123.8,99755.2,90554.5,86501.2,76687.3,75141.3,71138.8,65864.7,60012.6,57954.3,54414,51741.3,45532.2,44457.6
135.8,0,0,0,0,234793,199654,168834,149619,132788,126026,105076,106505,96691.4,92386.6,82303.3,80152.1,75792.6,70710.2,65710.9,62244.9,59275.4,56070.2,48391.1,47415.7
140.7,0,0,0,0,220826,210626,176862,157847,141900,134690,112137,111971,102453,99331.2,88364.2,87293,81029.1,76793.6,69723.9,67164.6,63145.2,59564,50997.2,50898.7
145.9,0,0,0,0,215038,213431,185088,165638,147447,142756,118769,116431,110933,105505,93704.7,93174.7,87110.3,81449.2,74360.1,72299,57568.5,62714.5,56268.8,52927.9
151.2,0,0,0,0,214460,226029,188327,165562,155144,150355,125518,121419,114082,111789,98361.7,96152.7,91411.6,84107.7,78605.9,77659.8,70582.5,66996.3,57720.9,56043.4
156.8,0,0,0,0,213357,232261,194072,173091,161806,153607,131212,126666,118472,116598,102511,101462,93401.1,89844.5,83457,79981.5,74764.6,69989.7,59340.4,58696.2
162.5,0,0,0,0,219113,232644,198420,175421,165418,157814,135357,129508,123270,120052,106491,103249,98413.1,92719.7,85084.8,82376.8,76632,71950.7,61623.5,61643.6
168.5,0,0,0,5.5976,229781,231624,197684,176860,169574,161761,138006,131979,126560,120781,110276,108080,99445.9,93922.3,88275.3,83346.1,76732.5,73879.5,63020.7,61875.4
174.7,0,0,0,0,231047,234134,198443,175177,169217,160901,141613,132326,129067,123576,110808,107725,100302,94589.5,88449.6,84858.8,76974.8,73483,64325.7,62033.9
181.1,0,0,0,0,230415,228330,197230,173849,167978,159515,141710,129379,124966,123789,110590,105082,100068,96659.1,88563.5,84510.8,77755.4,74233,63533.7,62694.1
187.7,0,0,0,0,223800,220335,189308,169229,164001,156499,140385,125360,123184,123269,109999,107643,101338,94640.9,88226.2,82796.7,77770.9,73145,62870.9,61318.2
194.6,0,0,0,0,214448,210206,179144,164014,157291,152453,137228,122947,118373,116345,106559,103506,96701.5,92472.4,85594.7,81570.7,74913.1,70668.6,61961.6,60040.8
201.7,0,0,0,0,203892,198209,170803,154064,153564,146400,130717,116451,115436,112250,102313,99346.2,92339.9,89551.6,81556.9,77302.9,72992.9,68192.7,58337,57714.2
209.1,0,0,0,0,192296,185299,156960,142256,144741,137386,124826,108878,109364,107402,97427.2,96499.9,88324.1,83995.7,77815,73925.1,69684.9,63770.8,56539,55170.4
216.7,0,0,0,0,181449,166658,144074,131054,131504,128410,113588,102538,101399,99838.6,91427.1,88602.7,82084.2,79076.2,72016.6,69587.3,64464.2,61054.1,51892.1,52699.1
224.7,0,0,0,0,163074,150922,130656,119251,122268,116332,105409,95057.5,92992.8,92968.6,84862.7,82283.9,77712.5,71788.2,67629.7,63894.9,59737.5,56906.7,49328.1,47515.7
232.9,0,0,0,0,143655,135929,116697,106064,108575,105660,96755.2,83144.2,85181.5,84095.1,76003.8,73876.9,69908.2,66470.5,61937.5,57755.3,55053.4,51521.9,44032.2,43911.6
241.4,0,0,0,0,128199,114073,102813,93304.1,96469.3,93786.6,84885.3,76199.2,74732.2,74578.6,69880.8,66501.3,62610.3,61106,54592.8,51714.6,50464.6,46709.7,40220.8,39969.4
250.3,0,0,0,0,111900,98784.8,88724.4,79100.8,84023.7,80305,73919,63875.5,64935.5,65437.1,61668.4,59614.7,56066.5,53582,48578.4,46021.5,43423.9,41382.7,35497.8,35186.2
259.5,0,0,0,0,93676.6,84881.1,74860.3,68132.2,71176.5,69750.4,63075.8,56202.4,56907,57110.2,52537.8,50355.2,47321.3,46017.9,42322.6,40517.1,37942.3,35857.3,30156,29907.2
269.0,0,0,0,0,75427.8,69942.2,62598.1,57599.3,60484.1,57734,53029.1,47603.1,48551,48843.1,44683.9,43062.3,40958.4,38722.8,35350.5,34079,32434.2,29749.3,25737.8,25645
278.8,0,0,0,0,59426.3,56062.5,50402.3,46908.6,49574.9,49014.7,43796.2,38529.5,39386.4,39788.9,37677.5,36070.8,33867.7,32749.5,30642.7,27476.4,28041.8,25856.1,21697.9,22052.9
289.0,0,0,0,0,46158.2,45075.4,41373.1,37587.6,39204.4,39689.5,35381.7,31574.7,32935.1,32968,31252.2,29800.2,28543,26369,24756.7,23150.4,22344,21239.8,17929.1,17449.6
299.6,0,0,0,0,35648.1,35116.7,31455.4,28917.8,31086.1,30605.8,28266.6,24669.8,26423.1,26107.7,23746.6,23084.5,21998.6,20828.7,20263.6,18943.4,17276.6,16537.2,14650.9,14416.5
310.6,0,0,0,0,26294.8,26268,23997.1,22230.5,24536.4,22744,20281,19002.8,21167.5,19584.5,18319.3,18167.8,17588.3,16124.2,15544.9,14870.9,13893.1,13433.7,10760.4,10945.2
322.0,0,0,0,0,19252.3,20243.6,17885.9,17121.1,18428.8,17873,16163.3,14988.8,15251.9,14678.7,14125.1,13553.3,13568.2,13204.8,11590.6,11076.8,10399,10110.9,8890.46,8613.42
333.8,0,0,0,0,13423.9,13784.5,13642.6,12435.3,12843.8,12768.8,11328.6,10480.4,10567.3,10910.2,10795.2,10147.4,9910.78,9672.45,8553.66,8313.21,7559.6,7832.62,6504.6,6421.35
346.0,0,0,0,0,9151.6,9845.86,8844.25,8591.87,9373.03,9474.29,8368.19,7401.08,8060.98,7904.95,7613.99,6964.08,7163.47,6799.36,6389.09,5831.85,5700.69,5583.45,4690.23,4716.8
358.7,0,0,0,0,6278.44,6851.61,6358.41,5863.49,6406.36,6137.01,5639.47,5250.66,5653.02,5653.53,5468.05,5233.69,5188.91,4649.12,4437.32,4660.61,3855.02,4074.32,3068.05,3505.09
371.8,0,0,0,0,4071.09,4515.35,4043.53,3973.46,4296.43,4041.97,3988.22,3526.95,3904.65,3836.41,3417.96,3525.64,3311.55,3249.86,3075.21,3006.11,2658.31,2644.69,2270.2,2372.4
385.4,0,0,0,0,2796.56,2759.13,2722.72,2675.2,2814.65,2888.31,2582.65,2145.8,2322.3,2420.07,2198.36,2180.98,2139.98,2156.73,1881.68,1919.75,1887.07,1815.1,1445.08,1433.92
399.5,0,0,0,0,1580.7,1832.48,1658.55,1533.23,1620.73,1663.26,1545.61,1632.63,1414.4,1448.97,1360.38,1287.48,1335.4,1287.75,1454.58,1284.32,1284.22,1219.72,1014.79,1004.22
414.2,0,0,0,0,820.805,995.391,1040.3,1043.11,984.528,924.308,1050.01,1001.43,939.742,944.471,949.821,875.908,1061.99,762.196,772.822,884.049,760.981,706.054,506.209,612.854
429.4,0,0,0,0,502.901,496.319,639.269,659.66,616.758,605.997,703.736,484.792,437.953,505.952,501.526,622.98,466.956,540.276,549.012,391.883,444.043,425.191,410.737,336.186
445.1,0,0,0,0,341.089,286.05,419.295,298.605,305.894,339.592,286.902,413.264,344.009,414.52,273.094,317.198,300.27,283.298,257.784,187.273,245.837,293.263,235.713,172.571
461.4,0,0,0,0,135.841,184.138,167.252,160.589,135.853,161.799,183.557,161.195,199.257,137.063,191.397,135.25,145.496,144.913,147.288,137.646,125.003,56.147,125.004,133.458
478.3,0,0,0,0,48.0663,71.4359,104.028,111.491,88.6698,65.3005,81.265,79.39,89.94,80.544,112.098,136.796,64.6951,66.5124,104.145,88.7286,80.0537,103.481,55.3569,56.6262
495.8,0,0,0,0,16.2428,88.6087,9.46679,39.8804,48.0018,47.3293,41.28,48.6748,40.6074,57.4691,16.9157,48.7291,56.8505,32.4859,48.729,16.243,49.4016,65.6447,17.5884,41.2802
514.0,0,0,0,0,24.8841,34.6081,38.6363,1.42926,26.3134,18.0188,16.5895,6.88667,13.7522,42.9032,24.8844,55.2264,16.5896,0,0,8.29481,13.7522,0,41.4741,16.5896
532.8,0,0,0,0,0,16.827,2.878,25.2406,8.41352,8.41356,8.41356,19.7052,11.2916,16.8272,16.8272,2.87803,16.8272,8.41358,8.4136,8.41361,11.2916,8.4136,0,8.4136
552.3,0,0,0,0,25.6079,17.8041,0,0,8.53597,8.53601,8.53601,0,9.26825,0.732219,0,17.0721,9.26827,17.0721,0,17.0721,0,0,0,0
572.5,0,0,0,0,17.4567,16.708,0,0,0,26.1852,8.72839,6.00124,25.4365,7.97969,0,0,25.4366,0,0,0,0,8.72843,0,0
593.5,0,0,0,0,0,0,0,0,0,0,0,0,0,0,0,0,0,0,0,0,0,0,0,0
615.3,0,0,0,0,0,0,0,0,0,0,0,0,0,0,0,0,0,0,0,0,0,0,0,0
637.8,0,0,0,0,0,0,0,0,0,0,0,0,0,0,0,0,0,0,0,0,0,0,0,0
661.2,0,0,0,0,0,0,0,0,0,0,0,0,0,0,0,0,0,0,0,0,0,0,0,0
685.4,0,0,0,0,0,0,0,0,0,0,0,0,0,0,0,0,0,0,0,0,0,0,0,0
710.5,0,0,0,0,0,0,0,0,0,0,0,0,0,0,0,0,0,0,0,0,0,0,0,0
Scan Up Time(s),155,155,155,155,155,155,155,155,155,155,155,155,155,155,155,155,155,155,155,155,155,155,155,155
Retrace Time(s),10,10,10,10,10,10,10,10,10,10,10,10,10,10,10,10,10,10,10,10,10,10,10,10
Down Scan First,FALSE,FALSE,FALSE,FALSE,FALSE,FALSE,FALSE,FALSE,FALSE,FALSE,FALSE,FALSE,FALSE,FALSE,FALSE,FALSE,FALSE,FALSE,FALSE,FALSE,FALSE,FALSE,FALSE,FALSE
Scans Per Sample,1,1,1,1,1,1,1,1,1,1,1,1,1,1,1,1,1,1,1,1,1,1,1,1
Impactor Type(cm),0.071,0.071,0.071,0.071,0.071,0.071,0.071,0.071,0.071,0.071,0.071,0.071,0.071,0.071,0.071,0.071,0.071,0.071,0.071,0.071,0.071,0.071,0.071,0.071
Sheath Flow(lpm),3,3,3,3,3,3,3,3,3,3,3,3,3,3,3,3,3,3,3,3,3,3,3,3
Aerosol Flow(lpm),1.5,1.5,1.5,1.5,1.5,1.5,1.5,1.5,1.5,1.5,1.5,1.5,1.5,1.5,1.5,1.5,1.5,1.5,1.5,1.5,1.5,1.5,1.5,1.5
CPC Inlet Flow(lpm),1.5,1.5,1.5,1.5,1.5,1.5,1.5,1.5,1.5,1.5,1.5,1.5,1.5,1.5,1.5,1.5,1.5,1.5,1.5,1.5,1.5,1.5,1.5,1.5
CPC Sample Flow(lpm),0.3,0.3,0.3,0.3,0.3,0.3,0.3,0.3,0.3,0.3,0.3,0.3,0.3,0.3,0.3,0.3,0.3,0.3,0.3,0.3,0.3,0.3,0.3,0.3
Low Voltage,10.8853,10.888,10.8966,10.8788,10.8806,10.8857,10.8692,10.8641,10.8641,10.8336,10.8364,10.8199,10.8066,10.8066,10.7874,10.7737,10.781,10.8015,10.7823,10.7782,10.796,10.7823,10.7663,10.7851
High Voltage,9056.64,9057.14,9056.84,9053.63,9052.1,9054.87,9051.9,9049.14,9049.14,9045.45,9045.95,9042.96,9038.69,9038.69,9035.19,9032.68,9032.17,9035.92,9032.42,9031.66,9034.92,9032.42,9027.63,9032.92
Lower Size(nm),15.9634,15.9634,15.9634,15.9634,15.9634,15.9634,15.9634,15.9634,15.9634,15.9634,15.9634,15.9634,15.9634,15.9634,15.9634,15.9634,15.9634,15.9634,15.9634,15.9634,15.9634,15.9634,15.9634,15.9634
Upper Size(nm),723.394,723.394,723.394,723.394,723.394,723.394,723.394,723.394,723.394,723.394,723.394,723.394,723.394,723.394,723.394,723.394,723.394,723.394,723.394,723.394,723.394,723.394,723.394,723.394
Density(g/cc),1,1,1,1,1,1,1,1,1,1,1,1,1,1,1,1,1,1,1,1,1,1,1,1
Title,,,,,,,,,,,,,,,,,,,,,,,,
Status Flag,Conditioner Temperature Error ,Conditioner Temperature Error ,Conditioner Temperature Error ,Conditioner Temperature Error ,Conditioner Temperature Error ,Conditioner Temperature Error ,Conditioner Temperature Error ,Conditioner Temperature Error ,Conditioner Temperature Error ,Conditioner Temperature Error ,Conditioner Temperature Error ,Conditioner Temperature Error ,Conditioner Temperature Error ,Conditioner Temperature Error ,Conditioner Temperature Error ,Conditioner Temperature Error ,Conditioner Temperature Error ,Conditioner Temperature Error ,Conditioner Temperature Error ,Conditioner Temperature Error ,Conditioner Temperature Error ,Conditioner Temperature Error ,Conditioner Temperature Error ,Conditioner Temperature Error 
td(s),0.286,0.286,0.286,0.286,0.286,0.286,0.286,0.286,0.286,0.286,0.286,0.286,0.286,0.286,0.286,0.286,0.286,0.286,0.286,0.286,0.286,0.286,0.286,0.286
tf(s),5.51527,5.51527,5.51527,5.51527,5.51527,5.51527,5.51527,5.51527,5.51527,5.51527,5.51527,5.51527,5.51527,5.51527,5.51527,5.51527,5.51527,5.51527,5.51527,5.51527,5.51527,5.51527,5.51527,5.51527
D50(nm),572.115,572.115,572.115,572.115,572.115,572.115,572.115,572.115,572.115,572.115,572.115,572.115,572.115,572.115,572.115,572.115,572.115,572.115,572.115,572.115,572.115,572.115,572.115,572.115
Median(nm),21.8738,24.9504,20.1675,27.6794,117.094,130.655,138.229,143.414,150.643,153.38,155.824,154.744,158.625,160.863,162.44,162.862,163.805,164.322,165.062,164.851,165.421,165.449,165.009,165.696
Mean(nm),28.3323,30.4007,26.92,46.3048,126.654,133.193,140.544,145.9,152.718,155.889,158.157,158.102,161.849,164.184,165.735,166.522,167.813,168.286,169.067,169.204,169.794,170.173,169.63,170.614
Geo. Mean(nm),26.0254,26.9625,24.7167,35.3442,109.897,113.101,122.409,129.202,136.771,140.796,143.396,144.092,148.084,150.843,152.448,153.631,155.133,155.738,156.688,157.038,157.629,158.146,157.657,158.812
Mode(nm),21.6739,25.0287,19.4564,16.2531,47.8286,174.658,174.658,168.485,168.485,168.485,181.056,174.658,174.658,181.056,174.658,168.485,187.688,181.056,181.056,174.658,187.688,181.056,174.658,181.056
Geo. Std. Dev.,1.46265,1.57218,1.46237,2.01138,1.73034,1.85068,1.75528,1.69094,1.64821,1.61406,1.59715,1.57441,1.55919,1.5417,1.53667,1.52355,1.51449,1.50954,1.50295,1.49619,1.49461,1.48956,1.48892,1.48194
Total Concentration(#/cm³),3.44228,3.02063,2.90065,2.46502,152781,124313,98707.4,83656.5,75833.7,70469.8,60920,56038.6,52682.3,50410.8,45092.5,43472.7,40332.2,38135.9,34933.8,33231.8,30878.8,29165.7,25219.7,24627.3
Comment,,,,,,,,,,,,,,,,,,,,,,,,
