Sample File,C:\Users\VanceLab\Desktop\CASA_InLab_Sp23\Chamber\Chamber_Butanol_SMPS_FreshSmoke_LRH_20230323.S82,
AIM Version,10.3.1.0
Classifier Model,3082       ,Classifier S/N,3082021905001   ,Classifier Firmware Version,2.60
Neutralizer Model,3088,Neutralizer S/N,3088011906004
Impactor (cm),0.071,Impactor S/N,7100764
DMA Model,3081,DMA S/N,3081A1903007
DMA Inner Radius (cm),0.937
DMA Outer Radius (cm),1.961
DMA Characteristic Length (cm),44.369
HV Polarity,NEG,
Detector Model,3750,Detector S/N,3750190603,Nano Enhancer , None
Detector Sample Flow (L/min),1.00,Detector Inlet Flow (L/min),1.00
Reference Gas Viscosity (Pa*s),1.832450e-005
Reference Mean Free Path (m),6.730000e-008
Reference Gas Temperature (K),296.15
Reference Gas Pressure (kPa),101.30
Sutherland Constant (K),110.40
Tube Length (cm),25.40
Tube Diameter (cm),0.48
Channels/Decade,64
Multiple Charge Correction,TRUE
Nanoparticle Agglomerate Mobility Analysis,FALSE
Diffusion Correction,TRUE
Units,dw/dlogDp
Weight,Number
Sample #,1,2,3,4,5,6,7,8,9,10,11,12,13,14,15,16,17,18,19,20,21,22,23,24,25,26,27,28,29,30,31,32,33,34,35,36,37,38,39,40,41
Date,3/23/2023,3/23/2023,3/23/2023,3/23/2023,3/23/2023,3/23/2023,3/23/2023,3/23/2023,3/23/2023,3/23/2023,3/23/2023,3/23/2023,3/23/2023,3/23/2023,3/23/2023,3/23/2023,3/23/2023,3/23/2023,3/23/2023,3/23/2023,3/23/2023,3/23/2023,3/23/2023,3/23/2023,3/23/2023,3/23/2023,3/23/2023,3/23/2023,3/23/2023,3/23/2023,3/23/2023,3/23/2023,3/23/2023,3/23/2023,3/23/2023,3/23/2023,3/23/2023,3/23/2023,3/23/2023,3/23/2023,3/23/2023
Start Time,11:00:00,11:03:00,11:06:00,11:09:00,11:12:00,11:15:00,11:18:00,11:21:00,11:24:00,11:27:00,11:30:00,11:33:00,11:36:00,11:39:00,11:42:00,11:45:00,11:48:00,11:51:00,11:54:00,11:57:00,12:00:00,12:03:00,12:06:00,12:09:00,12:12:00,12:15:00,12:18:00,12:21:00,12:24:00,12:27:00,12:30:00,12:33:00,12:36:00,12:39:00,12:42:00,12:45:00,12:48:00,12:51:00,12:54:00,12:57:00,13:00:00
Sample Temp (C),22.2,22.2,22.2,22.2,22.2,22.2,22.2,22.2,22.1,22.1,22.1,22.1,22.1,22.1,22.1,22.1,22.1,22.1,22.1,22.1,22.1,22.1,22.1,22.1,22.1,22.1,22.1,22.2,22.1,22.1,22.2,22.2,22.2,22.2,22.2,22.2,22.2,22.2,22.2,22.2,22.2
Sample Pressure (kPa),80.8,80.8,80.8,80.8,80.8,80.7,80.8,80.8,80.8,80.8,80.8,80.8,80.7,80.7,80.7,80.7,80.7,80.7,80.7,80.7,80.7,80.7,80.6,80.7,80.6,80.6,80.6,80.6,80.6,80.6,80.6,80.5,80.5,80.5,80.5,80.5,80.5,80.5,80.5,80.5,80.5
Relative Humidity (%),11.0,13.0,14.7,16.2,17.4,18.4,19.3,20.1,20.7,21.2,21.7,22.1,22.4,22.7,22.9,23.1,23.2,23.4,23.5,23.6,23.6,23.7,22.1,19.4,17.3,15.5,14.1,13.0,12.0,11.2,10.5,9.9,9.4,9.0,8.6,8.2,8.0,7.7,7.5,7.2,7.1
Mean Free Path (m),8.40851e-008,8.40851e-008,8.40851e-008,8.40851e-008,8.40851e-008,8.41893e-008,8.40851e-008,8.40851e-008,8.40489e-008,8.40489e-008,8.40489e-008,8.40489e-008,8.41530e-008,8.41530e-008,8.41530e-008,8.41530e-008,8.41530e-008,8.41530e-008,8.41530e-008,8.41530e-008,8.41530e-008,8.41530e-008,8.42575e-008,8.41530e-008,8.42575e-008,8.42575e-008,8.42575e-008,8.42938e-008,8.42575e-008,8.42575e-008,8.42938e-008,8.43985e-008,8.43985e-008,8.43985e-008,8.43985e-008,8.43985e-008,8.43985e-008,8.43985e-008,8.43985e-008,8.43985e-008,8.43985e-008
Gas Viscosity (Pa*s),1.82863e-005,1.82863e-005,1.82863e-005,1.82863e-005,1.82863e-005,1.82863e-005,1.82863e-005,1.82863e-005,1.82815e-005,1.82815e-005,1.82815e-005,1.82815e-005,1.82815e-005,1.82815e-005,1.82815e-005,1.82815e-005,1.82815e-005,1.82815e-005,1.82815e-005,1.82815e-005,1.82815e-005,1.82815e-005,1.82815e-005,1.82815e-005,1.82815e-005,1.82815e-005,1.82815e-005,1.82863e-005,1.82815e-005,1.82815e-005,1.82863e-005,1.82863e-005,1.82863e-005,1.82863e-005,1.82863e-005,1.82863e-005,1.82863e-005,1.82863e-005,1.82863e-005,1.82863e-005,1.82863e-005
Diameter Midpoint (nm)
 16.3,0.000,0.000,96999.687,25289.076,9326.814,4553.773,2835.404,2523.729,2428.482,2197.960,2108.786,2316.245,1850.322,1904.104,1814.483,1854.880,1327.293,1530.440,1858.852,1460.138,1926.348,1685.028,1737.093,1646.899,1656.629,1482.648,1460.319,1446.268,1449.003,1556.287,1411.168,1098.089,1176.932,1149.058,1242.810,1091.698,1136.108,1144.460,797.141,809.191,920.089
 16.8,0.000,0.000,101131.555,26562.325,8800.088,3990.813,2180.805,1441.802,945.590,1260.799,963.700,975.271,970.646,790.384,831.907,1000.739,919.791,1009.594,790.975,1044.706,936.907,1225.077,935.865,842.787,802.498,950.524,754.920,827.160,774.412,723.915,736.644,707.634,636.826,697.641,601.277,599.245,515.626,590.881,494.297,485.281,539.367
 17.5,0.000,0.000,104556.185,26960.165,9842.576,4320.405,2014.431,795.817,693.182,433.519,518.242,477.377,352.209,364.248,502.091,453.484,535.694,355.962,607.096,416.682,295.280,615.703,388.795,402.910,357.300,451.149,525.502,409.097,470.926,333.957,365.008,368.953,381.236,312.659,326.198,260.669,312.803,378.525,260.013,194.518,168.157
 18.1,0.000,0.000,108144.092,30622.788,10992.135,4447.853,2028.945,945.463,589.065,356.895,275.488,284.661,331.039,246.524,227.562,172.657,303.888,175.188,189.356,247.156,269.115,539.642,221.261,265.809,180.348,269.139,228.336,184.522,151.069,143.982,136.562,235.167,200.909,172.409,122.532,158.893,122.225,183.337,73.152,188.766,114.579
 18.8,0.000,0.000,112965.103,33448.902,11339.993,5069.512,2066.591,1236.612,476.080,345.595,268.095,203.729,177.428,104.855,75.448,124.775,99.305,86.395,147.429,61.114,48.642,659.375,134.522,54.252,108.947,84.304,47.688,71.185,94.654,76.573,129.196,93.072,69.977,46.303,69.108,34.469,34.469,91.917,68.767,85.499,108.968
 19.5,0.000,0.000,115415.065,35573.835,13798.253,5640.726,2362.554,1292.614,690.616,566.509,198.809,173.397,143.217,83.328,94.988,70.510,81.840,81.422,69.435,23.027,45.821,536.013,34.558,22.911,57.015,45.382,78.621,46.940,22.294,44.367,33.200,54.811,21.980,21.817,43.418,10.827,32.482,0.000,0.000,21.548,10.748
 20.2,0.000,0.000,120885.146,40250.342,15180.753,5785.245,3486.326,1542.521,832.031,363.276,299.634,141.610,112.414,67.276,100.165,99.631,33.042,21.916,32.707,32.542,21.585,360.943,10.853,21.585,10.743,0.000,31.751,29.498,10.506,20.906,10.428,0.000,20.714,20.562,40.920,10.205,0.000,0.000,10.180,10.155,20.261
 20.9,0.000,0.000,121092.837,40914.520,17078.853,7011.545,3330.990,1829.683,1057.769,527.751,306.137,250.405,169.974,98.802,103.489,73.461,22.759,34.266,27.291,21.516,6.707,278.906,0.000,60.004,18.939,18.388,19.264,8.880,0.000,29.327,0.000,8.989,0.000,0.000,18.986,9.327,0.000,9.248,0.000,0.000,9.497
 21.7,0.000,0.000,122659.836,42868.569,18532.799,7719.205,3920.698,2466.874,1171.743,718.743,427.842,257.653,157.573,139.537,112.190,64.941,47.422,1.194,68.917,29.535,41.306,192.131,16.574,7.751,27.015,0.000,18.044,8.324,8.031,0.000,17.529,35.928,18.072,8.139,17.441,0.000,8.622,8.650,0.000,0.000,0.000
 22.5,0.000,0.000,127120.966,45822.572,21490.827,9559.088,5371.237,2791.559,1599.092,916.082,467.742,363.436,250.793,166.967,87.351,108.142,27.274,50.926,24.982,37.629,1.795,64.158,58.400,26.436,15.028,6.108,0.000,7.363,33.991,7.972,0.000,0.000,0.000,15.671,15.848,0.000,15.879,0.000,16.409,0.000,0.000
 23.3,0.000,0.000,129773.357,50133.480,23631.008,11066.376,5890.809,3454.687,2072.750,1115.079,646.765,394.720,319.156,179.705,167.378,53.596,64.922,51.051,28.034,20.471,15.823,107.683,27.397,17.453,0.000,12.335,5.956,14.363,5.053,0.000,0.000,0.000,0.000,6.083,15.494,6.830,6.356,0.000,15.520,0.000,6.590
 24.1,0.000,0.000,133675.857,54650.071,24139.313,12819.774,6726.998,3625.366,2245.259,1260.042,933.277,667.323,422.087,304.795,218.723,126.412,58.190,127.378,78.695,60.101,2.662,45.870,6.310,26.367,8.337,26.988,11.451,11.171,5.018,28.292,5.932,4.826,6.380,20.835,5.982,0.000,0.000,0.000,15.251,0.000,0.000
 25.0,0.000,0.000,138532.271,57408.075,27731.661,14328.583,8069.833,4657.287,2685.779,1577.897,999.643,858.350,429.249,226.470,274.167,171.614,122.012,84.541,75.524,72.343,44.158,29.558,18.595,63.025,7.974,0.000,21.803,0.000,3.459,11.455,12.987,13.402,27.373,36.649,0.000,4.451,0.000,0.000,6.300,13.694,5.338
 25.9,0.000,0.000,141176.089,62752.419,30342.726,15709.978,9337.049,5282.582,2999.991,2243.580,1304.352,822.386,579.122,435.613,345.037,242.660,263.580,146.127,90.611,70.263,68.658,79.020,40.702,27.533,53.241,6.773,0.936,6.028,28.287,10.051,7.779,4.737,1.889,4.685,11.705,10.853,3.779,6.518,0.000,0.000,13.355
 26.9,0.000,0.000,145772.950,68312.357,33760.189,18162.526,10650.113,6375.421,4060.778,2522.241,1783.597,1106.951,731.819,529.309,459.576,289.875,153.487,228.556,118.750,90.585,50.699,9.158,63.132,25.982,37.946,14.911,18.615,9.805,18.761,5.167,0.000,5.950,8.120,18.439,8.055,8.575,0.000,11.085,24.691,3.878,0.000
 27.9,0.000,0.000,150865.002,73728.163,36902.863,21289.337,11467.582,7016.321,4471.765,2951.107,2016.612,1429.835,745.820,709.913,502.696,398.912,369.908,284.300,144.928,118.746,125.739,63.386,49.522,0.000,47.336,29.332,28.070,7.863,22.466,46.357,28.283,33.287,17.444,19.851,0.000,45.560,9.078,16.225,2.348,22.911,3.331
 28.9,0.000,0.000,154876.266,74747.584,40795.344,24172.861,13572.520,8875.302,6010.484,4131.694,2640.485,1901.371,1447.433,957.648,671.813,465.191,402.452,361.668,190.740,186.642,96.975,146.534,157.023,53.169,126.109,17.912,18.556,51.122,20.913,32.025,24.374,3.895,47.919,51.364,23.538,22.904,4.030,21.515,1.258,12.056,2.701
 30.0,0.000,0.000,163366.631,82222.367,46178.522,27790.196,15928.805,9595.504,6228.827,4899.418,3202.170,2254.283,1887.144,1275.566,899.360,737.235,607.011,514.557,261.225,245.574,250.465,195.080,105.614,91.301,99.796,131.831,55.061,77.845,90.556,25.348,23.879,56.491,21.565,51.271,27.317,23.888,34.456,29.542,24.612,0.000,6.649
 31.1,0.000,0.000,169178.698,88999.653,51011.722,30447.512,17908.910,12014.580,8107.699,5454.011,3854.762,2929.853,2201.261,1773.798,976.894,804.497,660.547,491.508,523.841,287.096,400.366,210.356,162.983,108.384,95.924,141.799,44.929,59.030,74.793,36.530,63.162,48.630,20.926,59.111,46.188,29.008,25.964,24.670,18.575,17.465,20.752
 32.2,0.000,0.000,177503.499,94126.656,54484.877,32815.095,20609.746,13969.030,9348.186,6553.643,4583.393,3385.920,2743.621,1799.321,1339.021,1190.343,1009.517,725.893,612.899,429.024,372.838,350.180,305.058,176.234,164.838,150.220,141.954,80.283,77.334,44.624,105.268,87.226,56.532,89.501,76.077,42.766,73.690,0.000,42.603,36.672,13.038
 33.4,0.000,0.000,192891.215,100704.994,60470.193,37172.866,23355.953,16378.662,11172.350,8280.225,5518.293,4048.447,3055.025,2306.284,1730.491,1622.777,1056.306,877.023,717.645,666.071,466.821,432.283,334.053,286.504,253.421,221.909,112.917,114.503,158.613,92.282,164.758,79.123,47.817,98.531,35.774,61.811,83.162,91.144,32.730,54.053,72.734
 34.6,0.000,0.000,196583.244,108459.943,65800.717,42313.732,27495.462,18979.566,12853.555,9188.704,6706.094,4906.004,3813.745,2932.179,2155.545,1738.885,1421.128,938.981,868.288,581.668,574.580,410.778,426.425,266.997,231.949,230.033,197.019,205.926,121.548,149.383,78.863,128.468,63.095,110.442,76.990,82.127,64.636,53.087,9.471,35.596,40.031
 35.9,0.000,366315.843,208801.881,116812.194,72314.716,46532.870,31137.062,21049.796,15417.655,11485.780,7904.136,6011.714,4307.670,3714.467,2572.772,2310.724,2030.578,1617.808,1027.845,838.025,696.654,608.837,483.582,283.945,373.888,307.149,339.711,295.352,156.841,139.469,81.746,58.529,105.261,26.050,63.348,111.984,61.484,41.081,42.690,41.173,77.334
 37.2,0.000,1198767.365,218967.002,126880.958,80493.405,52262.547,35362.255,24045.365,18081.954,13605.546,9787.441,7348.545,5759.866,4621.204,3440.332,2921.766,2318.593,2100.169,1262.285,1171.912,956.712,757.086,651.338,585.185,458.577,521.951,463.072,286.766,273.007,148.486,226.865,81.606,179.052,82.994,83.125,110.143,111.640,17.864,14.959,42.823,21.436
 38.5,0.000,2423845.224,225807.309,135572.838,86280.946,56514.663,41214.088,28298.685,21056.924,15048.094,11398.677,9624.965,6545.323,5504.354,4492.369,3402.336,2919.874,2409.661,1913.208,1621.579,1261.521,980.952,899.183,709.261,497.852,402.788,496.835,336.116,275.624,263.345,329.613,235.262,169.556,60.569,167.308,150.863,97.414,75.138,71.434,87.271,74.897
 40.0,0.000,3935511.151,243588.082,146852.887,97304.711,63931.612,46413.450,32896.732,24089.101,16858.433,13122.635,10898.911,8983.105,6393.364,5300.230,4194.119,3563.153,2792.478,2207.845,1792.942,1495.891,1539.337,1099.943,1004.799,622.315,671.083,698.293,518.773,292.556,360.281,311.065,343.553,238.121,167.490,253.816,169.037,103.124,87.579,112.852,75.391,85.056
 41.4,0.000,5043212.956,259831.584,158164.626,106904.816,72286.353,52743.311,37377.704,27054.816,21199.225,16326.195,13242.379,10379.409,8659.061,6445.403,4913.753,4841.999,3228.872,2950.030,2520.292,2017.503,1549.703,1297.882,1100.824,978.464,998.734,803.046,462.011,424.984,454.796,334.214,366.962,365.125,269.434,175.051,189.405,204.105,77.641,116.696,160.082,85.222
 42.9,0.000,5610538.947,281171.995,172042.728,118314.486,82865.573,59378.823,43605.683,33053.059,24031.272,17969.313,15925.788,12366.526,10000.472,7523.762,6385.142,4923.490,3981.227,3803.600,3043.604,2583.112,1942.555,1743.698,1457.744,1177.108,1198.096,1110.914,717.471,556.488,668.768,412.033,487.372,459.251,327.707,401.679,410.420,303.599,128.870,246.501,168.171,105.578
 44.5,0.000,5501339.065,295770.449,188730.723,128922.549,92477.594,66939.959,49267.112,38386.919,29213.026,22226.502,18124.868,14108.901,11260.160,9611.885,8197.834,6556.422,5281.284,4618.256,3761.634,3137.497,2098.114,2135.722,1998.573,1716.851,1270.289,1416.168,1077.621,985.107,707.889,598.498,630.146,632.098,430.084,451.250,342.434,261.637,300.225,316.625,219.538,278.646
 46.1,0.000,4871909.840,314712.370,207219.054,143300.677,103506.283,75050.797,57484.191,43301.426,32840.997,26768.006,22388.218,16922.532,13929.066,12248.055,9708.140,7750.576,6659.398,5697.581,4640.432,4526.964,2570.946,2877.117,2472.867,2045.715,1712.922,1564.490,1305.896,1240.136,988.085,895.349,727.632,823.518,586.426,532.209,393.222,580.235,496.184,407.953,311.270,255.522
 47.8,0.000,3933098.589,336320.021,225188.806,157583.550,115545.521,85092.316,67080.191,52019.902,38390.650,32996.516,25600.761,20540.765,16707.700,15478.779,11831.908,9943.243,8197.042,6865.756,5952.145,5724.691,3880.182,3859.875,3235.653,2733.514,2743.710,2240.147,1958.669,1931.718,1480.994,1189.044,1325.492,890.404,776.792,1066.334,786.805,587.269,838.748,677.978,569.189,388.979
 49.6,0.000,2958823.526,367462.545,244865.899,179310.023,132155.577,99066.634,77484.199,61516.725,47069.573,41018.460,31657.850,26038.188,22946.562,19506.323,15947.372,13155.004,11833.649,9706.287,8122.875,7753.852,6262.790,5351.519,4846.837,4414.917,3806.015,3348.363,2958.034,2996.016,2382.879,2148.910,2051.932,1885.972,1570.874,1581.444,1338.944,1219.144,1327.035,989.404,947.645,1006.089
 51.4,0.000,2165154.385,398480.726,271389.656,200445.975,150080.309,112115.526,91233.992,69885.194,55715.100,49308.499,37033.337,31362.169,27077.473,22250.078,19534.723,17677.654,14828.256,12682.990,10243.344,10072.050,7767.120,6949.695,7047.770,5603.847,5026.386,4632.364,3614.395,4213.430,3427.660,2793.283,2629.028,2552.077,2627.895,1966.348,1847.524,1973.195,1757.400,1534.168,1653.807,1398.350
 53.3,0.000,1552799.706,438831.363,294971.937,219512.811,165227.088,128732.607,104722.227,82211.182,65740.036,56169.839,43808.041,37892.751,32288.317,28173.004,23905.068,20454.612,17403.181,15174.922,12505.612,11964.283,9259.025,8969.152,8833.859,6955.192,6537.352,5779.723,4658.172,5380.872,4426.190,4066.470,3427.539,3139.589,3239.108,2577.510,2586.221,2572.432,2306.749,2036.268,2003.395,2124.684
 55.2,0.000,1096760.700,468702.199,321616.254,245582.501,189869.686,142185.001,119229.246,93639.239,77764.811,64426.005,52548.482,44173.944,38897.309,33682.342,28224.818,24714.157,21005.206,18140.744,15867.443,15145.138,11584.992,10897.369,9984.483,8609.379,8468.587,7225.945,6366.938,6552.899,5779.670,4837.821,4486.328,4287.134,4290.453,3800.709,3440.186,3193.126,3154.815,2831.984,2483.303,2554.778
 57.3,0.000,747693.708,502825.116,353561.646,267878.791,208784.815,158638.440,129332.888,104440.062,89912.034,74244.369,62341.940,53696.609,44366.123,39249.197,33589.338,29309.148,24601.820,22652.732,20032.849,18465.458,14531.509,14032.279,13316.946,11760.860,9840.250,9392.823,8165.641,8289.988,7082.985,6868.925,5834.169,5528.909,5217.406,4356.791,4670.574,4224.157,3936.920,3808.410,3506.198,3305.180
 59.4,0.000,501372.639,534710.840,381587.123,293893.367,228081.969,183420.280,147743.607,120538.105,102304.760,84212.468,69962.328,60990.182,51657.687,45969.084,39137.450,34062.260,29945.847,26466.407,23673.482,21601.503,18682.371,17638.565,16172.947,14007.916,12425.472,11074.892,10520.913,9922.639,8741.458,8253.287,7071.789,6808.313,6123.159,5488.866,5750.336,5147.347,5206.195,4424.257,4584.343,4199.607
 61.5,0.000,295933.638,576808.420,417710.329,322355.713,249880.134,206413.034,163253.207,138492.934,114168.790,96026.946,81007.085,71701.059,60543.033,54494.803,44507.686,41140.164,37067.739,30998.700,28658.205,25930.431,22116.002,20020.305,19583.080,16963.787,15270.318,13661.550,12951.330,12725.491,10794.306,10182.730,9054.019,8427.674,7898.555,6774.434,6993.254,6551.408,6208.755,5621.743,5869.486,5181.002
 63.8,0.000,151234.315,613399.892,448794.559,350303.816,270853.201,228253.508,180714.543,153378.459,129560.982,109660.570,95318.757,83580.684,69886.375,61939.384,52567.518,49063.201,43505.175,36827.865,33381.751,30152.069,25774.596,25784.204,23262.389,20765.510,19468.085,17105.395,15361.514,14713.505,12958.029,12771.006,11202.258,10582.137,9237.741,7938.315,8604.619,8312.955,7553.065,7159.068,6815.613,6547.070
 66.1,0.000,59424.166,650567.601,479816.728,389321.711,298767.368,255458.319,201879.424,169627.947,143930.160,121972.308,108225.693,93685.593,82008.929,69702.239,61124.276,56042.773,49361.969,44935.280,38435.118,35579.917,32151.129,28453.101,26911.669,24677.410,22530.502,20116.703,18806.950,17234.974,16291.804,14786.944,13432.640,12673.106,11690.528,10356.494,10756.603,9683.199,9369.370,8697.713,8246.445,7637.808
 68.5,0.000,19307.176,693984.125,516690.256,418633.777,326155.900,283295.963,224588.449,191922.643,161658.082,138495.386,123511.005,106465.517,92169.347,82346.624,71443.345,63467.815,58981.422,52436.284,47605.467,42493.122,37994.661,35170.053,30754.048,29497.059,26964.463,23377.784,22379.028,21152.706,19615.448,18106.776,16164.818,15112.422,14133.172,13098.427,12760.184,12141.943,10727.380,10598.689,10069.336,9572.367
 71.0,0.000,19281.070,721997.307,531747.196,424973.495,338610.920,280951.458,227558.458,195194.434,172447.159,141288.295,125051.356,110901.119,94504.723,80598.865,72537.677,64345.814,57894.528,53691.128,47608.932,42904.847,37423.858,34928.536,30100.125,28675.974,25551.713,23776.254,22761.693,20944.567,19236.571,17831.434,16122.611,15316.457,14231.889,12964.667,12179.414,12023.260,10314.151,11036.496,9837.822,9172.324
 73.7,0.000,98412.119,734398.046,544594.872,448569.305,348816.545,291455.862,239895.617,209548.607,177540.480,143710.371,128132.726,110719.499,100605.029,85547.610,74125.820,66980.493,57620.922,55144.178,49861.313,43774.963,38794.930,35661.816,30686.588,30692.285,26370.313,23907.548,22922.634,20583.567,19345.299,17875.087,16210.716,14711.271,14144.173,13556.013,12208.727,11517.258,11108.782,10337.979,10173.677,8928.522
 76.4,0.000,245154.526,765614.896,580444.006,466189.810,368829.765,315363.791,259129.598,225659.346,193395.758,159253.078,143696.953,130659.287,109511.460,94206.368,86211.196,74774.440,66966.420,62134.857,56578.943,49672.425,45846.194,41351.980,35589.820,34165.761,30845.538,27962.298,26713.597,23210.087,21693.994,21039.228,19664.780,17334.435,16541.383,15657.363,13786.739,13201.453,12147.760,11940.639,11685.755,10380.121
 79.1,0.000,377262.887,808072.361,618319.929,503318.636,412927.315,336620.563,279291.467,241501.147,211428.222,181083.919,158790.541,143018.651,118038.277,103552.406,96218.011,85381.653,75954.791,69048.265,62388.393,54118.759,50472.678,47285.180,41098.360,39917.950,35091.012,31455.697,31085.390,25596.780,24204.270,24473.176,22182.506,20400.138,18812.901,17653.993,16335.890,15669.200,14078.284,12988.693,14087.846,12161.772
 82.0,3.156,592799.499,839897.694,672535.006,542645.455,439013.170,374329.992,315269.552,272020.302,230573.123,199826.386,171649.102,159461.841,133202.795,115844.997,103593.653,97462.308,83942.336,76418.265,67782.694,61403.849,56413.175,53712.739,48138.292,42949.066,39000.967,35522.895,34080.469,28705.544,27729.162,27970.002,25060.677,23219.119,20942.487,21201.839,19198.930,17425.625,16285.386,15679.249,14295.190,13467.890
 85.1,0.000,840980.949,878208.423,696964.058,573565.912,464331.503,400221.193,337523.371,293349.343,247837.259,223993.552,191911.695,171821.251,147886.225,125058.878,118905.108,109159.077,95829.567,86184.618,76215.014,69916.838,64574.128,59169.890,53208.234,48843.561,47233.343,38838.714,37041.162,33887.955,33097.403,30817.622,28676.634,25859.390,24669.682,24222.478,21093.508,20007.046,19119.860,17317.879,15680.362,14505.765
 88.2,0.000,1066231.493,916732.072,754263.971,619484.693,511947.869,437161.192,373699.400,317626.344,276490.838,244365.808,214964.671,182703.296,165357.676,144790.874,133361.789,117931.943,106854.480,95596.236,83406.672,77878.587,69029.824,66269.619,59877.135,54949.921,52047.003,45864.537,42818.030,39030.474,38267.842,35435.967,32244.817,31573.758,28850.202,26955.687,24884.158,23159.797,20834.763,20007.508,18753.353,17564.020
 91.4,2.682,1273640.069,971450.240,799120.479,654902.219,548260.303,472276.026,399254.251,346111.780,299162.943,265678.489,234962.498,204440.312,181738.836,161839.342,144538.584,128959.251,111390.855,110258.994,96672.200,86774.175,79419.684,78033.991,68718.861,61528.314,60121.165,51058.171,48494.864,42900.515,43113.516,40334.446,35862.674,34694.701,32569.312,32269.388,26927.455,24754.803,24141.563,23341.163,20920.281,20230.145
 94.7,2.252,1430656.830,1017497.690,835328.793,690623.516,574785.206,500959.955,428001.513,375806.900,322180.169,290582.330,257462.958,224415.137,203646.889,181506.858,159849.632,141628.773,129735.860,120936.254,108960.720,96169.233,87597.592,81854.679,76450.788,68434.324,66113.928,59468.029,55793.128,49769.317,47509.213,45747.786,42197.251,39225.208,37666.560,35795.091,30837.636,29545.224,27903.051,26068.499,24913.243,23574.428
 98.2,0.000,1523299.356,1060664.929,883611.098,729135.364,616731.532,533148.194,466116.795,405176.931,354228.984,314471.624,280829.501,247299.828,223592.755,196109.647,178470.934,157584.742,147094.463,132686.197,126030.930,105693.108,94422.266,93656.893,85652.352,75411.958,72944.838,68452.947,63455.152,57379.706,55575.070,49914.869,46605.919,44672.880,43005.876,40067.139,34346.881,33340.944,31536.301,30423.660,28122.684,26968.531
101.8,0.000,1610422.306,1104273.930,921331.841,778336.473,653890.267,576473.331,505206.417,443408.583,392842.722,341523.067,301002.851,269277.857,241401.157,215855.692,193963.126,173018.636,156194.689,148014.624,138399.803,119761.603,109626.515,103201.292,97738.444,85599.740,83221.498,75598.038,73239.856,63234.273,62439.675,56370.935,52792.633,51279.657,47039.724,45477.266,37901.771,36960.862,37137.428,35008.399,31829.205,30335.941
105.5,2.278,1708638.704,1137670.001,947783.635,823356.260,688511.491,625857.834,537245.688,472784.569,414624.454,378081.859,336204.306,297126.022,265940.276,240597.247,215499.041,195172.674,175140.904,159194.652,152504.369,130059.392,118734.465,114742.803,107326.017,98728.206,92130.900,84181.266,77262.649,73556.354,68990.805,63781.159,58891.552,56837.660,52831.869,50516.579,45048.568,43081.953,42825.632,38615.243,36498.365,34638.994
109.4,5.034,1757631.505,1177645.175,997201.623,854489.210,745751.525,655258.190,577607.455,492179.429,453253.404,400791.722,355160.690,323989.377,292560.090,258059.560,239538.718,213468.237,195699.114,174438.185,164055.176,143647.177,131637.178,128621.625,120604.995,109730.082,101332.691,96047.763,88382.601,80165.720,77278.862,71189.796,66526.902,63904.483,59011.794,55192.909,51725.690,47622.351,47935.081,44012.918,39520.220,39851.811
113.4,2.729,1709449.090,1221154.851,1040951.320,902391.790,777212.711,692069.244,609547.465,532783.693,480844.685,429162.922,381958.831,339301.918,316022.447,281414.589,256070.768,230572.510,214324.539,191400.780,181746.261,157773.161,146925.081,141828.483,129320.172,119621.933,115627.230,106683.824,100283.307,90357.078,86917.568,79168.592,74666.643,70738.612,66216.588,60978.183,57785.100,53770.090,54029.218,50591.578,45555.549,43880.164
117.6,4.942,1669158.494,1228662.059,1064891.423,931974.630,810286.669,720330.958,647262.950,565363.770,519389.977,458399.623,415088.685,362001.220,336597.692,302115.318,279474.950,252855.532,235992.714,210713.285,198022.716,177646.513,162808.471,157152.438,145359.251,135900.887,123424.313,117630.284,107633.457,103906.792,96509.612,87001.426,82721.103,78002.058,74122.081,67405.162,65712.985,59871.173,59095.358,57305.765,51062.094,50910.217
121.9,0.000,1629961.329,1248234.475,1081150.623,954161.938,847232.301,746313.365,673040.004,590867.815,543064.331,481309.140,436136.769,393869.708,365822.532,328756.343,302099.729,271145.711,243942.823,226598.596,215385.096,192734.482,176488.156,169654.390,158142.563,148978.065,136612.201,129394.149,117130.513,114076.179,107135.037,97111.133,92037.316,86836.688,80311.735,75464.814,73322.393,68240.555,65364.783,61641.820,58218.696,57042.119
126.3,0.000,1601184.363,1263837.447,1097230.973,974458.246,875189.566,777231.511,698212.379,630632.308,570878.708,505702.023,464734.251,418195.719,381529.099,357218.807,318255.054,287090.585,269942.995,241962.685,231901.327,208893.907,192169.116,187306.595,169974.074,157798.933,151573.842,142685.658,130450.002,122977.775,114597.916,109451.927,99714.840,94410.366,89650.315,82975.775,79619.335,74064.525,72269.779,68956.936,64702.962,63162.116
131.0,2.572,1542341.392,1262601.150,1121253.880,993375.748,893508.439,799597.881,729911.152,659807.455,589110.231,529418.022,492410.690,443802.678,401022.747,371628.101,345644.373,308966.395,291374.254,269668.724,245970.063,225476.576,210604.038,204019.128,187690.078,175287.859,161851.152,152666.880,144152.060,135879.480,124002.714,117968.198,109283.409,103931.157,96394.759,90248.253,86432.164,81520.815,79742.389,75405.350,71575.663,68607.494
135.8,0.000,1488179.457,1259367.764,1114508.252,1009377.076,895979.388,824471.275,745144.465,677321.430,611129.105,561404.108,511408.268,464964.236,427656.417,390903.146,363984.688,324823.348,308908.460,277651.620,263093.891,239402.887,222680.533,212138.187,203001.921,186349.834,175622.373,166490.451,153677.376,150044.953,133458.671,126378.861,120161.427,111123.332,106507.986,98879.888,94473.123,88865.129,88326.773,82867.589,79014.654,76845.354
140.7,2.905,1440066.218,1245499.690,1104972.767,1003694.316,906912.959,822085.153,749766.356,688834.511,631780.633,585143.534,531096.847,484181.779,441963.297,411006.752,382582.131,345476.268,325948.316,298309.120,273005.444,254515.534,237069.224,230632.030,219469.604,198674.946,186606.404,177476.014,161935.024,159020.323,144919.045,137164.293,127836.094,122067.375,114273.551,106344.776,102489.116,97061.907,94022.066,88609.817,84035.581,79702.547
145.9,0.000,1357765.533,1201056.106,1082667.870,1004366.490,906953.064,838227.255,765346.834,703411.426,639412.670,588249.255,541313.586,497160.283,454248.508,419470.033,395090.015,355199.947,335131.479,307153.746,284016.056,266006.357,249820.490,240658.984,227423.333,213096.768,200420.267,186546.699,172638.119,164751.963,152995.532,146583.960,135177.272,130799.039,121577.466,114059.541,111027.064,102802.390,101050.174,95140.791,88982.780,86523.013
151.2,2.907,1279443.158,1157950.872,1063311.601,982395.782,897606.997,832632.932,762180.613,705259.789,636571.905,597420.493,548870.723,506648.591,471598.145,431825.496,408730.998,368051.180,349878.510,322512.222,296019.973,280597.616,263316.437,256254.832,236116.024,224129.458,206347.037,194784.148,182464.540,178817.965,163329.743,154800.778,143799.150,136924.117,129309.732,121339.784,116264.260,109612.069,107642.870,100383.651,95554.651,90741.018
156.8,0.000,1198377.148,1098868.229,1020185.222,955640.941,874884.293,818430.296,758261.239,699731.913,641709.182,597755.107,552315.332,517598.258,470932.206,441617.076,415977.893,380311.645,356932.087,329462.454,310823.315,287464.460,276153.153,267738.106,243808.003,234512.780,215387.340,204177.649,192193.006,184551.364,170381.947,160224.912,149316.757,141533.186,136886.456,130886.174,122879.067,115908.908,110031.844,106743.286,100353.587,96135.997
162.5,1.749,1111607.487,1046888.026,963542.452,917146.929,852932.581,791044.889,744938.163,694612.791,639730.971,598861.127,557559.705,513665.331,476199.835,447894.563,419286.609,382378.172,360743.783,338287.696,316510.570,294766.708,286785.129,273724.758,254326.160,238201.727,223698.106,213801.230,202201.246,188703.866,176168.560,169564.872,157552.801,150067.415,143546.463,134676.191,129622.293,121934.902,115099.414,112115.753,105859.151,100690.795
168.5,2.678,1049393.705,973127.955,904611.244,875950.653,816799.225,771349.792,721257.619,678645.635,625149.219,589833.538,551919.242,512814.810,478916.512,448765.400,419129.431,390688.513,361796.918,342588.228,321202.703,302378.333,289663.049,280586.243,260334.238,245256.315,228474.650,215615.850,208105.927,196461.650,182461.661,173004.305,161191.332,155082.093,145662.715,139837.792,134616.339,127158.174,120478.631,115367.241,110553.731,103724.067
174.7,0.000,990544.016,889093.307,843357.936,815058.410,779537.935,737041.122,692722.447,651372.769,610351.424,578516.806,537979.639,507929.296,468601.526,443775.025,415049.865,387228.450,362907.367,347610.019,321802.366,301823.031,295383.844,282638.016,266467.837,250794.868,235970.600,223990.475,208973.778,199379.488,187495.319,178682.162,167199.868,158720.111,152150.706,144737.039,137462.030,131299.006,125088.150,120449.072,113966.861,107673.723
181.1,2.934,921959.778,808520.788,779029.718,755523.450,726175.312,696317.252,663153.990,622746.535,584858.929,556393.794,525800.264,491233.280,463411.205,438010.625,412207.505,389127.749,359646.776,340920.555,319720.618,302249.078,292855.833,284978.739,269421.698,253377.629,236906.883,226554.971,211892.731,201077.536,189795.711,181083.146,169894.012,164290.421,153706.907,147003.113,140579.463,133464.558,128392.163,122483.345,115115.919,110819.147
187.7,2.956,826979.081,725415.247,711719.047,692127.515,673348.938,646233.210,621336.832,592763.616,557965.018,531979.897,504301.317,475824.361,447550.906,420989.935,402952.050,377189.515,357827.535,335107.190,315027.788,296990.165,291890.552,282991.461,266838.637,252024.509,238191.688,224212.772,213720.605,202129.958,191317.276,181413.188,170042.473,163977.921,156868.681,149206.258,142837.619,135058.289,129924.313,125616.281,117933.266,111074.266
194.6,0.000,723586.030,634987.996,626604.840,620765.810,611662.389,596808.946,574220.486,551903.703,525287.591,503524.001,475811.728,451799.713,429982.534,406927.657,384259.585,363115.056,343409.521,326464.555,306919.049,288718.742,283937.562,275383.795,261440.430,248178.769,234986.827,221958.748,211262.011,200701.105,190000.033,182116.298,171083.234,164374.514,155487.339,148614.680,143777.527,135710.023,128978.537,124590.345,118132.805,113696.871
201.7,0.000,615389.927,549949.942,544773.385,550185.280,551470.892,538094.180,526027.058,505080.128,485201.357,470415.155,449381.202,426964.682,406431.645,387448.717,364957.732,345918.993,330872.645,311286.905,298293.777,278854.655,278208.544,269829.843,253874.992,243302.450,229370.321,217432.854,207488.143,196772.876,185400.780,179608.246,168776.004,163096.461,155026.771,146676.959,142618.402,135086.543,130515.716,124230.904,117484.989,112514.537
209.1,2.997,510888.486,465162.934,464617.544,483963.646,481966.250,474242.463,467819.819,456892.575,446589.820,429421.434,413384.981,397033.321,377148.014,366246.030,342686.675,327844.183,313426.222,296873.048,280635.292,268314.617,269182.327,259776.723,245028.279,233120.904,221778.224,209640.139,200820.656,190221.202,182502.238,172886.008,165092.730,159858.994,151419.761,144088.447,138766.501,132007.273,128277.176,121417.574,115471.995,110686.766
216.7,0.000,412871.781,384472.070,393043.054,413696.742,417996.913,412414.914,414509.989,407858.701,398975.634,388840.161,378063.481,362100.907,349610.648,335260.764,319947.782,304421.341,290709.403,278990.742,265955.666,253688.459,256260.834,249230.231,237453.361,224471.528,214177.864,201616.801,192399.639,185061.068,173543.013,169661.555,158289.061,155153.477,147103.492,141246.279,134623.977,128627.017,125492.842,120104.480,114098.422,108509.069
224.7,0.000,328447.593,312279.117,326803.809,346646.216,355822.454,353161.298,359855.210,355538.689,352233.304,347187.911,334411.060,326034.469,320234.562,304085.157,294264.999,278352.504,271295.867,260407.857,246710.529,234467.501,239684.129,233548.972,222108.543,211497.011,203084.738,191667.237,185357.683,176285.851,166156.152,161410.413,153748.668,148452.494,139945.687,135668.204,127399.643,124091.094,120292.186,115063.402,109978.950,105371.226
232.9,0.000,253041.527,249011.285,264429.362,282832.512,295020.100,298265.746,306488.796,308085.139,306256.721,303179.902,296493.895,292134.203,283416.924,271118.639,264179.997,255291.469,245524.226,238095.421,225579.075,215837.714,222445.572,218787.765,206013.770,197130.200,189482.404,181632.167,176462.277,165342.811,157571.435,151982.956,145063.829,141650.618,135272.934,128569.270,123389.486,119158.008,114930.484,109980.113,105643.244,100080.107
241.4,0.000,188807.703,195873.937,209560.985,223189.752,239991.214,245759.082,253611.429,260430.051,263067.161,262213.347,258253.022,254936.190,250734.884,240858.691,232649.175,228644.252,221677.749,214770.528,203921.224,194002.675,202519.369,199442.448,191398.663,184273.214,175900.329,168880.340,162472.793,153818.832,149005.983,143438.945,136647.864,132253.660,126819.321,120337.993,116728.948,111498.926,107250.899,104200.787,99479.589,94722.155
250.3,0.000,138002.240,148162.860,162341.054,173656.557,191595.034,199153.290,208725.853,215457.295,218249.896,218055.405,219975.278,217152.645,215494.962,209160.746,200756.669,200966.915,194563.972,188355.339,181684.190,175097.719,182624.937,181352.545,175132.176,166109.503,159935.148,154927.421,149629.740,142466.693,137470.905,131862.168,126793.035,122847.702,118066.486,111763.595,109087.317,103778.126,101429.294,96449.375,92585.425,88315.628
259.5,3.161,98993.228,111977.394,122993.974,133941.217,150180.890,158976.917,167336.107,173895.466,177448.640,180945.113,184177.280,181486.326,183247.771,179074.771,174631.422,172476.118,170771.352,165028.726,160300.280,153695.653,161130.581,162015.049,159379.511,149531.276,145787.149,139238.341,135739.958,128907.331,124921.311,120932.596,116721.291,111888.471,106812.196,103690.112,100205.097,96858.156,92170.175,89029.526,86718.348,82137.238
269.0,0.000,68934.466,80095.270,88470.314,99417.746,113162.279,121250.067,131907.801,137289.166,142539.913,148788.330,148801.892,149850.973,149579.942,147419.133,145887.053,144390.079,144531.173,137723.923,136658.481,131582.820,140697.021,141969.075,138451.912,131297.259,129046.541,125540.548,119781.272,116445.295,114461.164,108120.840,103310.630,100817.812,96822.575,92155.336,90039.744,86560.906,84386.253,82042.954,78132.651,75171.516
278.8,0.000,47048.463,55563.038,63162.636,72706.693,82340.897,91598.066,99834.799,104715.857,109820.024,115948.807,119582.179,119871.305,121301.531,120176.451,120232.577,119662.863,118463.519,115973.588,116130.214,110152.701,121336.212,123064.764,119866.284,116650.857,112021.535,107147.340,105411.069,101052.699,100331.321,94401.889,91635.326,90889.059,85145.341,83477.339,80226.511,78695.111,76297.943,72689.106,70741.146,67719.543
289.0,0.000,31028.017,38233.185,44515.430,51176.725,58598.799,64304.519,73941.036,78551.980,84562.268,88013.833,91706.470,93801.768,95657.926,95582.298,96660.474,97549.497,96119.380,95272.026,95488.732,91769.080,102987.665,105113.121,102552.592,99093.501,96156.787,94644.868,91240.514,89118.601,86187.450,83224.801,80585.932,78733.212,75719.123,73190.626,70914.794,69407.862,67223.718,64885.398,63628.130,61670.808
299.6,0.000,19629.055,24301.887,29592.086,34317.551,40608.287,45929.707,52706.873,56083.025,61365.656,64410.875,69713.789,70814.304,73266.144,73815.583,75089.909,76943.515,76258.449,76410.708,77256.338,73750.055,85367.604,87804.165,84901.135,83358.386,80958.203,79470.691,77567.262,76409.801,73738.970,72499.527,70653.572,69192.290,65744.620,63502.728,61332.913,61007.106,58011.065,56256.834,54969.914,52581.241
310.6,0.000,12376.239,15105.348,18973.588,22244.414,27464.959,30471.729,36050.393,39215.298,44257.955,46474.094,51126.327,52510.652,54806.196,56081.422,59488.939,58928.138,59431.352,60381.988,60060.375,59683.501,69649.653,72804.007,70576.481,68435.706,66160.595,65724.146,64792.638,64713.412,61571.229,61272.536,59952.648,58289.574,56662.294,55027.039,53246.404,51525.728,49619.478,48819.109,47237.383,46310.762
322.0,0.000,7350.808,9618.526,11366.056,13853.475,17251.328,20298.358,24241.630,27536.692,30861.060,32376.608,37259.398,37711.368,40581.498,42028.966,43728.800,44627.321,45125.087,46091.669,47020.667,46250.620,55435.850,58509.066,57682.053,55167.592,54641.345,55409.025,53370.039,53244.123,52163.970,51093.182,50236.296,48731.971,46595.542,46263.978,44124.037,44316.203,43081.180,41711.774,40444.112,39040.331
333.8,0.000,4231.174,5605.205,6904.039,8547.718,10508.037,12715.859,15233.372,18076.149,20204.904,21993.273,25535.808,27241.209,28983.600,29958.154,31090.120,33241.758,33348.870,34945.343,35301.076,35113.013,43128.209,45796.541,45424.531,45299.731,43666.749,44069.954,42705.405,43380.595,42481.262,40714.025,40771.149,40545.832,38046.692,37676.937,37370.086,35714.054,35157.017,34285.105,33532.198,32598.741
346.0,0.000,2342.117,3095.454,4037.486,4901.547,6551.751,8037.332,9592.178,11673.620,13011.150,14729.512,16624.000,18701.687,20386.041,22188.243,22910.995,23524.252,24763.068,25067.890,25907.099,26516.858,32526.172,35187.206,35137.566,35728.563,34277.323,34489.951,34241.160,34309.480,33811.025,33298.620,32421.750,32717.313,31434.263,30443.245,30378.906,29138.045,28928.981,28406.397,28159.884,26528.762
358.7,0.000,1416.776,1750.363,2055.740,2731.950,3671.404,4600.620,5946.562,7585.768,8689.731,9722.470,11323.533,12725.531,13766.384,15322.298,15952.853,17053.780,17837.885,18602.944,18377.679,19212.102,25404.808,26751.446,26244.849,27367.214,26771.761,26853.734,26580.386,26250.975,26937.111,26091.397,26141.437,26118.091,24935.030,24597.542,24508.955,23349.948,23240.969,22744.682,22279.903,22156.390
371.8,0.000,682.693,1015.685,1134.651,1603.029,2130.272,2772.581,3602.674,4510.917,5369.545,6703.453,7137.602,7924.539,9594.136,10443.873,11125.775,11906.727,12350.984,12889.752,13072.397,13111.353,17907.154,19723.472,20091.504,20002.829,20600.152,20330.605,20707.637,20556.776,20983.542,20312.076,20916.429,20303.659,19971.913,19456.419,18899.934,18883.449,18541.017,18320.095,17845.921,17285.169
385.4,0.000,450.183,487.995,639.916,857.002,1076.857,1527.038,2117.145,2482.748,3216.597,4103.749,4496.013,5424.451,6313.321,7222.041,7445.776,8134.781,8214.729,8934.443,9395.121,9809.433,12986.492,14174.410,14936.081,14873.135,15365.256,15139.163,14845.492,15381.603,15560.286,15600.437,15168.095,15626.127,15285.713,15301.842,14374.919,14063.639,14353.090,14462.007,13739.510,13702.842
399.5,0.000,262.214,336.243,404.808,422.547,533.556,876.671,1155.745,1453.938,1825.469,2391.599,2736.264,3324.856,3782.094,4503.258,4980.448,5569.644,5429.317,5955.470,6193.516,6602.600,9177.172,10089.787,10769.154,10593.992,11216.784,10598.672,11135.210,11445.934,11571.932,11380.563,11239.534,11460.198,11049.833,11467.196,11223.302,10996.221,11025.291,10863.120,10570.207,10688.735
414.2,0.000,155.472,191.957,258.052,268.361,363.248,481.811,706.583,777.091,1260.101,1342.249,1724.564,1929.649,2508.289,2927.282,3151.029,3431.880,3641.170,4130.628,4006.067,4420.547,6452.505,6618.707,7853.603,7444.345,7885.382,7691.755,8165.409,8103.690,8651.361,8458.600,8912.872,8307.427,8424.020,8995.368,7986.412,8482.046,8380.463,7989.463,8277.313,7814.954
429.4,0.000,117.625,136.597,149.079,204.389,204.583,306.847,337.882,486.765,603.928,797.375,1013.776,1275.284,1556.684,1732.841,1798.717,2245.712,2437.052,2763.156,2816.672,3197.154,4401.241,4681.079,5167.637,5112.644,5470.271,5376.886,5901.246,5881.998,6084.933,5992.871,6073.887,6213.344,5974.494,6171.759,6169.020,6166.437,6010.213,6198.233,5980.783,6013.575
445.1,0.000,69.459,115.769,76.060,158.218,107.820,145.223,219.482,305.716,278.641,605.727,619.220,812.024,873.866,1047.001,1113.812,1324.905,1576.735,1742.726,1871.498,1837.620,3115.922,2925.563,3477.570,3753.679,3673.077,3661.102,4244.318,3930.978,4362.400,4558.094,4501.894,4384.479,4262.728,4376.301,4392.523,4259.252,4562.888,4174.342,4478.538,4217.191
461.4,0.000,102.072,47.110,105.999,78.516,54.845,82.254,144.071,214.250,143.372,341.094,364.829,535.562,443.578,715.708,683.921,764.879,979.387,1038.376,1266.911,1286.696,1878.404,2231.348,2196.901,2391.022,2686.593,2730.306,2912.113,2843.852,2753.231,3067.487,3135.692,3136.731,3128.983,2963.532,3219.323,3030.528,2950.503,3328.811,3144.956,3180.665
478.3,0.000,91.892,59.930,35.957,75.582,59.803,71.044,103.407,119.000,98.978,176.027,171.717,292.254,259.539,347.421,409.883,475.152,502.570,705.457,752.023,772.346,1326.457,1439.148,1580.195,1710.449,1748.140,1978.730,1828.482,1905.774,1974.702,2042.194,2094.888,2086.657,2087.987,2086.099,2302.056,2114.457,2050.871,2281.437,2294.444,2344.644
495.8,0.000,44.466,56.594,40.424,40.757,60.508,61.215,68.409,76.626,64.092,71.799,143.234,151.159,189.761,193.533,196.669,316.493,386.169,451.964,406.052,468.380,733.521,860.574,1006.307,1027.684,941.399,1157.811,1246.475,1249.377,1304.746,1377.759,1354.884,1400.204,1538.894,1422.968,1511.795,1458.614,1445.044,1448.324,1555.957,1506.811
514.0,0.000,45.280,45.280,41.164,39.725,36.970,28.749,69.662,53.417,57.108,53.053,115.104,121.677,93.834,141.010,147.604,203.660,225.368,209.910,235.143,281.160,529.767,541.431,620.190,681.558,625.507,778.843,804.501,775.505,879.672,876.009,939.382,755.771,954.796,926.002,1011.657,998.576,1017.672,1022.476,939.559,1098.327
532.8,0.000,25.160,33.547,41.934,35.016,16.738,33.470,29.221,29.219,41.275,49.753,69.237,86.015,85.645,109.930,56.893,91.819,108.750,100.248,207.602,180.086,267.580,336.663,384.011,447.596,359.843,478.295,469.231,510.865,464.288,566.678,610.457,579.757,607.845,678.231,584.654,690.622,621.868,697.203,673.315,707.922
552.3,0.000,38.461,63.511,34.189,25.641,55.438,8.527,25.525,25.524,46.866,29.576,59.019,34.067,46.068,25.557,57.980,71.349,65.675,73.557,121.068,117.214,153.871,179.905,200.009,238.671,229.853,257.522,332.556,350.312,317.001,381.927,386.459,321.160,335.970,367.094,450.139,445.897,429.219,469.056,405.806,410.643
572.5,0.000,60.996,35.458,34.854,39.211,30.433,34.775,32.165,17.347,27.705,30.154,17.192,17.117,44.315,17.002,29.556,25.221,46.032,41.662,67.370,71.235,92.513,153.496,144.537,191.563,151.481,122.999,172.342,144.982,185.970,206.051,250.814,198.051,223.004,262.254,277.425,305.707,315.123,268.200,242.562,275.837
593.5,0.000,44.136,30.896,35.309,29.290,17.617,44.036,33.319,4.393,27.177,13.092,47.893,17.340,32.965,34.448,12.832,25.549,21.196,57.267,29.413,33.466,48.897,98.954,62.751,61.235,70.505,102.779,90.057,122.531,121.999,140.970,148.875,126.896,190.144,142.788,135.540,165.581,206.183,162.845,130.375,185.877
615.3,0.000,36.023,40.526,40.525,46.667,35.947,31.448,31.377,13.447,1.647,13.356,17.768,4.423,39.717,17.573,21.819,21.723,30.275,10.468,21.434,21.340,29.100,53.397,42.681,63.749,38.081,41.943,58.467,83.340,109.558,69.986,69.785,68.000,56.861,65.114,64.622,98.953,113.706,72.939,137.900,84.731
637.8,0.000,50.555,22.979,22.981,22.980,32.104,22.927,18.300,9.150,32.128,27.264,13.601,13.542,9.008,36.022,4.454,22.282,8.829,17.580,21.878,26.138,29.702,21.906,26.138,39.041,25.912,29.967,51.153,59.544,32.154,36.239,79.607,37.790,69.361,74.768,60.652,60.652,103.623,45.496,74.288,70.011
661.2,0.000,46.596,37.278,32.617,18.639,37.199,27.895,9.277,18.553,32.071,18.428,45.968,18.308,9.133,8.940,9.032,17.870,4.476,13.368,22.181,17.667,17.208,26.597,17.667,39.581,21.893,26.043,25.930,30.184,25.760,17.241,33.983,34.057,29.607,37.903,16.809,29.416,8.405,33.546,41.843,33.403
685.4,0.000,57.117,33.318,28.559,33.318,33.248,23.744,14.215,4.738,28.300,4.707,14.086,37.400,4.665,9.288,18.451,13.777,22.859,0.891,13.594,13.534,13.183,10.803,13.535,27.807,23.206,17.735,17.658,26.428,21.928,21.881,34.713,4.348,17.282,21.509,17.171,17.171,17.171,17.134,25.645,29.855
710.5,0.000,28.969,33.799,18.505,43.455,24.091,9.635,9.613,14.419,9.570,19.095,9.526,9.485,14.196,4.711,9.359,9.317,13.913,211.498,4.597,9.153,4.458,16.626,17.540,17.364,3.682,17.990,17.913,13.405,8.898,17.757,13.205,13.234,13.148,8.728,8.709,13.064,21.773,4.345,21.679,0.000
Scan Time (s),155,155,155,155,155,155,155,155,155,155,155,155,155,155,155,155,155,155,155,155,155,155,155,155,155,155,155,155,155,155,155,155,155,155,155,155,155,155,155,155,155
Retrace Time (s),4,4,4,4,4,4,4,4,4,4,4,4,4,4,4,4,4,4,4,4,4,4,4,4,4,4,4,4,4,4,4,4,4,4,4,4,4,4,4,4,4
Scan Resolution (Hz),50,50,50,50,50,50,50,50,50,50,50,50,50,50,50,50,50,50,50,50,50,50,50,50,50,50,50,50,50,50,50,50,50,50,50,50,50,50,50,50,50
Scans Per Sample,1,1,1,1,1,1,1,1,1,1,1,1,1,1,1,1,1,1,1,1,1,1,1,1,1,1,1,1,1,1,1,1,1,1,1,1,1,1,1,1,1
Sheath Flow (L/min),3.000,3.000,3.000,3.000,3.000,3.000,3.000,3.000,3.000,3.000,3.000,3.000,3.000,3.000,3.000,3.000,3.000,3.000,3.000,3.000,3.000,3.000,3.000,3.000,3.000,3.000,3.000,3.000,3.000,3.000,3.000,3.000,3.000,3.000,3.000,3.000,3.000,3.000,3.000,3.000,3.000
Aerosol Flow (L/min),0.890,0.890,0.890,0.890,0.890,0.891,0.891,0.892,0.892,0.894,0.895,0.896,0.898,0.899,0.901,0.904,0.906,0.908,0.910,0.912,0.914,0.926,0.912,0.914,0.916,0.918,0.922,0.924,0.925,0.927,0.928,0.932,0.931,0.934,0.936,0.937,0.937,0.937,0.938,0.939,0.940
Bypass Flow (L/min),0.00,0.00,0.00,0.00,0.00,0.00,0.00,0.00,0.00,0.00,0.00,0.00,0.00,0.00,0.00,0.00,0.00,0.00,0.00,0.00,0.00,0.00,0.00,0.00,0.00,0.00,0.00,0.00,0.00,0.00,0.00,0.00,0.00,0.00,0.00,0.00,0.00,0.00,0.00,0.00,0.00
Low Voltage (V),11.03,11.03,11.03,11.03,11.03,11.01,11.03,11.03,11.03,11.03,11.03,11.03,11.02,11.02,11.02,11.02,11.02,11.02,11.02,11.02,11.02,11.02,11.02,11.02,11.01,11.01,11.01,11.01,11.01,11.02,11.01,11.00,11.00,11.00,11.00,11.00,11.01,11.01,11.01,11.01,11.01
High Voltage (V),9275.30,9275.30,9275.30,9275.30,9275.30,9272.96,9274.97,9274.97,9273.03,9273.03,9272.38,9272.05,9269.38,9268.73,9268.40,9267.74,9266.77,9266.11,9265.46,9264.81,9264.16,9263.51,9257.29,9264.16,9261.17,9260.52,9259.87,9260.18,9257.93,9257.61,9258.57,9255.90,9254.61,9254.93,9253.97,9253.33,9253.01,9253.01,9253.01,9252.69,9252.37
Lower Size (nm), 16.0, 16.0, 16.0, 16.0, 16.0, 16.0, 16.0, 16.0, 16.0, 16.0, 16.0, 16.0, 16.0, 16.0, 16.0, 16.0, 16.0, 16.0, 16.0, 16.0, 16.0, 16.0, 16.0, 16.0, 16.0, 16.0, 16.0, 16.0, 16.0, 16.0, 16.0, 16.0, 16.0, 16.0, 16.0, 16.0, 16.0, 16.0, 16.0, 16.0, 16.0
Upper Size (nm),723.4,723.4,723.4,723.4,723.4,723.4,723.4,723.4,723.4,723.4,723.4,723.4,723.4,723.4,723.4,723.4,723.4,723.4,723.4,723.4,723.4,723.4,723.4,723.4,723.4,723.4,723.4,723.4,723.4,723.4,723.4,723.4,723.4,723.4,723.4,723.4,723.4,723.4,723.4,723.4,723.4
Density (g/cm³),1.0,1.0,1.0,1.0,1.0,1.0,1.0,1.0,1.0,1.0,1.0,1.0,1.0,1.0,1.0,1.0,1.0,1.0,1.0,1.0,1.0,1.0,1.0,1.0,1.0,1.0,1.0,1.0,1.0,1.0,1.0,1.0,1.0,1.0,1.0,1.0,1.0,1.0,1.0,1.0,1.0
td + 0.5 (s),1.54,1.54,1.54,1.54,1.54,1.54,1.54,1.54,1.54,1.54,1.54,1.54,1.54,1.54,1.54,1.54,1.54,1.54,1.54,1.54,1.54,1.54,1.54,1.54,1.54,1.54,1.54,1.54,1.54,1.54,1.54,1.54,1.54,1.54,1.54,1.54,1.54,1.54,1.54,1.54,1.54
tf (s),6.38,6.38,6.38,6.38,6.38,6.38,6.38,6.38,6.38,6.37,6.37,6.37,6.37,6.37,6.36,6.36,6.35,6.35,6.35,6.34,6.34,6.32,6.34,6.34,6.34,6.33,6.33,6.32,6.32,6.32,6.32,6.31,6.31,6.31,6.31,6.30,6.30,6.30,6.30,6.30,6.30
D50 (nm),772.5,772.5,772.5,772.5,772.5,772.0,772.1,771.6,771.5,770.5,770.1,769.6,768.5,768.0,767.1,765.7,764.7,763.8,762.8,761.9,761.0,755.4,761.8,761.0,759.9,759.0,757.2,756.3,755.8,754.9,754.5,752.6,753.0,751.7,750.8,750.3,750.3,750.3,749.9,749.4,749.0
Neutralizer Status,ON,ON,ON,ON,ON,ON,ON,ON,ON,ON,ON,ON,ON,ON,ON,ON,ON,ON,ON,ON,ON,ON,ON,ON,ON,ON,ON,ON,ON,ON,ON,ON,ON,ON,ON,ON,ON,ON,ON,ON,ON
Median (nm),130.296,53.724,106.616,115.582,122.076,127.650,131.704,135.763,139.274,142.110,145.256,147.801,150.342,152.585,154.895,156.600,158.921,160.401,162.318,163.508,165.387,169.510,170.571,171.994,173.191,174.213,175.316,176.558,177.231,178.471,179.472,180.684,181.663,182.163,183.058,183.946,184.877,185.025,185.660,186.563,186.662
Mean (nm),142.971,85.849,110.515,119.588,126.164,131.883,136.106,140.412,143.951,147.172,150.287,153.059,155.574,158.118,160.417,162.371,164.609,166.452,168.221,169.716,171.499,176.102,177.614,179.145,180.457,181.515,182.950,184.217,185.305,186.476,187.455,188.826,189.719,190.330,191.335,192.321,193.271,193.551,194.326,195.299,195.593
Geo. Mean (nm),135.878,72.783,95.932,106.671,114.054,120.175,124.729,129.147,132.741,135.972,139.091,141.798,144.249,146.744,149.015,150.961,153.001,154.855,156.498,157.966,159.651,163.830,165.255,166.679,167.950,168.897,170.329,171.472,172.507,173.492,174.429,175.693,176.564,177.142,178.049,179.074,179.909,180.155,180.921,181.758,182.005
Mode (nm),109.411,42.935,126.346,130.975,135.773,145.902,145.902,145.902,151.247,156.788,162.531,162.531,156.788,168.485,168.485,162.531,168.485,174.658,174.658,174.658,168.485,174.658,181.056,181.056,181.056,187.688,181.056,187.688,187.688,187.688,194.564,194.564,194.564,187.688,187.688,194.564,194.564,201.691,187.688,194.564,194.564
Geo. Std. Dev.,1.370,1.754,1.777,1.667,1.609,1.575,1.549,1.533,1.521,1.512,1.505,1.500,1.496,1.492,1.488,1.484,1.485,1.481,1.481,1.478,1.479,1.482,1.480,1.479,1.478,1.479,1.476,1.477,1.476,1.479,1.478,1.478,1.477,1.477,1.478,1.475,1.477,1.477,1.475,1.477,1.477
Total Conc. (#/cm³),7.489241e-001,1.222823e+006,6.673184e+005,5.412044e+005,4.676616e+005,4.087455e+005,3.669945e+005,3.311412e+005,3.008104e+005,2.746578e+005,2.526764e+005,2.330920e+005,2.148800e+005,1.990722e+005,1.845214e+005,1.723392e+005,1.595019e+005,1.497312e+005,1.400263e+005,1.315236e+005,1.221422e+005,1.190717e+005,1.158577e+005,1.089409e+005,1.025092e+005,9.691431e+004,9.163123e+004,8.684798e+004,8.253096e+004,7.802764e+004,7.429178e+004,7.000318e+004,6.727981e+004,6.375865e+004,6.064607e+004,5.792141e+004,5.511821e+004,5.327587e+004,5.095072e+004,4.840545e+004,4.633986e+004
Title,,,,,,,,,,,,,,,,,,,,,,,,,,,,,,,,,,,,,,,,,
User Name,VanceLab,VanceLab,VanceLab,VanceLab,VanceLab,VanceLab,VanceLab,VanceLab,VanceLab,VanceLab,VanceLab,VanceLab,VanceLab,VanceLab,VanceLab,VanceLab,VanceLab,VanceLab,VanceLab,VanceLab,VanceLab,VanceLab,VanceLab,VanceLab,VanceLab,VanceLab,VanceLab,VanceLab,VanceLab,VanceLab,VanceLab,VanceLab,VanceLab,VanceLab,VanceLab,VanceLab,VanceLab,VanceLab,VanceLab,VanceLab,VanceLab
Sample ID,,,,,,,,,,,,,,,,,,,,,,,,,,,,,,,,,,,,,,,,,
Instrument ID,,,,,,,,,,,,,,,,,,,,,,,,,,,,,,,,,,,,,,,,,
Lab ID,,,,,,,,,,,,,,,,,,,,,,,,,,,,,,,,,,,,,,,,,
Leak Test and Leakage Rate,,,,,,,,,,,,,,,,,,,,,,,,,,,,,,,,,,,,,,,,,
Instrument Errors,Normal Scan,Normal Scan,Normal Scan,Normal Scan,Normal Scan,Normal Scan,Normal Scan,Normal Scan,Normal Scan,Normal Scan,Normal Scan,Normal Scan,Normal Scan,Normal Scan,Normal Scan,Normal Scan,Normal Scan,Normal Scan,Normal Scan,Normal Scan,Normal Scan,Normal Scan,Normal Scan,Normal Scan,Normal Scan,Normal Scan,Normal Scan,Normal Scan,Normal Scan,Normal Scan,Normal Scan,Normal Scan,Normal Scan,Normal Scan,Normal Scan,Normal Scan,Normal Scan,Normal Scan,Normal Scan,Normal Scan,Normal Scan
Comment,,,,,,,,,,,,,,,,,,,,,,,,,,,,,,,,,,,,,,,,,
