Sample File,C:\Users\vancelab\Desktop\Chamber\Raw data\Chamber_Water_SMPS_FreshSmoke_HRH_20230412.S80
Classifier Model,3080
DMA Model,3081
DMA Inner Radius(cm),0.00937
DMA Outer Radius(cm),0.01961
DMA Characteristic Length(cm),0.44369
CPC Model,3788 High Flow
Reference Gas Viscosity (Pa*s),1.83245e-005
Reference Mean Free Path (m),6.73e-008
Reference Gas Temperature (K),296.15
Reference Gas Pressure (kPa),101.3
Channels/Decade,64
Multiple Charge Correction,TRUE
Nanoparticle Aggregate Mobility Analysis,FALSE
Diffusion Correction,TRUE
Gas Density,0.0012
Units,dw/dlogDp
Weight,Number
Sample #,1,2,3,4,5,6,7,8,9,10,11,12,13,14,15,16,17,18,19,20,21,22,23,24,25
Date,04/12/23,04/12/23,04/12/23,04/12/23,04/12/23,04/12/23,04/12/23,04/12/23,04/12/23,04/12/23,04/12/23,04/12/23,04/12/23,04/12/23,04/12/23,04/12/23,04/12/23,04/12/23,04/12/23,04/12/23,04/12/23,04/12/23,04/12/23,04/12/23,04/12/23
Start Time,10:55:00,10:58:01,11:01:00,11:04:01,11:07:00,11:10:01,11:13:00,11:16:01,11:19:00,11:22:01,11:25:00,11:28:01,11:31:00,11:34:01,11:37:00,11:40:01,11:43:00,11:46:01,11:49:00,11:52:01,11:55:00,11:58:01,12:01:00,12:04:01,12:07:00
Diameter Midpoint
 16.3,2553.88,2593.91,5439.44,4020.45,2880.9,4348.15,5309.07,3379.23,5189.37,2527.6,1787.03,3031.51,4342.17,5100.36,3252.84,3580.89,5649.14,3870.11,3158.37,2420.11,7199.51,3247.82,6150.66,2180.75,7465.74
 16.8,4250.61,1967.73,3193.15,4034.79,6693.08,5041.8,5113.76,4644.43,2726.5,3314.71,3235.27,5824.58,2532.49,7237.24,3744.5,5067.68,5233.05,2147.73,2590.15,3361.76,5424.42,5408.28,4566.92,6168.91,5284
 17.5,2994.05,2906.64,3948.99,2438.74,2661.21,3395.08,5413.63,6182.11,3348.29,4705.73,4470.32,3518.09,2890.41,3224.47,4786.65,4146.36,5254.03,5171.43,3184.16,7814.16,6838.81,4486.87,3196.95,4722.48,4532.66
 18.1,4180.01,2325.28,4498.89,4704.94,2270.19,3221.24,6780,4417.53,5035.59,3521.29,4370.87,2276.96,2763.49,4125.02,6030.82,4235.93,5283.18,5128.91,2869.03,3298.54,5364.09,5283.94,2263.19,2500.21,2809.83
 18.8,1297.57,2437.53,2454.37,2748.06,4092.37,2114.81,3572.15,4948.12,2113.93,1961.27,2286.76,1646.05,1267.61,2688.85,3867.16,4363.42,7127.76,2166.19,3985.98,2713.99,3898.22,3417.12,3449.27,4777.03,2034.19
 19.5,2126.05,2128.62,2803.75,607.845,2571.36,2078.4,2753.72,1980.24,2754.25,2112.75,2753.63,3556.61,2694.49,1197.35,2043.68,3601.73,2640.56,3167.13,1724.79,3293,3223.37,4304.68,3024.19,3744.38,2293.74
 20.2,1849.92,2910.59,2923.26,1995.34,2455.38,5284.2,4041.75,2975.33,1280.4,2793.27,2977.14,3187.84,1490.99,902.028,1992.38,3123.4,3380.69,2350.3,3111.2,6285.96,3240.11,5067.74,2711.41,5830.9,3953.75
 20.9,1802.51,2644.47,1607.59,1693.25,2978.16,2513.75,2114.47,1627.98,3248.86,3137.65,2236.07,2352.21,2655.95,2968.26,4340.36,4151.17,3087.37,2897.2,3095.99,6068.6,5160.56,3726.26,1413.45,3029.83,3837.83
 21.7,2107.49,1585.81,2750.35,1772.83,3177.87,1897.02,1482.14,3104.04,3234.96,3715.42,2620.2,2489.45,1093.12,1508.92,1119.08,2113.83,2328.5,3060.54,3649.27,3874.92,2881.13,4827.99,2568.1,2619.24,2119.83
 22.5,2208.4,3087.33,977.449,2817.66,2988.83,1893.1,2321.55,1846.13,846.812,2889.81,1752.44,2060.24,2641.29,1985.8,3602.71,2115.87,1441.07,2687.74,2116.82,4096.31,3117.53,2474.19,2146.65,1415.39,2977.3
 23.3,1202.52,2114.41,1033.34,3072.16,3747.41,1516.2,1048.73,1991.67,2251.44,2485.71,1912.99,2473.3,1604.75,583.757,2822.36,2470.85,2018.39,2326.33,1875.51,1998.16,4276.76,2749.68,1093.03,4506.64,3003.28
 24.1,2484.34,2002.68,2377.07,1605.98,3970.81,1576.94,2631.57,838.525,4028.96,1905.75,1940.6,4137.38,1748.75,3278.41,2239.78,3620.16,2037.52,1602.98,1823.82,2151.48,2757.48,4087.55,2017.43,2165.34,2982.87
 25.0,3068.3,1232.01,2897.93,1969.02,1848.52,3984.34,2610.12,1250.64,1447.7,1733.38,1401.44,2717.32,1483.45,2836.21,1907.48,1700.93,2928.22,1325.31,3643.13,2142.81,3232.56,1241.27,2492.99,2342.59,1916.15
 25.9,1743.39,973.344,2281.9,1927.24,3539.47,2230.41,2832.44,3754.66,1251.54,3407.93,1532.65,1171.05,1759.41,1336.97,1495.04,1697.97,3572.18,1983.98,1957.35,2629.44,3817.61,1328.56,3380.03,2154.71,2370.23
 26.9,2139.56,1668.9,2014.85,2042.3,2815.47,1449.51,1489.61,2562.13,1354.72,2359.83,1414.03,1111.09,1346.64,1502.05,4228.37,1915.53,4079.34,1606.88,2362.71,2098.57,2622.73,1999.43,1389.27,2053.22,2030.28
 27.9,1067.96,669.658,999.997,1277.74,2493.13,2028.29,3619.55,1949.92,2580.47,2514.54,1389.77,1491.04,2510.66,1233.32,2917.24,1284.22,2255.98,1506.66,1395.56,2254.65,1493.42,2454.84,2952.05,2486.03,2408.38
 28.9,1619.72,1172.99,2200.46,2404.74,3256.76,1887.97,1925.6,2431.77,979.439,2150.86,2580.45,2002.16,1459.29,2017.3,1060.84,1732.62,2640.34,2092.66,2645.04,1960.91,2500.94,1572.63,2680.32,1955.69,2630.03
 30.0,2059.47,1725.72,1373.67,1790.92,2872.7,1890.87,3772.42,1764.94,2043.42,1565.66,1571.48,3093.42,1147.68,1693.2,2167.21,1144.96,1762.27,1006.71,1838.37,1594.97,1849.3,1423.78,1245.59,756.936,1185.74
 31.1,1388.64,1128.04,1143.46,1468.35,4238.89,2208.29,3569.71,2259.07,2433.16,1226.21,1275.04,1828.82,1066.58,2046.68,3271.05,1749.96,1675.49,1681.39,1397.5,1879.62,2207.64,3005.91,1300.78,1236.36,1136.15
 32.2,2298.33,2345.24,1209.45,2124.19,2811.29,2412.96,2375.22,1902.34,1190.46,1847.12,1982.9,1618.14,1972.8,1825.6,1621.1,2060.06,2018.52,1067.3,1892.17,1108,1969.65,2642.42,1048.6,1761.12,1557.07
 33.4,1480.07,2012.16,2155.19,901.235,4318.89,2751.9,2969.36,1501.84,1176.05,928.198,1698.11,1303.7,1410.68,3707.86,1510.69,1565.63,2274.24,1318.07,1135.55,2133.65,1916.87,1517.72,1438.39,563.909,794.987
 34.6,1060.75,1018.76,1575.38,1006.79,4092.81,4148.25,2327.45,2129.31,1601.93,2565.44,1422.06,1632.1,2240.8,2447.8,1554,1834.06,1438.5,2209.67,1629.11,1634.83,1475.89,2540.78,1435.28,1165.22,1990.32
 35.9,1084.89,790.086,762.297,25.4145,4639.97,3386.34,1743.23,2208.68,2159.39,1227.36,1171.27,1495.39,1385.67,1180.53,823.377,1651.57,1531.56,1829.2,751.032,1344.39,1242.84,1740.75,1173.58,1617,1912.2
 37.2,371.756,732.389,1400.62,0,5251.72,3535.87,2079.66,1942.19,1240.96,1679.07,1693.83,2056.05,864.039,1737.71,1309.16,1779.81,1502.35,2073.86,1191.36,829.7,1783.71,1600.61,1179.1,1021.59,1151.34
 38.5,1153.28,2019.43,498.63,0,5411.17,3635.74,2412.65,2564.15,2538.19,2164.47,1327.16,2557.25,1290.81,1906.95,1401.79,2014.63,1564.35,1977.87,1112.94,855.279,1267.89,1699.91,1637.77,1951.36,1718.47
 40.0,579.39,823.53,1585.71,0,6302.39,4042.03,2594.78,2747.01,2863.66,2052.04,1037.61,1897.69,1416.62,1492.77,2812.23,2610.21,1973.48,1494.94,1252.37,902.058,1246.76,1729.5,1427.28,973.91,1303.28
 41.4,413.432,1259.28,1316.34,0,6320.05,4781.36,3694.61,2231.58,2944.93,1920.08,1239.52,2465.72,2306.87,1689.8,1689.14,1734.88,1898.18,865.514,909.157,979.805,1551.61,1486.93,982.943,1868.64,1769.73
 42.9,1022.51,1411.66,828.732,0,7025.74,5625.78,2608.19,3616.54,2329.69,2554.3,1959.89,2919.98,1109.14,2217.39,818.37,1562.94,2561.86,838.33,848.31,1033.15,1281.32,2831.41,1322.38,1439.99,1240.4
 44.5,1222.38,986.597,1065.39,2.43702,8422.66,5240.13,3544.31,3428.22,3214.57,2875.86,2308.08,2743.15,1818.94,2014.51,1666.6,2862.57,1209.96,1067.12,1756.84,2482.08,1962.46,1428.66,2223.49,1786.22,1462.37
 46.1,735.554,657.886,799.08,467.482,8079.55,5631.8,4237.56,3897.87,3062.59,2715.11,1629.75,3736.84,1350.02,2849.87,2203.29,2060.61,1775.43,1394.59,859.534,2429.73,1809.65,2270.87,1274.29,2532.08,1093.69
 47.8,1033.39,1131.57,940.905,714.903,9022.75,8056.84,3932.32,3969.14,4153.8,3993.53,2738.35,5118.32,1868.1,2534.87,1448.45,1352.55,1812.38,1160.65,1067.82,1644.39,1229.26,1412.27,1247.91,2158.66,1921.06
 49.6,972.517,790.694,877.739,5679.3,10256.1,7418.18,4851.6,4718.09,4289.84,4195.05,2937.76,4145.54,2403.9,3058.32,2151.36,2526.67,1825.06,2342.9,1719.65,2208.64,1564.84,1466.76,1280.78,2363.03,1777.94
 51.4,602.762,1022.18,931.972,18687.3,11035.8,8147.39,10743.3,4868.53,4879.5,4128.75,5901.42,4452.21,2616.73,3173.41,1956.31,3664.79,2037.29,2010.84,1846.25,2626.8,1875.06,1972.51,2130.85,2632.91,1158.04
 53.3,1393.65,1176.84,771.2,27371.2,11838.2,8579.24,11239.3,5668.43,6282.58,5066.85,6361.28,4396.56,3197.58,3445.1,3063.95,3610.52,2146.85,2096.78,3796.63,2678.3,1673.75,1839.4,1709.74,2521.84,1929.13
 55.2,887.401,632.459,1006.7,32280.8,14152.5,9560.99,13661,6713.17,6113.87,5561.34,8502.79,4969.61,3233.05,4341.5,3295.26,4954.83,2293.92,2254.17,2834.6,3623.04,1866.38,2566.54,1862.7,1860.46,1767.02
 57.3,507.6,873.747,1244.37,32871.2,14738.6,9991.49,13880.1,6801.3,8732.28,6032.1,8248.07,5053.87,3395.8,4992.45,3443.37,4627.32,3775.73,2529.86,3499.61,4009.16,2145.78,2213.05,1994.89,2031.49,1761.76
 59.4,737.381,374.522,478.367,25209.9,15303.8,10358.6,15116.8,8343.83,7396.78,7715.37,8164.43,6372.51,4499.68,5280.29,5984.42,5066.87,4047.48,2811.76,2672.94,4422.34,2899.44,2640.49,1737.74,3044.04,1891.23
 61.5,341.51,417.885,816.327,15755.6,15870.9,11786.3,22251.1,8452.8,8823.91,7469.23,8652.52,6827.5,5299.67,5441.34,6884.43,4460.2,4655.15,3623.74,3886.02,4784.05,2792.8,3072.29,2150.87,2467.54,2195.43
 63.8,466.264,1009.47,954.368,8481.12,17384.1,11419.4,21643.6,10001.8,10242.5,8778.31,9955.75,7479.5,5396.9,6808.44,7211.48,5763.79,6013.62,3877.74,3427.47,5155.68,3842.85,2393.62,3009.65,3055.5,3654.27
 66.1,937.006,493.351,1487.89,4395.42,20020.3,14013.9,21287,11292.1,10725.2,9011.9,10422.6,7726.62,5886.58,7571.24,7759.65,6701.97,5985.49,3902.88,4173.22,5396.87,3449.74,3030.29,3333.72,2883.95,3218.06
 68.5,488.185,402.168,846.937,3583.61,20396.2,14675.9,23775.3,11260.8,11565.3,10753.3,10113.3,7893.24,6867.61,8286.04,8555.02,7230.34,5916.12,4344.26,3228.93,6732.79,3343.26,3890.04,3382.84,3442.29,3939.2
 71.0,606.048,584.808,678.543,2738.45,24522.5,13957.9,23207.4,11253.1,11943.8,11607.9,11927.1,9472.7,7204.9,8620.22,8997.26,7677.03,5826.67,4738.66,5249.36,5668.53,3953.22,2982.06,3233.94,3917.79,2768.23
 73.7,419.584,364.138,312.949,5424.78,23003.5,15679.8,26642.8,12592.1,13889.3,11860.1,10604,9055.68,6754.77,9313.45,8540.04,7176.38,7021.15,4394.95,4425.28,5444.16,4527.43,3127.38,3766.79,3866.35,3474.78
 76.4,721.862,384.322,294.514,10224.4,25033.3,15908.7,28724,15760,13866.1,11943.9,12374.8,9477.09,8163.6,10213.5,8848.05,7240.25,7555.32,4613.23,5933.78,7982.67,4285.18,3067.26,5204.79,5009.87,3605.32
 79.1,273.86,658.728,479.434,15959.4,24503.8,21630.7,30145.1,14100.6,15054.6,13074,12621,11268.1,8794.67,11214.2,8288.67,7912.24,8212.72,5368.3,7766.62,6392.91,4741.11,4347.14,4424.91,5051.94,3861.45
 82.0,748.154,165.21,274.308,21607.6,24861.8,23675.7,33521.4,16998,16721.5,14514.5,14528.9,10399.7,9057.07,11496.4,9069.65,8898.35,9358.18,6110.76,11185.9,6809.05,4771.73,3346.27,5268.42,6261.4,4622.36
 85.1,778.153,601.566,261.121,25332.7,25152.1,25841.2,34793.3,18715.5,14263.3,16419.8,12243.5,12022.5,10393,12088.2,9392.31,8677.82,10007.7,7505.46,11617.4,8307.65,5596.91,3129.77,6512.47,6107.93,4378.8
 88.2,273.604,502.092,262.248,28474.2,28564.8,36855.1,34849.6,19244.3,17781.6,13801.3,18124.5,13534.4,12661.3,14163.1,10077.2,9972.05,10497.4,6959,13527.3,8725.65,6710.81,4900.34,6764.49,5341.86,5927.6
 91.4,635.037,720.324,752.508,33998.7,32454.2,34960.6,32020.6,19277.5,19958.4,17919.5,15296,15509.7,11234.9,14142.3,10792.9,11507.8,11764,8767.48,13215.7,10206.8,6251.62,6589.37,7647,5942.3,6205.78
 94.7,1031.99,321.596,218.304,42294.4,28854.7,37013.8,32537.9,19389.8,21270.8,18613.2,18073.9,15162.8,13525.6,15156,12574.8,11504.5,10978.4,8431.05,15365.2,10164.5,6488.32,7751.92,7282.43,6463.88,6079.77
 98.2,717.444,173.144,420.282,50982.4,32312.5,39835.9,33653,22418.8,21752.5,21996.6,16372.5,15129.8,14373.6,16914.3,13530.7,10762.1,12209.7,10327.2,14184.7,10694,6846.34,8863.96,8006.54,7509.74,7382.4
101.8,380.353,456.014,610.627,52659.1,30466.4,41647.6,38259.4,22215.7,24162.6,22983.5,19308.7,18902.1,15198.3,19087.2,12504,12389,13621.7,10625.1,15791.6,10941.3,9368.21,8913.74,9125,7355.51,7251.19
105.5,167.019,430.73,628.102,55574.2,30030.8,41832.9,34232.6,24520.9,26543.6,22163.6,18669.1,17767.3,14461.2,19924.1,13086.7,12284.6,14311.2,11788.7,15171.6,13341.3,9398.1,9946.82,9173.1,9754.66,8630.7
109.4,498.072,393.565,320.289,55668.4,29342.9,39916,36469.9,26119.6,25273.2,25382,20517.9,19500.8,16597,20419.9,17024.1,14674.3,14910.6,12764.4,17289.7,12756.3,9496.83,11366,11194.6,9525.07,8621.05
113.4,133.395,655.616,323.771,56109.6,29434.2,40179.2,24344.5,27529.2,27372.4,24680.9,22510.1,19360.3,16628.5,22665.4,15664.7,15046.9,16405.1,11699.6,15803.4,13699.5,11578.6,11930.5,9856.68,8683.88,9918.2
117.6,298.795,434.334,98.3435,56902.7,33248.8,45981.8,22798.6,28561.9,29821.6,27493.9,21921,19402.7,18831,22701.7,17143.7,16947.3,17435.9,13422.5,17655.8,15394.8,10231.8,12721.3,11447.2,8941.8,10860.3
121.9,274.876,248.497,388.339,61360.9,35242.6,45283.8,24068.5,27617.9,29986.4,29892.1,22654.1,20424.1,20587.7,24487.4,17035.8,17071.9,15389.6,12913.4,17404.9,16502.8,12598.2,15031,13428.6,8871.79,10726.9
126.3,473.166,916.563,506.653,59898.7,39511.2,44664.6,25325.4,27144.7,34507.4,31884.3,26169,28624.5,20523.5,27554.6,17809.1,15655,18396.2,14336.2,17218.2,14934.9,12152.3,14354.4,12655.9,11032.3,9939.77
131.0,779.029,269.446,542.522,67430.3,39615.5,46933.2,24726.1,30515.3,32101.2,34441.4,23119.9,27600,20895.7,28664.6,19811.4,16886.2,17920.1,16198.8,17077.5,19042.7,14333,15092.7,12351.9,11083.4,11995.6
135.8,287.313,687.438,392.776,69996.6,36020,45669.5,30079,33117.9,34352.2,35395.8,27372.9,24926.3,25932.5,29019.9,20489.3,18519.1,19051.8,16803.9,17502,18571.2,14144.8,16333.6,12089.8,10534.1,10926.1
140.7,203.721,450.996,249.561,70581.5,38453.7,54829.5,29651.5,31709.6,36710.1,37106.8,27386.2,27000.2,22689.4,31780.6,22802.7,19426.7,20146.8,18447.2,17825.9,17140.2,15252.5,16455.9,14020.9,13052,12185.1
145.9,0,377.468,391.281,71532.2,38171,54163.8,35074.7,36557.3,37177,35712.1,29426.7,30271.1,24889.2,34166.6,22111.3,20028,20645.5,15423.8,17960.5,18226.2,18034.1,17638.6,13772.3,13681.6,11015.6
151.2,336.677,591.6,256.184,72073.7,41376,51836.5,35134.3,36829.6,37173.2,38032.6,31644.8,26616.3,25412.9,31861.3,24591.1,18999.2,22123.1,14453.6,17979.1,18614.9,15997.8,18669.7,13784.2,13655.5,14066.8
156.8,714.502,380.75,285.084,64784.4,42299.7,56583.7,37948.4,39968.2,38212.6,37811,31410.4,29669.8,28711.3,32963.2,25878.4,19669.1,23868.9,15545.4,19230,19261.7,16426.3,17849,15342.5,14608.4,12210.3
162.5,402.424,427.554,399.847,61743.8,45977.1,53723.5,37575.2,34690.9,41418.8,40059.7,35064.9,28794,27587.8,35385.8,23568.8,18784.1,22138.8,16077.8,18124.7,18107.9,16094.7,19156.6,13724.8,13451.5,12115.8
168.5,135.737,581.356,173.344,61117.1,44143.6,53022.3,35047.2,36207.2,41333.2,39181,32423.7,26812.4,28552.4,34371.5,22889.6,16702.1,23816.3,17479.9,18263.8,18229.4,17116.1,17728,13772.4,14954.2,14745.1
174.7,752.003,353.425,384.74,61821.4,45619.8,49141.5,80069.2,34455.1,43528,40959,31564.6,31764.9,29984,33707.7,24458.5,19090.2,21082.8,17194.7,19148.6,18216.2,15459.2,18763.6,14956.8,18854.5,13299.4
181.1,364.442,304.739,214.232,56805.5,43876.9,51059.1,83401.5,32628.7,40265.3,37837,28902.7,29747.3,28258.8,33807.2,24262.5,18477.8,22083.8,18018.8,19079.6,17315,16606.2,19058.4,13445.2,17462.7,11853.2
187.7,63.9313,438.649,605.412,48526.7,39796.3,48026.8,80686.8,34882.2,40179.6,38333.1,31982.7,30263.7,26933.6,33469.5,21760.4,19529.6,21233.4,17618.5,17309.2,16878.6,16615.1,17104.8,13870.9,16509.6,11779
194.6,0,158.69,0,54279.7,40088.5,43737.2,75107.7,34195.8,37795.4,35587,27471.9,22092.3,26936.4,32147.2,21371.9,20220.9,20036.7,18788,15611.4,16438.6,14715.7,17982.8,13239,14810.9,12096.5
201.7,135.756,0,0,53626.2,39204.8,42371.9,70179.2,34132.1,37364.5,36493.7,27134.2,21319.4,23183.2,30682.2,20235.4,18864,19019.9,17040,14684.6,16157.8,13760.4,16470.1,12710.5,13874.2,11731.9
209.1,0,203.023,119.91,49851.1,36525.7,38771.7,63643.5,32870.2,34082.7,32721.3,25048.9,22741.9,22493.8,28624.8,20413.9,20426.9,20057,16105.2,15788.5,14442.2,13382.4,15999.5,13723.6,12943.5,11647.2
216.7,140.248,141.925,32.2251,47096.8,34116.6,38162,58172.4,31212.7,32570.6,31060.7,22181.8,21393.8,21302.3,26623.3,17828.6,17798.8,17443.5,14250.3,14230.2,14028.7,12818.5,14732.6,10541.8,11420.8,10297
224.7,683.304,461.585,370.475,42253.3,31797,32332.6,51900,27917.6,29771.4,28489.3,21418.5,20418.2,21017.2,24874.8,16342.3,17127.9,15597.7,14912.8,11963.1,12509.7,11265.1,13566.6,9488.03,12286.1,8995.04
232.9,1036.63,102.19,486.844,39653.5,33660.7,31094.2,46101.9,25382.6,27147.6,26639.7,20002.4,19092.5,18057.6,23022.5,14635.4,14877.5,14143,14290.9,11729.1,10611.1,10858.3,11903.7,9672.97,9609.06,9531.05
241.4,165.098,635.708,151.784,34380.2,30070.8,26602.1,41440.9,23252.5,24740.6,24203,16845.5,16974.3,16086.2,20406.9,13160.7,13165.9,12677.8,21582.8,10359.8,9894.31,9457.61,11212.7,6989.36,9192.54,8289.85
250.3,0,107.873,0,29771,27805.4,22795.7,33417.8,19561.6,22914.9,20257.4,16500.4,15769.2,14237.8,18092.7,10641.9,11971.3,10577.1,18181.3,8192.15,10337.1,8141.51,10106.9,7642.07,8205.8,6064.26
259.5,212.201,63.1152,0,25982.2,19919.1,17971.6,29356.2,17212,19093.2,17587.2,13148.7,13415,12766.9,15352.9,9453.57,9999.56,8682.34,15858.8,8357.93,6917.28,7315.05,7584.51,5945.57,7643.05,5722.32
269.0,0,261.177,0,22198.8,19396.3,17690.5,23857.6,15296.7,16681.7,15011.7,12148.3,11287.7,11089.9,13644.4,8183.3,9897.16,8379.93,12986.8,6897.32,6774.34,6025.06,7354.53,5358.01,6192.76,4899.06
278.8,0,0,0,19397.5,14714.2,15348.2,18695.1,12895.5,13850,13234.4,9377.97,9512.75,8706.06,11349.6,6505.68,7690.67,7078.39,10794,5196.79,5746.04,5307.25,5257.36,4913.66,4893.25,4013.95
289.0,0,270.157,0,17760,12194.8,12168.2,15016.3,11319.1,11424.8,11795.6,8032.41,6735.81,7399.34,9073.99,6207.89,6056.04,5313.17,7843.22,3970.32,4558.29,4475.66,5365.67,3698.33,4474.54,2860.29
299.6,291.144,367.677,0,13175.8,10131.6,9187.78,12223.4,8621.79,9471.84,9443.12,6975.02,6121.44,6124.44,7546.12,5472.74,5124.09,3888.85,6408.53,3485.47,3923.16,3272.24,3621.96,2779.11,3009.74,2529.38
310.6,596.966,290.384,208.491,10356.5,8659.88,7988.16,9121.95,6916.06,7768.31,7717.45,5928.91,5074.47,5165.28,5747.92,4991.31,4031.45,3891.19,5322.7,2968.37,2574.48,3435.86,3156.49,2880.41,2772.24,2659.28
322.0,0,657.95,473.354,6951.81,6628.84,6039.69,7879.25,5453.36,6644.23,5541.55,4305.7,4225.83,4043.57,4874.61,3447.19,3265.57,3093.84,3520.16,2772.73,2192.96,2194.11,2697.28,1878.47,2512.93,1696.59
333.8,192.754,259.133,81.8909,5649.29,5090.59,5078.83,5548.91,4496.61,4891.51,4569.31,3256.86,3289.56,3592.12,4034.07,2454.49,2534.94,2568.96,3043.8,1708.13,1614.51,1866.1,1650.93,1286.23,2292.92,1290.32
346.0,136.199,124.927,349.132,4391.38,3125.36,3064.11,3540.68,3189.27,3506.92,2896.06,2843.98,2162.63,2466.08,3483.7,1967.41,2266.93,1493.03,2230.72,1502.07,1032.55,1291.58,1151.03,834.598,1451.93,1212.7
358.7,0,387.034,229.082,3184.51,2152.07,2121.3,3630.47,2201.06,2864.38,2075.86,1605.69,2299.04,1810.16,2211.82,1394.88,1603.91,1279.32,1596.49,1253.08,1219.78,1138.08,1367.82,1798.88,1250.2,693.383
371.8,0,148.529,0,2426.83,1601.99,2068.09,1972.5,2000.39,1828.68,1918.89,1569.49,1569.96,1665.83,1484.59,934.607,811.229,556.081,1359.78,674.178,762.481,596.869,499.443,808.44,927.6,1320.99
385.4,40.3876,611.827,287.662,1799.61,1121.01,1469.89,1727.66,1055.94,1644.1,1519.05,831.482,347.429,808.335,1152.45,875.05,854.071,611.435,913.764,744.801,590.252,196.973,643.934,434.287,768.997,471.953
399.5,0,355.189,622.818,1257.44,1096.02,1008.56,853.826,1022.93,1248.54,782.52,987.184,582.99,786.297,684.953,699.334,997.262,419.532,1008.3,820.087,440.335,260.252,325.553,823.97,434.59,141.293
414.2,744.934,351.484,322.6,1337.81,824.991,1132.25,896.635,839.097,764.131,842.169,902.297,890.581,896.746,700.678,514.812,693.934,663.203,637.66,988.764,439.678,417.702,673.299,1001.92,925.85,514.673
429.4,1284.81,463.026,1537.58,1152.68,1359.58,1202.88,944.366,1105.65,1104.24,795.191,734.882,761.613,760.709,591.316,1039.69,1038.2,978.207,686.758,551.435,989.194,1163.18,744.523,797.248,812.986,1034.54
445.1,420.367,487.398,2966.75,658.963,791.554,653.067,770.512,780.603,861.532,454.477,638.702,550.987,571.781,547.862,1034.31,851.672,915.378,582.787,588.278,1044.9,1061.22,773.549,533.385,717.712,596.042
461.4,815.811,973.52,1722.18,949.906,607.06,639.453,738.914,914.04,487.245,887.305,331.92,1075.84,332.951,676.497,682.556,1402.9,464.144,449.531,655.164,719.696,1022.88,1092.04,349.1,387.811,400.568
478.3,743.673,311.142,853.283,430.775,1007.7,971.595,759.402,266.729,1124.67,517.79,1439.29,509.612,1140.48,373.172,502.792,1223.37,562.833,466.83,891.279,1338.05,956.381,1047.42,882.108,760.444,1001.75
495.8,201.707,847.304,1153.53,693.074,860.632,718.967,803.712,436.397,1028.84,428.611,389.102,419.659,459.027,553.279,685.932,501.776,1120.14,641.927,864.688,716.23,1237.72,658.724,576.109,1012.98,1186.4
514.0,252.558,391.828,728.174,564.183,607.2,721.998,425.033,410.946,817.826,357.202,208.237,626.856,1177.93,407.684,636.694,437.308,1299.58,805.786,824.148,1349.44,1011.55,1100.31,1099.74,726.201,296.15
532.8,582.338,449.231,686.145,299.982,368.933,293.729,824.8,918.442,474.221,432.171,398.735,705.261,321.881,814.175,520.214,598.375,786.163,329.353,1126.01,1548.13,1039.04,800.865,618.244,1314.93,771.837
552.3,870.452,485.993,416.287,661.231,705.731,972.15,331.962,438.971,180.409,515.592,407.801,487.356,923.936,462.642,671.228,469.944,564.424,933.215,459.051,2162.08,1200.42,1468.04,764.32,420.334,887.196
572.5,337.56,1105.46,850.943,1512.67,489.474,894.064,523.46,142.567,371.075,570.499,478.356,316.387,383.156,882.847,1156.12,555.81,1130.61,748.883,1027.66,1331.77,1285.97,1056.91,471.85,305.612,931.857
593.5,0,0,0,0,0,0,0,0,0,0,0,0,0,0,0,0,0,0,0,0,0,0,0,0,0
615.3,0,0,0,0,0,0,0,0,0,0,0,0,0,0,0,0,0,0,0,0,0,0,0,0,0
637.8,0,0,0,0,0,0,0,0,0,0,0,0,0,0,0,0,0,0,0,0,0,0,0,0,0
661.2,0,0,0,0,0,0,0,0,0,0,0,0,0,0,0,0,0,0,0,0,0,0,0,0,0
685.4,0,0,0,0,0,0,0,0,0,0,0,0,0,0,0,0,0,0,0,0,0,0,0,0,0
710.5,0,0,0,0,0,0,0,0,0,0,0,0,0,0,0,0,0,0,0,0,0,0,0,0,0
Scan Up Time(s),155,155,155,155,155,155,155,155,155,155,155,155,155,155,155,155,155,155,155,155,155,155,155,155,155
Retrace Time(s),10,10,10,10,10,10,10,10,10,10,10,10,10,10,10,10,10,10,10,10,10,10,10,10,10
Down Scan First,FALSE,FALSE,FALSE,FALSE,FALSE,FALSE,FALSE,FALSE,FALSE,FALSE,FALSE,FALSE,FALSE,FALSE,FALSE,FALSE,FALSE,FALSE,FALSE,FALSE,FALSE,FALSE,FALSE,FALSE,FALSE
Scans Per Sample,1,1,1,1,1,1,1,1,1,1,1,1,1,1,1,1,1,1,1,1,1,1,1,1,1
Impactor Type(cm),0.071,0.071,0.071,0.071,0.071,0.071,0.071,0.071,0.071,0.071,0.071,0.071,0.071,0.071,0.071,0.071,0.071,0.071,0.071,0.071,0.071,0.071,0.071,0.071,0.071
Sheath Flow(lpm),3,3,3,3,3,3,3,3,3,3,3,3,3,3,3,3,3,3,3,3,3,3,3,3,3
Aerosol Flow(lpm),1.5,1.5,1.5,1.5,1.5,1.5,1.5,1.5,1.5,1.5,1.5,1.5,1.5,1.5,1.5,1.5,1.5,1.5,1.5,1.5,1.5,1.5,1.5,1.5,1.5
CPC Inlet Flow(lpm),1.5,1.5,1.5,1.5,1.5,1.5,1.5,1.5,1.5,1.5,1.5,1.5,1.5,1.5,1.5,1.5,1.5,1.5,1.5,1.5,1.5,1.5,1.5,1.5,1.5
CPC Sample Flow(lpm),0.3,0.3,0.3,0.3,0.3,0.3,0.3,0.3,0.3,0.3,0.3,0.3,0.3,0.3,0.3,0.3,0.3,0.3,0.3,0.3,0.3,0.3,0.3,0.3,0.3
Low Voltage,11.0786,11.0868,11.0494,11.0658,11.0904,11.0795,11.0845,11.0745,11.0695,11.0622,11.0622,11.0613,11.0627,11.0613,11.0554,11.0691,11.0736,11.0554,11.0572,11.0663,11.0627,11.0718,11.0732,11.0609,11.0394
High Voltage,9083.5,9084.94,9080.26,9083.14,9087.44,9085.53,9088.28,9088.39,9085.65,9086.24,9086.24,9084.21,9084.45,9084.21,9085.04,9087.44,9086.37,9085.04,9083.49,9086.96,9084.45,9087.92,9088.16,9086,9080.37
Lower Size(nm),15.9634,15.9634,15.9634,15.9634,15.9634,15.9634,15.9634,15.9634,15.9634,15.9634,15.9634,15.9634,15.9634,15.9634,15.9634,15.9634,15.9634,15.9634,15.9634,15.9634,15.9634,15.9634,15.9634,15.9634,15.9634
Upper Size(nm),723.394,723.394,723.394,723.394,723.394,723.394,723.394,723.394,723.394,723.394,723.394,723.394,723.394,723.394,723.394,723.394,723.394,723.394,723.394,723.394,723.394,723.394,723.394,723.394,723.394
Density(g/cc),1,1,1,1,1,1,1,1,1,1,1,1,1,1,1,1,1,1,1,1,1,1,1,1,1
Title,,,,,,,,,,,,,,,,,,,,,,,,,
Status Flag,Conditioner Temperature Error ,Conditioner Temperature Error ,Conditioner Temperature Error ,Conditioner Temperature Error ,Conditioner Temperature Error ,Conditioner Temperature Error ,Conditioner Temperature Error ,Conditioner Temperature Error ,Conditioner Temperature Error ,Conditioner Temperature Error ,Conditioner Temperature Error ,Conditioner Temperature Error ,Conditioner Temperature Error ,Conditioner Temperature Error ,Conditioner Temperature Error ,Conditioner Temperature Error ,Conditioner Temperature Error ,Conditioner Temperature Error ,Conditioner Temperature Error ,Conditioner Temperature Error ,Conditioner Temperature Error ,Conditioner Temperature Error ,Conditioner Temperature Error ,Conditioner Temperature Error ,Conditioner Temperature Error 
td(s),0.286,0.286,0.286,0.286,0.286,0.286,0.286,0.286,0.286,0.286,0.286,0.286,0.286,0.286,0.286,0.286,0.286,0.286,0.286,0.286,0.286,0.286,0.286,0.286,0.286
tf(s),5.51527,5.51527,5.51527,5.51527,5.51527,5.51527,5.51527,5.51527,5.51527,5.51527,5.51527,5.51527,5.51527,5.51527,5.51527,5.51527,5.51527,5.51527,5.51527,5.51527,5.51527,5.51527,5.51527,5.51527,5.51527
D50(nm),573.303,573.303,573.303,573.303,573.303,573.303,573.303,573.303,573.303,573.303,573.303,573.303,573.303,573.303,573.303,573.303,573.303,573.303,573.303,573.303,573.303,573.303,573.303,573.303,573.303
Median(nm),31.6283,34.4401,32.5907,140.631,132.306,137.748,154.724,143.301,146.911,147.355,142.51,141.762,149.905,148.377,141.619,139.791,140.385,151.248,133.864,135.611,141.082,145.957,138.76,144.367,136.851
Mean(nm),85.1931,94.7759,102.144,149.457,141.098,144.782,152.315,149.12,152.688,152.644,147.708,147.443,154.653,153.387,146.437,147.098,145.24,158.546,143.857,143.886,145.015,149.375,145.108,146.945,142.629
Geo. Mean(nm),45.3775,49.5942,48.5502,133.206,119.961,126.743,131.341,127.971,132.41,132.479,126.993,125.406,133.116,132.21,122.06,120.83,119.166,130.589,120.252,116.112,113.121,119.679,116.895,116.422,111.49
Mode(nm),16.8485,22.4679,16.2531,151.247,162.531,156.788,181.056,156.788,174.658,174.658,162.531,174.658,174.658,162.531,156.788,209.08,156.788,241.442,156.788,156.788,145.902,162.531,156.788,174.658,168.485
Geo. Std. Dev.,2.68695,2.79151,2.99275,1.67488,1.84921,1.74947,1.81727,1.84328,1.80129,1.8043,1.83056,1.88074,1.84105,1.84093,1.96419,2.01765,2.03352,2.03096,1.9427,2.07497,2.22682,2.13801,2.1011,2.16939,2.21177
Total Concentration(#/cm³),1317.04,1312.6,1497.66,32176.2,25357.2,26951.4,29074.4,19150.8,20262.8,19245.5,15949,14845,13310.6,16499.3,12245.6,11318.5,11686.9,10112.8,10361.1,10202,8789.77,9349.73,7807.71,8087.93,7256.42
Comment,,,,,,,,,,,,,,,,,,,,,,,,,
