Sample File,C:\Users\vancelab\Desktop\Chamber\Raw data\Chamber_Water_SMPS_FreshSmoke_LRH_20230530_2.S80
Classifier Model,3071
DMA Model,3081
DMA Inner Radius(cm),0.00937
DMA Outer Radius(cm),0.01961
DMA Characteristic Length(cm),0.44369
CPC Model,3788 High Flow
Reference Gas Viscosity (Pa*s),1.83245e-005
Reference Mean Free Path (m),6.73e-008
Reference Gas Temperature (K),296.15
Reference Gas Pressure (kPa),101.3
Channels/Decade,64
Multiple Charge Correction,TRUE
Nanoparticle Aggregate Mobility Analysis,FALSE
Diffusion Correction,TRUE
Gas Density,0.0012
Units,dw/dlogDp
Weight,Number
Sample #,1,2,3,4,5,6,7,8,9,10,11,12,13,14,15,16,17,18,19,20,21,22,23,24,25,26,27,28,29,30,31,32,33,34,35,36,37,38,39,40,41,42
Date,05/30/23,05/30/23,05/30/23,05/30/23,05/30/23,05/30/23,05/30/23,05/30/23,05/30/23,05/30/23,05/30/23,05/30/23,05/30/23,05/30/23,05/30/23,05/30/23,05/30/23,05/30/23,05/30/23,05/30/23,05/30/23,05/30/23,05/30/23,05/30/23,05/30/23,05/30/23,05/30/23,05/30/23,05/30/23,05/30/23,05/30/23,05/30/23,05/30/23,05/30/23,05/30/23,05/30/23,05/30/23,05/30/23,05/30/23,05/30/23,05/30/23,05/30/23
Start Time,13:44:00,13:47:00,13:50:00,13:53:00,13:56:00,13:59:00,14:02:00,14:05:00,14:08:00,14:11:00,14:14:00,14:17:00,14:20:00,14:23:00,14:26:00,14:29:00,14:32:00,14:35:00,14:38:00,14:41:00,14:44:00,14:47:00,14:50:00,14:53:00,14:56:00,14:59:00,15:02:00,15:05:00,15:08:00,15:11:00,15:14:00,15:17:00,15:20:00,15:23:00,15:26:00,15:29:00,15:32:00,15:35:00,15:38:00,15:41:00,15:44:00,15:47:00
Diameter Midpoint
 16.3,0,0,0,0,46868.5,17890.2,7801.3,3809.7,2150.02,1143.03,463.959,332.666,152.901,186.635,336.907,152.901,121.795,248.846,217.741,155.529,217.741,177.137,88.5683,155.529,212.484,155.529,181.886,184.006,217.741,124.423,181.886,279.952,93.3174,0,124.423,212.991,124.423,124.423,124.423,217.741,181.886,88.5683
 16.8,0,0,0,0,54675.2,21451.8,9588.31,3977.4,2300.31,1847.42,1024.72,467.379,382.214,379.745,267.837,265.369,60.8906,184.909,204.478,194.694,262.901,204.478,262.901,243.331,121.781,136.271,223.905,197.162,350.534,136.271,194.694,146.056,175.267,223.905,253.116,262.901,253.116,223.905,48.6376,233.689,136.271,107.06
 17.5,0,0,0,0,59616.2,24188.2,11609.7,6954.34,2867.64,2051.78,1639.16,638.038,808.491,313.509,258.511,82.4969,302.489,238.414,148.515,295.221,93.517,313.509,192.493,238.414,439.984,295.221,267.722,212.724,329.988,185.225,201.704,137.495,164.994,174.205,146.706,54.998,75.2293,64.2092,185.225,148.515,91.7082,119.207
 18.1,0,0,0,0,72155.7,31347,15280.7,8187.59,4421.13,2750.14,1992.33,1299.9,906.062,566.029,591.942,259.13,443.685,288.207,277.822,251.909,274.659,248.746,550.501,369.11,388.695,145.094,255.073,203.247,103.652,303.735,288.207,236.381,129.565,233.217,233.217,184.555,277.822,239.545,277.822,96.4312,285.043,129.565
 18.8,0,0,0,0,81515,33139.7,17145.2,10361.2,5122.52,3823.97,2384.11,1759.63,1132.17,625.688,548.642,412.982,381.557,337.137,410.016,353.098,433.109,267.224,516.017,475.763,433.109,437.275,572.935,325.839,331.77,183.046,312.844,288.551,121.465,121.465,404.65,235.798,211.505,164.12,260.092,167.086,194.345,97.1723
 19.5,0,0,0,0,91535.7,42412,20935.3,12156.3,7382.51,4600.81,2879.75,2264.95,1664.73,1378.72,829.563,677.003,497.462,458.683,332.99,594.021,533.197,298.144,528.263,371.769,359.857,424.727,382.792,351.879,386.725,261.031,264.188,287.122,333.879,299.033,145.471,188.296,234.164,298.144,199.318,183.473,137.605,252.276
 20.2,0,0,0,47.548,102949,48556.6,24653.7,14601.7,9288.34,6183.14,4172.1,2708.71,2084.47,1448.77,1017.88,668.945,833.896,658.53,499.788,455.606,656.85,511.043,599.727,328.425,378.814,339.68,603.934,303.388,452.24,631.812,335.473,261.412,312.963,328.425,329.265,284.448,306.754,325.058,270.462,264.253,229.326,329.265
 20.9,20.4948,0,0,0,113401,54303.1,28013.9,17243.6,9746,6587.06,5009.03,2894.41,2589.28,1717.08,1398.42,1139.13,953.701,856.994,746.582,671.891,763.091,636.908,576.122,584.114,576.823,505.622,447.552,329.469,468.719,370.999,300.237,499.11,558.032,499.166,372.483,426.746,364.037,323.794,290.859,392.427,281.974,228.759
 21.7,0,0,0,18498.3,125739,61004,33060.3,22211.4,13153.7,8298.36,6118.87,4951.29,3642.9,2515.9,1692.46,1365.97,1147.38,1092.49,899.54,828.622,878.717,721.795,713.929,723.8,865.795,591.658,697.844,681.578,591.473,699.996,433.702,371.733,277.515,383.894,369.186,373.166,374.681,241.938,399.212,311.857,232.375,290.914
 22.5,0,0,0,54431.8,136768,68378.9,40483.3,25840.9,15975.2,11495.5,6834.64,5392.71,4269.6,2985.71,2332.04,1823.55,1735.71,1233.14,931.46,1057.51,1047.32,713.911,918.887,684.28,575.118,818.987,760.006,538.315,623.09,455.75,570.228,673.62,512.709,640.321,553.002,462.611,275.279,407.494,488.864,343.868,443.043,400.715
 23.3,0,0,0,159077,144622,77048.4,45545.9,30396.7,19818.9,13498.2,9802.35,6270.67,5631.26,3649.62,3348.52,2716.34,2071.58,1827.69,1346.33,1340.03,1154.64,1154.34,855.42,999.266,1087.5,706.872,1007.94,731.011,624.715,814.242,789.604,509.829,557.112,711.655,663.159,595.092,641.938,458.531,422.196,414.817,394.71,189.699
 24.1,0,0,0,467783,159446,86368.3,54013.7,34277.2,23686.2,16135.9,11462.2,8599.3,5753.84,4737.59,3826.92,3194.25,2657.07,1917.97,1871.2,1601.5,1747.53,1220.12,1462.29,1071.58,1335.86,1032.49,1063.81,745.54,1192,861.261,801.756,763.472,869.402,806.713,665.065,523.836,618.46,577.401,530.245,429.264,628.235,436.608
 25.0,0,0,0,752241,170124,98221.9,60448.9,37592.5,25767.1,19216.9,14678.3,10839.6,7567.62,5766.1,4625.09,3851.84,2965.54,2658.9,2318.41,1734.39,1727.27,1532.25,1571.7,1553.07,1348.6,1295.64,1229.64,1057.82,1251.45,1056.78,869.517,796.552,912.047,761.13,805.556,808.447,661.019,867.332,775.02,516.025,490.553,607.656
 25.9,0,0,0,1.43203e+006,185198,103428,69350.2,45033.2,30129.8,21930.6,17188.4,12520.1,9712.5,7231.74,5659.5,4540.1,3781.66,3267.02,2874.75,2522.89,2288.18,2113.21,1921.3,1438.83,1383.74,1697.69,1360.96,1349.26,1073.98,1244.23,1042.6,1052.77,981.457,1073.66,951.967,909.272,903.291,845.167,571.088,710.169,589.839,654.414
 26.9,0,0,0,2.45653e+006,199372,116941,74129.9,50083.1,37304.8,26900.2,20357,14133.4,11888.6,8666.08,7491.97,6123.75,5156.28,3736.14,3494.61,2918.52,2816.44,2776.37,2596.26,2546.46,2056.06,1994.01,1652.98,1382.98,1436.01,1402.57,1170.03,1187.63,959.57,941.197,962.589,1071.64,860.261,1196.24,949.763,682.495,667.305,793.1
 27.9,0,0,0,3.54836e+006,206933,124085,83193.3,57803.4,41688.5,31472.9,22089.1,17925,13309.3,10900,8197.09,7137.48,5668.87,4872.01,4284.94,3596.2,3436.07,2936.07,3000.15,2668.78,2717.88,2218.37,1837.16,1923.18,1889.81,1652.66,1592.71,1200.14,1539.1,1282.42,1148.62,1127.01,1071.4,858.812,1315.76,1193.11,1011.49,632.072
 28.9,0,0,0,3.6105e+006,220107,138832,91589.5,62362.8,45702.5,33453,26875.1,20227,16202.3,12164.2,10157.6,7997.92,7269.3,5942.05,5396.6,4625.93,4136.63,3656.41,3679.29,2990.83,3016.92,2445.92,2294.51,2171.39,2171.46,2238.01,1959.82,1463.33,1591.34,1673.51,1378.83,1496.31,1031.17,1069.94,1070.84,1369.89,1064.67,1022.73
 30.0,0,0,0,2.72962e+006,225838,142158,99486.1,70109.2,50362.7,38312.4,30468,22904.8,18370.2,14705.3,12554.8,10130.2,8526.52,7666.11,6091.7,5505.25,4839.47,4046.25,4200.82,3801.65,3488.89,3033.2,2682.22,2929.4,2628.15,2565.76,1983.37,1755.6,1946.57,1659.62,1714.59,1426.69,1476.86,1492.98,1088.82,1085.47,1087.25,1062.12
 31.1,0,0,0,1.82959e+006,230886,151019,105903,77484.7,55214.2,42854.9,34063.5,26931,21397.7,17585.4,13919.5,11989.7,10216,8418.2,7276.98,6799.79,6211.75,4954.01,5144.8,4281.43,4183.5,3749.6,3613.4,2690.13,2880.45,2772.59,2417.44,2463.3,1716.1,2217.15,2085.87,1902.21,1773.78,1769.99,1447.12,1232.25,1358.59,1340.04
 32.2,0,0,0,1.26312e+006,241786,159841,114687,83072.7,60684.3,46822.7,39961.3,29484.7,24155.8,19031.8,16556.7,13707.6,11734,10165.1,8804.28,7103.09,6886.07,6136.78,5720.08,5017.97,4892.92,4385.54,3778.65,3526.84,3290.42,2933.99,2818.66,3018.54,2577.96,2543.57,2637.65,2086.61,1896.37,1816.77,1486.06,1520.12,1479.37,1423.83
 33.4,0,0,0,957976,243930,169158,120722,89369.2,67600.5,52078.7,41062.5,34288.2,27993.4,22574.2,18611.5,16763.6,13859.7,11884,10674,9112.86,7705.53,7680.06,7113.05,6567.17,5567.44,5118.67,4487.33,4503.53,4146.44,3386.52,3131.09,3171.44,3036.65,2782.22,2768.3,2556.5,2247.32,2169.88,2134.26,1913.09,1727.11,1772.55
 34.6,0,0,0,719308,251027,175116,128230,95608.5,71535.2,57523.8,46022.4,38403.7,31306.3,24571.5,21902.8,18267,15918.1,13121,12768.5,10187.2,9108.9,7665.45,8276.31,6827.54,6366.46,6173.28,5796.23,5297.04,4700.47,4128.68,3933.27,3757.35,3670.1,2895.8,3125.39,2808.61,2497.7,2424.27,2290.15,2130.33,2393.32,2255.81
 35.9,0,0,0,515356,259636,181061,136567,101742,77747.5,61273.9,50537.4,41594.2,33526.6,28277.6,23576.1,20369.2,17926.2,14849.9,13459.1,11983.1,11355.3,9540.63,9251.43,8126.79,7926.18,6527.84,6348.94,5242.78,5095.23,5263.03,5132.77,4532.44,3944.12,3845.04,3596.42,3492.19,2912.78,3012.19,3308.66,2656.01,2088.18,2909.39
 37.2,0,0,0,381283,261641,186217,140210,105283,84029.6,67060.7,55420.4,45615.7,38562.7,30794.7,27049.8,22484.8,19938.8,17211.8,15479,13274,12212.1,11323,10511.9,9440.65,8507.43,7473.35,7371.86,6676.05,6259.84,5737.08,4776.47,5257.6,4953.13,4530.46,4170.54,4298.02,3777.74,3142.37,3225.75,3101.59,2807.38,2738.74
 38.5,0,0,0,286034,261837,192569,147233,112379,87125.9,73567.3,56991,50996.1,40438.7,34562.5,29163.4,26208.2,22560,19011.5,16658.3,15816.4,14046.8,12855.2,11706.2,11046.1,9595.69,8995.97,8636.09,7807.76,6862.9,7059.89,6125.85,5137.37,5472.33,5541.33,4514.94,5216.14,4502.13,3785.77,3453.12,3651.19,3391.46,3186.36
 40.0,0,0,0,213262,269398,195939,150852,117553,93038.7,75670.7,64141.8,52019.6,45321.4,37413.5,32666.6,27867.8,24894.8,21460.8,20190.5,17163.7,15268.8,14239.5,13567.8,12266.2,11149.1,10366.7,9215.66,8083.25,7835.03,6807.77,7437.82,6314.17,5982.91,5630.01,5205.44,5229.49,4973.07,4696.27,4503.24,3771.16,4105.91,3536.89
 41.4,0,0,0,160617,264505,199044,157263,124994,98185.2,81846.4,67665.5,56469.3,47958.7,41814.9,34945.2,30946.3,28033.5,25414.1,21200,18965.2,17886,15615.9,15286.1,14139.8,12840.8,11667.3,10371,9942.03,8730.38,7947.79,8131.61,7624.86,6984.41,6537.82,6387.49,6143.45,5562.91,5033.27,5026.16,4773.13,4139.74,4037.64
 42.9,0,0,0,123528,268573,204496,160761,126918,104572,87003.8,71783.4,61773.1,52499.4,44665.1,38869.3,32893.5,30495.4,26974.4,23102.3,22204.6,19053.7,18679.8,17525.7,15612.4,14275.1,12783.7,11568.8,10541.2,9874.71,9147.24,8989.99,8204.19,8069.03,7811.35,7197.48,6345.45,5821.56,5405.83,5173.39,5047.05,4759.75,4729.34
 44.5,0,0,0,105074,266544,205794,165382,131985,108923,89100.5,76381.9,63529.8,55496.2,48595.5,42324,36441.2,31587.7,28957.3,25889.6,24103.5,22167,19858,18435.1,16965.7,15633.5,14756.9,13362.9,12293.1,11196.9,10575.3,10019.6,8652.29,8885.74,8213.12,7903.42,7604.33,6681.92,6971.63,6883.86,6045.11,6095.83,5447.89
 46.1,0,0,0,113628,265877,207590,170600,139188,113835,97369.3,80736,68380.6,60066.1,51336.3,45497.5,40959.3,35792.3,30899.3,27532.3,27123.3,24538.7,22048.1,20756.3,18926.7,17261.9,16308.7,15243.8,13598.5,12535.1,11905.4,11517.7,10508.2,10322.3,9205.67,8646.62,8614.8,7872.62,7433.63,7584.64,6628.22,6006.33,6375.49
 47.8,0,0,0,124011,267212,211997,172303,141845,117399,100297,84238.1,70780.3,62967.6,56374.5,48481.7,44348.3,39698.6,34135.5,31385,28834,26621.9,24717.8,23216.4,21304.3,19435.9,18257.1,16394.8,15771.6,14123.5,13725.6,13271,12659.4,11632.1,11191.9,10580.5,9943.33,9053.6,8492.18,8288.86,7877.23,7398.26,6886.39
 49.6,0,0,0,126934,269222,216445,181255,148003,125319,107913,89315.9,76764.2,68360.7,59338.6,53657.3,48261.3,42903.6,38823.8,34039.3,32463.1,29511.3,26891.8,25639.7,23572,22159.9,19687.8,18884.2,17428.4,16423.4,14883.4,15461.8,14149.5,12642,13031.3,12001.7,11273.1,10178.5,9938.75,8908.28,8932.13,9126.48,8189.23
 51.4,0,0,0,127940,270815,219875,180293,148644,128171,111969,94042,82336.8,73029.1,65150.3,57262,51682.6,45174.4,42646.1,37246.8,33334.8,32190.4,29412.1,28642.9,25894.5,24270.4,22368.5,20363.7,19569.4,18865.9,16958.5,16088.2,15302,15202.6,14424.1,13435.8,13259.5,11876.1,11292.7,11150.2,10155.9,9057.11,8480.43
 53.3,0,0,0,137226,272691,218627,183410,154482,134380,115698,100207,86578.5,76528,69208.5,62529.4,55159.7,50357.9,46480.3,41293.8,37755,36509,33018.7,32317.8,29403.9,26937.3,25014.3,23437,21432.8,20949.1,20059.5,18851.6,17340.8,16013.3,16644.5,15117.4,14568.7,12854.8,12942.5,12415.5,11498.9,10658.6,10423.7
 55.2,0,0,0,169891,271392,223922,188929,160029,140971,119408,103786,93328.5,82789.5,73135.3,65791.4,59046.1,52088.2,48527.2,44486.6,43195.3,39913.2,35948.3,34697.1,32512.3,29135.3,28527.3,26716.8,24685.1,23154.9,22609.5,19446.9,19609.1,18485,17591.2,16630.2,16282,14956.4,14754.8,13223.1,12700.5,12760.1,11953.9
 57.3,0,0,0,190109,264861,225154,191530,163952,146506,125479,108874,97490.4,87005.4,78417.6,70261.4,63119.4,56519.2,52086,49389,45738.3,43598.8,39621.1,37981.3,35626,32153.9,30767.1,28923.3,26611.4,26411.9,24265.9,23038.3,21554,20153.6,18701.2,18644.8,18600.8,16362.7,16563.5,15687,14619.5,13899.3,13951.5
 59.4,0,0,0,228130,271827,230334,197284,170980,147932,133015,113699,104993,93544.9,82546.4,74746.5,67710.8,63000.1,57236.2,53099.2,49044,46170.2,42315.2,41914.8,38999.1,34681.3,32049.2,31790.6,29508.1,28850.3,27100.6,26055,23953.1,22206.3,21390.6,20636.7,19651.8,18797,19026.4,17721.7,16566.5,15705.6,15717.7
 61.5,0,0,0,260205,269834,232164,199449,176651,155862,137585,121829,109616,96939.8,87448.9,79030.4,73388.3,68780.7,61113.3,56398.7,55363.5,50835.6,47053.9,45676.2,42046.5,40181.1,37430.7,34992.1,32707.2,31494.5,30766.1,27923.5,27465.6,25569.6,23960,22829.1,22647.2,20992,20996.5,19640.7,18965.8,18278.4,17515.4
 63.8,0,0,0,289246,270905,237846,204103,181067,160094,144627,129372,115419,104240,93827.8,85184.3,78122.8,72259.2,67083,62785.9,58934.5,56352.4,51940.5,48180.5,45742.8,43142.2,40342.8,38657.3,36881.1,35224.6,32256.1,30680.8,30099.9,28684.4,27630.5,26080.2,25049.3,23950.8,22942,22003.3,20852.9,19862.3,18362.5
 66.1,0,0,0,315661,273848,240564,210892,187215,163988,149264,130493,119879,110975,99013.9,90866.2,84376.6,78666.5,71793.9,67130.6,63267,57715.9,55694.1,53147.7,50736.2,46912.1,43573,41992,39365.9,38455.3,37102.6,35356.7,33516.9,31400.4,30265.2,29179.9,27440.1,25410.5,26046.8,23664.2,22411.9,22243,21493.4
 68.5,0,0,0,360673,276262,244011,218320,191674,173247,159355,139947,127831,115890,106199,96978.7,88756,85061.8,78355.1,72924.6,67280,66272.5,61460.9,57689.6,56268.3,53060.5,47525.7,45936.5,45324.4,42013.3,40024.8,38394,35831.8,35516.7,32922.7,32278.8,30482.7,29677.6,29145.5,27270.8,26455.4,24672.9,23040.8
 71.0,0,0,0,413320,272800,242068,213300,193213,174117,159487,141221,130335,117308,107595,98203.3,91600.3,83825.2,80108.5,74675.7,70127.1,66930.1,62955.6,60640.3,56348.7,54425.3,51285.9,48658.6,46132.9,42603.3,42113.3,39920.2,38701.2,34986.8,33951.5,33711.4,32117,30759.9,29917.6,28596,26840,26394.3,25719.6
 73.7,0,0,0,456077,267993,244776,216835,196087,172667,160412,145465,134269,121871,109762,102941,94253.3,88919.5,81803.5,76813.6,73290.8,69061.5,65961.2,62154.1,60609.8,55270.8,53836,50311.2,47352,45385.9,44491.1,43009.9,40267.6,37177.6,36225.6,36025.4,34820.1,32237.4,31526.8,29676.7,28566.6,27618.3,27308.1
 76.4,0,0,0,478572,274043,245854,222931,199042,179626,163713,152852,138469,128480,115794,106927,101589,93466.6,87151.2,82396.3,81048.1,74587.7,69921.4,68394,64451,60299.3,57954.8,55327.1,52500.4,49460.9,48256.7,46206.4,41890.1,39840.6,40176.4,38820.5,37858.9,34493.3,33268.3,32334.2,32739.6,31332.6,28326.2
 79.1,0,0,0,474853,274706,250341,226356,207124,187297,171865,156010,139934,132772,122693,111524,107792,99168.9,95815,88361.5,83283.9,80078.8,75703.8,71031.5,67650.2,66464.6,62260.8,58783.5,58436.1,53437.4,52835.3,50803,48099.8,45582,45289.1,43135.3,39416.2,38210.2,36583,36098.4,34136.5,34711.7,32086
 82.0,0,0,0,474438,280396,255171,231355,214518,189894,178670,165642,150185,138658,127290,119808,111814,105863,100639,92425.1,89649.4,83624.5,80229.5,78551.4,73786.6,70306.5,66902.8,63701.6,61206.9,57468,56580.3,53969.6,51169.3,49064.4,48013.4,46072.3,44481.4,42764.7,40757.5,39410.8,37823.5,36484.3,36361.3
 85.1,0,0,0,462295,281605,254383,235867,217799,197032,184868,172496,158020,145238,135418,126690,119395,109157,104793,100459,96010.7,90376.1,84586.8,83750.9,79126,76174.2,71341.3,69166.5,67596.4,62741.8,61250.4,58376.1,55414.5,53898,53398.4,50375.6,48508.1,45954.4,44648.1,41671.6,41073.8,41098.6,36985
 88.2,0,0,0,435415,288875,265273,243695,226456,204553,191485,178958,163545,154350,141773,133734,126460,119610,115235,106476,103669,98688,92353.7,87665.5,84470.1,81681.1,76339,74998.8,71885.8,67971.8,64922,61973.2,60683.8,58112.3,56577,54005.1,52326.9,49799.4,47753.8,45516.7,43626.8,43120.7,41442.8
 91.4,0,0,0,455961,292926,271002,250948,230750,215219,202790,182832,169789,158315,146079,138597,131654,126165,120564,112456,108583,103392,96776.2,93814.9,88034.4,85792.4,80040.2,77870.2,75855.1,71334.5,69402.8,68588.5,63945.2,60202.4,60544.3,55616.1,54859.5,55545.7,52125,48708.2,47717.8,46257.8,44190.5
 94.7,0,0,0,496137,297559,275392,259833,237343,220403,210281,192619,178377,165662,155486,147131,138300,132753,124016,121011,115142,108691,101953,100256,96065,89977,86902,84071.4,82053.6,77197.3,75634.8,72460.8,68652.5,66652,64068.7,62026.6,57543.9,56774.7,55057.8,53297.5,51966.2,49542.2,47511.7
 98.2,0,0,0,520773,302625,282869,266178,245938,229463,211439,199335,187079,174525,161867,154449,144976,140041,131055,126981,120941,117122,110330,108111,100350,96761.4,92535.6,88563.2,86165,81613,78798.7,77348.9,74500.9,71400.7,68982.4,63064.3,63350,60619,58261.9,56566.2,55818.9,52259,49407.7
101.8,0,5.52857,0,544793,312039,295431,272600,257050,235652,217407,207402,190926,178689,168543,159728,150801,146474,137823,129689,129076,122909,115943,112060,105889,101909,97702.5,93570.1,91154.9,86035.9,84803.6,81053.6,77827.7,74375.6,71576.9,68513.5,67704.8,64522.5,61916,59400,58818.6,55102.2,54565.4
105.5,0,0,0,547011,317749,295758,284486,261686,243008,228755,214677,200230,187547,176628,168234,160067,152056,145080,139539,134956,129843,123658,118330,112055,108745,99375.8,96705,95891.9,90858.5,88119.5,87501.4,83137.8,79290,76682.2,72174.7,71183.4,68162.2,64663.9,61604.9,60241.6,59912.2,57284.4
109.4,0,0,0,512015,320650,307987,292149,268071,249589,239855,223147,206354,191941,181846,171712,168387,159440,153277,145313,140627,135668,128099,125243,118049,115241,104262,101357,99488.6,94788.1,93078.5,89872.4,88542.9,82905.3,79247.9,76158.4,73931.7,71835.1,68676.4,65817.1,63227.6,60500.7,59349.4
113.4,0,0,0,484356,331140,319379,299751,278726,261266,247078,229859,213325,201518,187595,179878,170693,166336,157884,151535,146065,141509,133338,130935,123896,118263,110566,107529,102535,99637.9,98523.5,94644.9,91688.1,87196.9,82365.1,80360.9,77164,74830.3,73580.7,70046.7,67003.1,63580.4,63190.9
117.6,0,0,0,456912,332140,324286,302195,286652,264038,253374,236831,221450,206909,194335,187078,178564,171351,163039,156878,153163,147014,140135,135431,128095,122978,116928,111324,108070,104115,100629,99930.2,93080.3,89978.1,87273.9,83265.2,80205.2,78435.1,74614.9,69204,68347.2,65711.2,63909.6
121.9,0,0,0,437856,336604,328885,308666,293454,274253,259174,239602,228275,211568,201255,193072,183934,177960,167580,159466,158214,154543,142481,137218,132604,126717,119827,115738,111560,108523,104679,104405,98290.2,95369.6,89059.8,84601.7,83253.8,80736,75886.7,74232.2,70818.6,68965.1,66364.5
126.3,0,0,0,427768,345930,334654,312008,297006,278494,266001,244311,230362,216086,207657,196695,186075,183331,175437,164014,159276,157850,149327,143968,136648,130994,123037,118016,113742,109892,107054,107543,99736.5,94349.1,89382.4,87219,85398.5,82904.9,78522.5,76175.6,71813.8,69514.6,67830.3
131.0,5.34849,0,0,425974,345749,333509,317489,298171,281108,265638,250536,235156,214022,209524,198513,192141,184206,174764,166538,162929,159908,149634,145325,139487,134648,125178,120151,117064,113927,110889,108250,101438,97424.4,92273.6,89318.6,87016.4,83748.2,80996,76217.1,74412.2,71998.3,70606.1
135.8,0,0,0,418443,346598,332701,317900,302312,280475,264677,253387,235957,220038,209288,197770,192382,187757,178618,169801,163571,160749,152893,148523,140727,134696,127006,121798,117410,115082,112835,109086,106183,100733,93183.8,90764.9,87687.7,83818.7,80517,77508.7,74672.8,72209.3,71048.5
140.7,0,0,0,403294,347296,333219,313016,300769,280956,266969,252493,239612,223577,208005,199004,195710,186630,180467,170547,166573,163089,152420,149793,140868,137109,129309,125261,117275,116601,113907,110260,105711,101134,94427.7,90048.1,87256.9,86210.9,82266.1,79621.4,76859.8,72645.5,70660.5
145.9,0,0,0,389908,345177,329823,314337,295732,278136,265795,251512,239102,220616,213240,202130,195517,186488,181703,169997,165654,164597,154277,149362,143696,136103,127634,123901,119402,116213,112858,111452,104937,101092,94135.5,91440.2,87699.6,86859.7,82495.6,77920,74444,73210.9,71003.9
151.2,0,0,0,365702,329296,320941,303915,288100,274196,263994,245769,231768,221382,206170,196854,189213,185232,177447,169984,162258,160685,152092,149163,141149,135939,126670,119893,117556,115465,111283,109266,102764,98133.5,93336.7,91724,85785.4,84660.2,81685.8,77084.5,74848.5,73616.7,69863.5
156.8,5.3628,0,0,348587,324549,312195,297084,280795,266290,255101,239735,225664,212696,201757,191367,189208,180583,176127,169402,158416,156875,149813,144905,137563,133806,124377,118001,117326,112669,110932,109056,101303,96677.5,91686.1,89089.5,83995.6,83794.7,81245.3,76599.7,73198.4,71091.9,69852.9
162.5,0,0,0,338385,314673,299468,286298,272205,259043,249322,231451,218824,205656,195409,186907,182665,175520,172211,165694,154047,153260,148733,143049,133260,129152,122495,117151,114721,112100,107962,106892,99478.4,94387.3,90364.4,86572,83672.3,81505.5,80039.3,74896.3,72810.8,70651.4,68745.7
168.5,0,0,4.96377,336265,300361,283707,274597,263052,245588,236010,223197,207489,196108,187103,180345,174219,170131,164088,157801,149362,148972,140518,137822,129478,124772,117658,113317,109966,108576,103051,102643,96219.2,90184.4,87021.4,85196.3,81926.5,79334.1,75498.5,72974.8,70461.6,69398.4,66666
174.7,5.43262,0,0,325790,285553,267518,256094,246410,233530,226789,211866,199040,190122,181862,171698,167083,163332,154524,150771,143391,142901,135411,131910,125408,122093,114411,108444,107587,104550,100356,97686,93947.8,88995.8,84441.5,81631.8,77166,77314.9,72934.8,70177.2,67884.8,65163,64328.8
181.1,0,0,0,305035,265497,251702,239867,231769,218620,209660,196939,186578,176151,168197,162492,154874,150920,148326,145526,135278,134147,128442,125095,120137,115995,107507,102825,100394,99385.3,96406.2,93912.9,89075.3,84351.3,78622.5,77720.6,74711.9,72210.4,71603,67085.6,65905.5,63466.5,62327.6
187.7,0,5.40125,0,277754,245942,234437,223144,212086,201070,194092,183108,175002,164559,154512,149596,146039,140379,139090,137628,126458,124987,121033,120246,111759,109653,100054,96392.5,95442.4,94626.9,91086.4,87278.1,84084.2,78569.8,76045.2,71772.6,71459.6,68431.5,67545.6,63267.8,60836.4,59618.4,59254.4
194.6,0,0,0,250605,223184,211626,203251,192782,183580,178544,168125,159556,150985,142539,139127,134982,131133,128059,128123,116829,117071,112644,108921,104984,101153,95290.9,89858.6,89756.5,88237,83695.3,80697.4,79135.6,74348.6,70339.8,68597.8,67289.8,64470.7,63265.3,60509.9,58592.5,56198.4,53374.8
201.7,0,0,0,220997,200309,190436,181009,175501,163881,162047,154565,145052,136175,130100,128311,123648,121102,118775,117580,106057,106037,104704,101428,97642.4,94143.2,86291.5,83671.7,82779.9,80502.9,78268.1,73946.8,73781.6,68699.8,65268.5,63102.4,60801,60365.4,58344,54550.7,53940.2,53212.8,51157.6
209.1,0,0,0,190968,179791,172080,161048,155040,147906,144445,136279,130773,123958,117541,115086,110934,108953,106143,107110,97023.4,96859.8,95443.5,93415.8,88290.2,85418.4,78978.7,75995,75370,74110.7,72999.3,68378.4,67262.9,62140.8,58487,58381.7,56276,57285.6,54081.2,50784.1,49763.3,48888.5,47022.1
216.7,0,0,0,169932,156464,149945,141524,138781,131373,127879,119355,114779,110331,105824,100320,97997.1,97760.2,95499.3,94388.2,86591.3,86367.2,85461.3,83747,79339.6,77054.8,71251.4,68858.5,69442.5,68539.5,64136.5,61776.8,61226.7,56790.2,53932.5,52130.5,51478.2,49932.5,48649.1,46738,45099.5,44819.5,44856.9
224.7,0,0,0,149264,135438,128862,123254,119083,113355,111380,106199,99069.5,96801.7,91650,89609.8,87444.9,86620.2,85255.5,84976.7,75427.5,77266.2,76155.9,73813.9,68981.3,68263.2,63819.8,60768.1,61664.3,60493.4,56828.2,54793.8,54254.2,51691.1,48027,48164.1,46785.4,46453.3,43574.8,41547.8,41208.2,40063.8,38623.9
232.9,0,0,0,132730,114776,109370,105568,102620,95177.2,93862.4,89664.5,84215.7,81873.2,78420,77210.4,76066.9,75227.2,75206.1,73732.9,66834.4,68120.6,67066.5,64964,61481.4,60921.2,55063,52981.2,54076.9,53539.1,51326.1,48132.3,48598.9,45625.8,44068.2,42415.4,41909.8,40816.3,39751.3,37225.6,37642.1,35460.9,35530.9
241.4,0,0,0,118006,97108.9,92188.5,88403.9,85667.6,81957.7,81857.4,76642.4,73383.3,69864.7,67485.5,66183.4,65150.1,64837,63950.3,62404.7,58457,59198.7,57518.2,56560.2,53912.6,52565.7,48267.3,47617.9,47208.4,47436.4,43930.1,42667.2,43135.7,39797,38675.6,37376.9,36348.9,36318,35003.6,32157.2,33037.3,31160.1,31333.9
250.3,0,0,0,99345.1,79919.3,76198.7,72982,70567.1,67853.8,66033,63435,60587.7,58641.8,57464.5,55311.1,54505.8,55266.7,54723.8,54419.3,49278.3,50601.9,48107.5,48806.2,46150.5,45875.7,41307.1,40557.6,41399.3,41033.2,38236.6,36434.6,37615.4,34665.7,32486.9,32854.9,31382.7,31232.5,30491.9,29112.9,27754,27855.4,26549.1
259.5,0,0,5.93115,79175.9,64235.2,62766.2,60283.4,56486,54646.5,54067.9,51744.5,49301.9,48038.9,45914.1,46011.7,45649.9,44798.6,46586.6,44873.6,41900.6,41460.9,41312.4,40341.6,39819,38914.9,35621.7,33477.5,34968.3,35008.3,33345.7,30784.1,31861.4,30149,28055.8,27833,27013.2,26994.7,25784.5,24801.2,23989.4,23691.8,23349.3
269.0,0,0,0,63321.3,52671.2,50453,47178.8,45176.8,44245.3,43058,42064.7,41425.7,39309.9,37391.8,36953.2,37138.3,37284.9,37494.6,36763.7,33109.9,34805,34521.6,34108.4,32887.7,31848.3,29939.2,28488.3,28989.6,28812.4,27828.6,25962.9,26072.9,25062,23759.8,23081.7,23265,22157.4,22224.9,20633.5,20609.9,21038.8,20128.9
278.8,0,0,0,49743.5,40482.8,38513.7,37079.5,36495,33690.4,34945.5,33382.6,32130.7,30639.2,29998.2,30071.3,29671.3,29664.1,31127.1,30209.1,27289.6,29124.5,28471.2,27761.9,27029.1,26922.1,24257.7,23698.9,24222.9,24607.5,22693.5,21252.7,22840,20785.1,19204.7,20103.2,19744.8,19042,19818.7,17174.4,17424.7,18272.3,16471.1
289.0,0,0,0,37888.1,31304.9,29413.4,28365.8,28173.3,26498.8,26061.4,25925.9,25200.5,25079,23977.9,23591.5,23175.8,24484.6,24339,24071.8,21698.5,23332.7,22610.4,22124.3,21547.1,21217,20159.5,18876.9,20030,19715.6,19182.7,17547.9,18100.5,17094.2,15804,16056.5,15790.6,15611.3,14913.9,14864.1,14598.1,14326.3,13649.7
299.6,0,0,0,27832.1,23088.2,22581.5,21842.1,20811.3,19964.4,20417.4,19805.4,19374.6,18175.8,18343.7,17867.6,17631.8,18309,19555.1,18587.5,16687.5,18132.5,17679.4,18010.6,17321.6,17200.2,16366.1,15049.7,15312.4,15042.5,15102,14271.8,14849.2,13439.5,13082.4,13250,12939.6,12744.3,12509.9,11574.3,12067,11933.8,11914.6
310.6,0,0,0,20690,17575.3,17096.5,15345.4,16177.8,15317.2,15693.8,14965.2,13870.1,13405.2,13812.4,13963.7,13683,14894.3,15045.8,14352.5,13704.5,14482.9,14067.1,14203.2,13094.2,13224.7,12563.1,11601.2,12246.2,12228.9,11572.5,11528,11754.3,10879.8,9901.92,10271.2,10076.3,10089.2,10100.2,9161.14,9643.49,9649.71,9537.47
322.0,0,0,0,14973.2,12909.1,11543,12036.8,11352.5,10834.7,10858.8,11505.1,10641.9,10389.2,10467.9,10301.5,10279.2,10733.4,11195.7,11342.7,10304.8,11064.6,11020.8,10846.4,10173,10214.8,9582.82,9130.93,9493.47,9646.35,9282.35,9057.79,9239.62,8768.82,8116.92,8128.35,8398.06,8026.59,7406.92,7580.14,7953.62,7863,7377.86
333.8,0,0,0,10738.4,9668.4,8926.13,8528.74,8064.92,7774.93,8055.9,7331.98,7817.04,7821.69,7337.99,7240.79,7518.6,7974.17,8120.65,8447.01,7321.52,8163.62,8032.39,8281.45,7434.54,8095.43,7752.83,7030.25,7182.96,7271.93,6931.41,6748.4,7117.23,7072.53,5909.96,5969.99,6144.15,6582.36,6268.63,5752.97,5908.79,5814.49,6131.54
346.0,0,0,0,7188.35,6279.27,5853.01,5807.75,5794.47,5608.39,5786.12,5480.91,5320.27,5287.29,5284.58,5565.63,5444.41,6018.88,5962.87,6028.18,5343.9,6033.46,5915.76,5852.35,5736.64,5414.13,5658.19,5482.25,5143.86,5473.91,5293.01,4832.79,5135.73,4945.23,4771.18,4493.55,4578.38,4394.28,4737.19,4478.84,4554.48,4534.84,4357.69
358.7,0,0,0,5117.86,4461.06,4247.14,4173.75,3978.12,3575.15,4021.76,3726.07,3683.83,3437.39,3763.66,3405.88,4024.7,4329.57,4595.37,4083.11,3775.01,4221.04,4274.27,4698.11,4033.21,4325.67,3971.42,3902.94,3825.66,3991.76,3962.1,3393.77,4140.55,3727.95,3518.52,3341.3,3406.83,3643.99,3680.11,3170.39,3475.43,3365.87,3555.59
371.8,0,0,0,3653.96,3171.85,2810.75,2780.87,2847.79,2543.06,2678.53,2417.16,2550.6,2524.08,2352.32,2560.42,2624.26,2916.26,3106.82,3155.51,3024.49,2811.63,3274.08,3167.32,3000.51,2967.52,3012.88,2848.37,2724.67,2853.99,2625.96,2936.19,3043.79,2768.54,2755.99,2557.84,2609.32,2707.1,2505.8,2701.37,2636.8,2738.61,2537.93
385.4,0,0,0,2569.85,2417.98,1972.98,1853.72,1983.34,1662.39,1862.07,1818.85,1539.48,1648.63,1738.85,1670.25,1920.71,1906.26,2220.34,2205.8,1941.66,2412.87,2171.8,2204.57,2075.87,2206.73,1962.75,2166.96,1971.83,2135.07,1989.43,1898.83,2384.3,2124.98,1784.3,1875.35,1850.67,1968.71,1944.43,2006.14,1937.07,1877.39,1992.14
399.5,0,0,0,1644.69,1468.57,1338.19,1281.15,1252.02,1208.65,1052.88,1114.85,1128.61,1042.07,1107.2,1189.56,1242.92,1136.22,1331.72,1323.49,1146.57,1260.34,1416.12,1573.65,1273.17,1560.38,1523.61,1391.8,1591.28,1353.25,1422.26,1454.17,1447.61,1140.77,1191.71,1166.61,1303.87,1333.73,1491.75,1390.36,1180.17,1325.75,1245.63
414.2,0,0,0,1164.33,969.251,870.823,738.5,814.198,783.161,674.494,641.84,734.337,906.885,711.06,812.578,776.528,915.169,988.743,1073.28,931.213,1012.88,938.825,988.932,989.836,1024.96,870.581,1122.14,955.762,987.86,891.094,879.129,987.302,919.111,817.625,1071.62,893.564,1015.02,975.695,786.516,886.856,1035.55,845.234
429.4,0,0,0,789.483,623.132,593.164,615.779,563.168,415.169,439.373,442.02,458.671,474.993,548.575,518.077,577.957,598.872,554.483,591.018,568.319,568.101,682.036,684.902,585.366,717.489,629.927,622.101,683.597,546.317,599.959,599.931,675.575,484.575,692.065,667.805,599.931,593.694,568.157,651.873,751.661,623.689,753.166
445.1,0,0,0,443.992,413.719,353.959,436.065,301.399,178.168,236.146,292.878,303.66,339.714,303.66,318.92,332.917,377.014,366.462,437.616,383.983,433.803,385.304,362.653,423.371,471.219,532.836,407.88,450.309,451.803,339.12,524.678,448.337,421.704,398.402,391.49,465.322,539.69,405.256,389.228,407.938,540.285,464.133
461.4,0,0,0,362.517,233.282,227.086,238.429,208.093,141.981,163.551,158.581,172.434,212.997,204.055,114.274,225.624,211.712,247.135,268.882,277.589,285.364,227.145,202.887,194.004,211.653,242.166,277.648,354.978,243.568,292.963,269.059,409.217,337.211,366.261,258.655,263.676,282.912,305.531,313.189,278.815,366.438,384.146
478.3,0,0,0,301.958,221.408,170.627,172.622,129.088,146.854,145.107,117.579,162.364,115.09,176.623,91.8241,142.096,150.36,171.371,213.157,155.86,124.839,178.383,179.634,154.622,130.092,189.136,149.864,131.343,159.862,269.19,118.335,173.625,130.848,170.875,198.39,187.389,222.164,173.873,222.164,241.676,158.363,266.193
495.8,0,0,0,165.301,194.089,82.3863,149.576,70.7622,105.251,118.659,55.0373,73.8016,58.7989,73.8016,71.6732,104.718,55.7595,144.564,90.2487,131.345,139.207,113.836,84.8922,98.3,94.5384,139.741,98.1112,162.795,131.345,29.6661,160.289,87.2094,105.44,63.622,99.8949,137.424,79.8803,128.494,158.16,161.011,168.151,182.092
514.0,0,0,0,163.177,79.9666,85.0818,83.2183,55.8667,40.1534,53.6551,39.8053,40.1534,21.5325,8.03067,72.628,61.3378,21.5325,47.836,109.87,69.7165,69.7165,101.491,82.8702,72.628,83.2183,71.58,108.478,77.7472,85.7778,72.276,55.8667,85.7778,66.8089,69.7165,61.6858,45.2764,87.9894,104.403,96.7201,61.6858,64.2454,79.2626
532.8,0,8.1461,0,86.1263,41.7896,82.1671,90.5638,65.5219,32.5844,45.0427,37.2497,48.8766,40.7305,24.4383,16.2922,45.3958,40.7305,41.5619,57.0227,24.9167,57.0227,32.9374,32.9374,12.4583,53.1888,86.4793,22.0165,24.4383,93.9194,65.1688,8.49913,53.1888,49.2296,32.5844,45.0427,49.2296,24.7913,57.3758,24.4383,65.6472,21.0828,74.374
552.3,0,0,0,53.8017,75.0284,41.6467,57.2062,24.7952,25.438,36.9502,20.42,0,33.0603,0,41.3254,36.9502,8.26507,49.4265,16.5301,7.77974,8.26507,16.8515,41.3254,20.42,28.6851,28.6851,45.2152,16.5301,53.4803,16.5301,8.26507,28.6851,16.5301,8.26507,28.6851,25.1166,41.6467,25.1166,49.9118,40.84,36.4648,24.7952
572.5,0,0,0,41.9302,41.6016,12.2413,25.0267,16.9035,16.2463,42.2588,16.9035,12.5699,8.45177,8.45177,16.9035,25.3553,0,16.5749,50.7106,8.45177,25.3553,25.0267,50.7106,8.45177,8.45177,50.7106,0,25.3553,50.7106,33.8071,16.9035,33.8071,33.8071,37.9252,0,33.4784,29.1448,41.9302,50.382,16.9035,8.45177,16.9035
593.5,0,8.58027,0,25.7408,24.6808,29.0802,25.7408,25.7408,0,0,25.7408,20.5,17.1605,16.1005,24.6808,0,25.7408,8.58027,0,8.58027,8.58027,24.6808,17.1605,17.1605,8.58027,8.58027,8.58027,25.7408,8.58027,8.58027,8.58027,17.1605,16.1005,12.9797,0,17.1605,29.0802,17.1605,8.58027,0,17.1605,0
615.3,0,0,0,0,0,0,0,0,0,0,0,0,0,0,0,0,0,0,0,0,0,0,0,0,0,0,0,0,0,0,0,0,0,0,0,0,0,0,0,0,0,0
637.8,0,0,0,0,0,0,0,0,0,0,0,0,0,0,0,0,0,0,0,0,0,0,0,0,0,0,0,0,0,0,0,0,0,0,0,0,0,0,0,0,0,0
661.2,0,0,0,0,0,0,0,0,0,0,0,0,0,0,0,0,0,0,0,0,0,0,0,0,0,0,0,0,0,0,0,0,0,0,0,0,0,0,0,0,0,0
685.4,0,0,0,0,0,0,0,0,0,0,0,0,0,0,0,0,0,0,0,0,0,0,0,0,0,0,0,0,0,0,0,0,0,0,0,0,0,0,0,0,0,0
710.5,0,0,0,0,0,0,0,0,0,0,0,0,0,0,0,0,0,0,0,0,0,0,0,0,0,0,0,0,0,0,0,0,0,0,0,0,0,0,0,0,0,0
Scan Up Time(s),155,155,155,155,155,155,155,155,155,155,155,155,155,155,155,155,155,155,155,155,155,155,155,155,155,155,155,155,155,155,155,155,155,155,155,155,155,155,155,155,155,155
Retrace Time(s),10,10,10,10,10,10,10,10,10,10,10,10,10,10,10,10,10,10,10,10,10,10,10,10,10,10,10,10,10,10,10,10,10,10,10,10,10,10,10,10,10,10
Down Scan First,FALSE,FALSE,FALSE,FALSE,FALSE,FALSE,FALSE,FALSE,FALSE,FALSE,FALSE,FALSE,FALSE,FALSE,FALSE,FALSE,FALSE,FALSE,FALSE,FALSE,FALSE,FALSE,FALSE,FALSE,FALSE,FALSE,FALSE,FALSE,FALSE,FALSE,FALSE,FALSE,FALSE,FALSE,FALSE,FALSE,FALSE,FALSE,FALSE,FALSE,FALSE,FALSE
Scans Per Sample,1,1,1,1,1,1,1,1,1,1,1,1,1,1,1,1,1,1,1,1,1,1,1,1,1,1,1,1,1,1,1,1,1,1,1,1,1,1,1,1,1,1
Impactor Type(cm),0.071,0.071,0.071,0.071,0.071,0.071,0.071,0.071,0.071,0.071,0.071,0.071,0.071,0.071,0.071,0.071,0.071,0.071,0.071,0.071,0.071,0.071,0.071,0.071,0.071,0.071,0.071,0.071,0.071,0.071,0.071,0.071,0.071,0.071,0.071,0.071,0.071,0.071,0.071,0.071,0.071,0.071
Sheath Flow(lpm),3,3,3,3,3,3,3,3,3,3,3,3,3,3,3,3,3,3,3,3,3,3,3,3,3,3,3,3,3,3,3,3,3,3,3,3,3,3,3,3,3,3
Aerosol Flow(lpm),1.5,1.5,1.5,1.5,1.5,1.5,1.5,1.5,1.5,1.5,1.5,1.5,1.5,1.5,1.5,1.5,1.5,1.5,1.5,1.5,1.5,1.5,1.5,1.5,1.5,1.5,1.5,1.5,1.5,1.5,1.5,1.5,1.5,1.5,1.5,1.5,1.5,1.5,1.5,1.5,1.5,1.5
CPC Inlet Flow(lpm),1.5,1.5,1.5,1.5,1.5,1.5,1.5,1.5,1.5,1.5,1.5,1.5,1.5,1.5,1.5,1.5,1.5,1.5,1.5,1.5,1.5,1.5,1.5,1.5,1.5,1.5,1.5,1.5,1.5,1.5,1.5,1.5,1.5,1.5,1.5,1.5,1.5,1.5,1.5,1.5,1.5,1.5
CPC Sample Flow(lpm),0.3,0.3,0.3,0.3,0.3,0.3,0.3,0.3,0.3,0.3,0.3,0.3,0.3,0.3,0.3,0.3,0.3,0.3,0.3,0.3,0.3,0.3,0.3,0.3,0.3,0.3,0.3,0.3,0.3,0.3,0.3,0.3,0.3,0.3,0.3,0.3,0.3,0.3,0.3,0.3,0.3,0.3
Low Voltage,14.0228,14.0228,14.0228,14.0228,14.0228,14.0228,14.0228,14.0228,14.0228,14.0228,14.0228,14.0228,14.0228,14.0228,14.0228,14.0228,14.0228,14.0228,14.0228,14.0228,14.0228,14.0228,14.0228,14.0228,14.0228,14.0228,14.0228,14.0228,14.0228,14.0228,14.0228,14.0228,14.0228,14.0228,14.0228,14.0228,14.0228,14.0228,14.0228,14.0228,14.0228,14.0228
High Voltage,9507.79,9507.79,9507.79,9507.79,9507.79,9507.79,9507.79,9507.79,9507.79,9507.79,9507.79,9507.79,9507.79,9507.79,9507.79,9507.79,9507.79,9507.79,9507.79,9507.79,9507.79,9507.79,9507.79,9507.79,9507.79,9507.79,9507.79,9507.79,9507.79,9507.79,9507.79,9507.79,9507.79,9507.79,9507.79,9507.79,9507.79,9507.79,9507.79,9507.79,9507.79,9507.79
Lower Size(nm),15.9634,15.9634,15.9634,15.9634,15.9634,15.9634,15.9634,15.9634,15.9634,15.9634,15.9634,15.9634,15.9634,15.9634,15.9634,15.9634,15.9634,15.9634,15.9634,15.9634,15.9634,15.9634,15.9634,15.9634,15.9634,15.9634,15.9634,15.9634,15.9634,15.9634,15.9634,15.9634,15.9634,15.9634,15.9634,15.9634,15.9634,15.9634,15.9634,15.9634,15.9634,15.9634
Upper Size(nm),723.394,723.394,723.394,723.394,723.394,723.394,723.394,723.394,723.394,723.394,723.394,723.394,723.394,723.394,723.394,723.394,723.394,723.394,723.394,723.394,723.394,723.394,723.394,723.394,723.394,723.394,723.394,723.394,723.394,723.394,723.394,723.394,723.394,723.394,723.394,723.394,723.394,723.394,723.394,723.394,723.394,723.394
Density(g/cc),1,1,1,1,1,1,1,1,1,1,1,1,1,1,1,1,1,1,1,1,1,1,1,1,1,1,1,1,1,1,1,1,1,1,1,1,1,1,1,1,1,1
Title,,,,,,,,,,,,,,,,,,,,,,,,,,,,,,,,,,,,,,,,,,
Status Flag,Conditioner Temperature Error ,Conditioner Temperature Error ,Conditioner Temperature Error ,Conditioner Temperature Error ,Conditioner Temperature Error ,Conditioner Temperature Error ,Conditioner Temperature Error ,Conditioner Temperature Error ,Conditioner Temperature Error ,Conditioner Temperature Error ,Conditioner Temperature Error ,Conditioner Temperature Error ,Conditioner Temperature Error ,Conditioner Temperature Error ,Conditioner Temperature Error ,Conditioner Temperature Error ,Conditioner Temperature Error ,Conditioner Temperature Error ,Conditioner Temperature Error ,Conditioner Temperature Error ,Conditioner Temperature Error ,Conditioner Temperature Error ,Conditioner Temperature Error ,Conditioner Temperature Error ,Conditioner Temperature Error ,Conditioner Temperature Error ,Conditioner Temperature Error ,Conditioner Temperature Error ,Conditioner Temperature Error ,Conditioner Temperature Error ,Conditioner Temperature Error ,Conditioner Temperature Error ,Conditioner Temperature Error ,Conditioner Temperature Error ,Conditioner Temperature Error ,Conditioner Temperature Error ,Conditioner Temperature Error ,Conditioner Temperature Error ,Conditioner Temperature Error ,Conditioner Temperature Error ,Conditioner Temperature Error ,Conditioner Temperature Error 
td(s),1.1,1.1,1.1,1.1,1.1,1.1,1.1,1.1,1.1,1.1,1.1,1.1,1.1,1.1,1.1,1.1,1.1,1.1,1.1,1.1,1.1,1.1,1.1,1.1,1.1,1.1,1.1,1.1,1.1,1.1,1.1,1.1,1.1,1.1,1.1,1.1,1.1,1.1,1.1,1.1,1.1,1.1
tf(s),5.51527,5.51527,5.51527,5.51527,5.51527,5.51527,5.51527,5.51527,5.51527,5.51527,5.51527,5.51527,5.51527,5.51527,5.51527,5.51527,5.51527,5.51527,5.51527,5.51527,5.51527,5.51527,5.51527,5.51527,5.51527,5.51527,5.51527,5.51527,5.51527,5.51527,5.51527,5.51527,5.51527,5.51527,5.51527,5.51527,5.51527,5.51527,5.51527,5.51527,5.51527,5.51527
D50(nm),593.091,593.091,593.091,593.091,593.091,593.091,593.091,593.091,593.091,593.091,593.091,593.091,593.091,593.091,593.091,593.091,593.091,593.091,593.091,593.091,593.091,593.091,593.091,593.091,593.091,593.091,593.091,593.091,593.091,593.091,593.091,593.091,593.091,593.091,593.091,593.091,593.091,593.091,593.091,593.091,593.091,593.091
Median(nm),21.2111,530.205,255.632,33.5751,77.4938,89.4796,97.1084,102.892,107.08,110.699,113.274,115.556,117.166,119.228,120.846,122.594,124.209,125.847,127.146,126.425,128.234,129.195,129.61,129.871,130.643,130.441,130.472,131.473,132.704,132.508,132.514,133.388,133.025,132.318,133.073,133,134.03,134.188,133.924,134.375,134.793,135.158
Mean(nm),79.6615,398.083,218.009,67.6891,93.0528,101.002,106.503,111.089,114.527,117.749,120.135,122.197,123.946,125.812,127.545,129.233,130.979,132.744,134.165,133.49,135.274,136.388,136.828,137.16,138.092,137.96,138.085,139.368,140.411,140.245,140.198,141.534,141.142,140.613,141.366,141.667,142.695,142.851,142.622,143.37,143.87,144.259
Geo. Mean(nm),50.2811,322.797,213.126,51.4026,74.0177,82.8265,89.0966,94.3146,98.3833,102.009,104.792,107.217,109.211,111.386,113.302,115.182,117.009,118.826,120.311,120.026,121.719,122.817,123.192,123.65,124.568,124.517,124.729,126.013,126.973,126.984,127.15,128.203,127.927,127.403,128.065,128.299,129.427,129.474,129.283,129.975,130.405,130.808
Mode(nm),20.908,593.523,259.455,28.9026,140.746,126.346,135.773,135.773,130.975,140.746,135.773,140.746,140.746,145.902,145.902,140.746,135.773,145.902,140.746,140.746,145.902,145.902,140.746,145.902,140.746,140.746,140.746,145.902,140.746,140.746,145.902,135.773,140.746,140.746,151.247,145.902,145.902,145.902,140.746,140.746,151.247,135.773
Geo. Std. Dev.,2.69617,2.04619,1.23988,2.02698,2.0143,1.93062,1.86998,1.82341,1.7837,1.75471,1.73072,1.70904,1.69324,1.67524,1.66272,1.6501,1.64128,1.63316,1.62671,1.61556,1.6133,1.60993,1.61097,1.60549,1.60318,1.60005,1.59699,1.59248,1.59308,1.58749,1.58103,1.58495,1.58251,1.58348,1.58427,1.58487,1.57871,1.58133,1.58065,1.57956,1.57986,1.57848
Total Concentration(#/cm³),0.572479,0.432128,0.170233,592212,289086,242219,211276,187912,168334,155121,141354,129831,119861,111298,104715,99435.6,94951.4,90527.1,86231.7,81642.6,79579,75403.3,73233.4,69265.8,66552.5,62203.3,59602.3,58018.5,56134.5,54197.1,52450.4,50293.8,47680,45492,43926.2,42511.8,41187.2,39742.5,37783.4,36642.4,35538.6,34424.9
Comment,,,,,,,,,,,,,,,,,,,,,,,,,,,,,,,,,,,,,,,,,,
