Sample File,C:\Users\VanceLab\Desktop\CASA_InLabTests\SMPS_8_29_2022\FreshSmoke\SMPS_freshSmoke_08292022.S82,
AIM Version,10.3.1.0
Classifier Model,3082       ,Classifier S/N,3082021905001   ,Classifier Firmware Version,2.60
Neutralizer Model,3088,Neutralizer S/N,3088011906004
Impactor (cm),0.071,Impactor S/N,7100764
DMA Model,3081,DMA S/N,3081A1903007
DMA Inner Radius (cm),0.937
DMA Outer Radius (cm),1.961
DMA Characteristic Length (cm),44.369
HV Polarity,NEG,
Detector Model,3750,Detector S/N,3750190603,Nano Enhancer , None
Detector Sample Flow (L/min),1.00,Detector Inlet Flow (L/min),1.00
Reference Gas Viscosity (Pa*s),1.832450e-005
Reference Mean Free Path (m),6.730000e-008
Reference Gas Temperature (K),296.15
Reference Gas Pressure (kPa),101.30
Sutherland Constant (K),110.40
Tube Length (cm),25.40
Tube Diameter (cm),0.48
Channels/Decade,64
Multiple Charge Correction,TRUE
Nanoparticle Agglomerate Mobility Analysis,FALSE
Diffusion Correction,TRUE
Units,dw/dlogDp
Weight,Number
Sample #,1,2,3,4
Date,8/29/2022,8/29/2022,8/29/2022,8/29/2022
Start Time,14:35:00,14:38:00,14:41:00,14:44:00
Sample Temp (C),24.1,24.3,24.5,24.6
Sample Pressure (kPa),81.6,81.5,81.6,81.6
Relative Humidity (%),42.9,42.6,42.3,41.9
Mean Free Path (m),8.39424e-008,8.41172e-008,8.40859e-008,8.41218e-008
Gas Viscosity (Pa*s),1.83770e-005,1.83865e-005,1.83960e-005,1.84008e-005
Diameter Midpoint (nm)
 15.7,0.000,0.000,24883.121,10706.678
 16.3,0.000,0.000,22555.838,12457.060
 16.8,0.000,15.116,18427.636,14947.788
 17.5,0.000,0.000,16653.418,17355.216
 18.1,13.266,0.000,15494.272,20934.556
 18.8,0.000,0.000,16022.104,23502.926
 19.5,11.741,0.000,17936.367,27317.508
 20.2,11.062,11.044,19103.907,29073.446
 20.9,20.768,10.450,21814.976,31793.159
 21.7,0.000,0.000,25778.545,33091.376
 22.5,0.000,0.000,26897.991,33942.151
 23.3,0.000,0.000,28308.386,36635.807
 24.1,0.000,0.000,28087.593,36750.003
 25.0,0.000,0.000,29092.104,39629.168
 25.9,7.050,0.000,28557.527,40693.112
 26.9,13.905,0.000,28591.877,44751.881
 27.9,6.340,0.000,27247.889,48245.654
 28.9,0.000,0.000,27367.834,50519.235
 30.0,11.952,0.000,26974.534,54370.689
 31.1,11.747,88713.560,25582.715,61323.228
 32.2,5.052,358910.767,24441.478,70619.092
 33.4,15.629,600117.096,24184.966,83578.905
 34.6,20.660,765253.836,21999.903,99516.296
 35.9,41.474,894609.579,21568.600,116226.939
 37.2,19.459,1194255.603,21022.429,131341.781
 38.5,23.044,1504992.679,21242.168,148665.362
 40.0,17.113,1753069.274,20951.029,164637.182
 41.4,45.457,1959371.308,21533.105,182793.166
 42.9,21.822,2041756.096,22691.466,193762.333
 44.5,11.828,2017120.860,24507.995,211677.023
 46.1,15.050,2032708.243,27841.322,220789.718
 47.8,27.507,2032792.926,31209.560,229009.839
 49.6,23.536,1994183.965,35616.735,237167.024
 51.4,14.221,1945241.161,40194.940,240662.987
 53.3,13.864,1816573.471,44038.495,249471.678
 55.2,21.312,1743551.187,45884.412,258938.415
 57.3,27.853,1711268.975,51779.525,265566.952
 59.4,16.527,1744359.308,58733.755,270895.280
 61.5,7.910,1758188.044,61407.249,286730.489
 63.8,8.733,1752890.575,62511.773,292132.539
 66.1,19.735,1757193.750,57770.911,303713.938
 68.5,16.427,1772536.993,53547.159,315451.099
 71.0,8.438,1812157.607,49343.078,319009.670
 73.7,3.617,1945831.864,49172.320,316717.582
 76.4,20.589,2200420.780,58827.122,323388.631
 79.1,2.307,2284580.977,67632.443,329284.650
 82.0,13.529,2148438.723,80412.152,333228.932
 85.1,8.548,1948431.215,87734.278,340309.056
 88.2,9.478,1698062.697,97034.091,351068.110
 91.4,17.742,1441640.828,105721.527,350781.749
 94.7,30.818,1235590.975,112122.459,366559.106
 98.2,17.877,1089045.854,118292.294,374769.970
101.8,17.348,995995.467,118141.237,381541.248
105.5,20.445,854698.454,115354.508,393563.773
109.4,22.613,740281.303,115642.137,412967.192
113.4,14.716,648351.511,121017.051,421058.789
117.6,23.504,620841.723,134307.714,432894.397
121.9,16.259,685800.157,144197.327,439178.711
126.3,15.891,745084.877,156152.552,443310.831
131.0,24.638,802807.712,162758.966,441405.164
135.8,10.791,841766.232,165192.276,440934.826
140.7,22.308,877517.644,165491.566,434418.627
145.9,25.320,900129.055,161146.706,429574.513
151.2,23.995,864851.248,156086.750,413436.176
156.8,10.344,797618.164,155564.873,400724.801
162.5,30.665,733606.063,152278.489,381669.246
168.5,9.586,669606.637,145119.430,364114.674
174.7,13.341,610831.357,136093.215,345108.922
181.1,2.377,542151.311,124736.327,323930.102
187.7,6.314,481845.675,114664.706,303750.118
194.6,4.947,425327.120,102617.879,279297.917
201.7,2.858,377056.622,92762.430,256293.664
209.1,3.829,345905.438,86636.839,239607.831
216.7,0.000,310780.174,79940.258,220594.961
224.7,4.510,270411.548,76016.631,202185.486
232.9,4.571,230537.622,72795.514,185842.029
241.4,5.202,195255.364,69388.099,167145.215
250.3,10.792,168953.433,63284.599,151407.563
259.5,2.376,146717.803,57350.083,137438.378
269.0,15.125,127655.959,50112.592,121119.305
278.8,0.000,108429.067,42385.113,106799.014
289.0,0.000,89468.984,36871.122,92941.390
299.6,0.000,75333.751,31241.996,79556.128
310.6,0.000,66813.236,26130.047,68956.387
322.0,3.457,58429.955,21884.702,57515.943
333.8,0.000,47980.677,18242.361,46592.750
346.0,0.000,39915.666,15002.713,38005.039
358.7,0.000,33478.204,12392.230,30462.257
371.8,0.000,27238.394,10509.612,24413.133
385.4,0.000,22001.306,8630.007,19705.878
399.5,3.564,17366.067,6631.072,15545.450
414.2,0.000,14800.910,5619.318,12245.340
429.4,3.683,12300.837,4714.440,9721.988
445.1,0.000,9960.420,3633.001,7490.483
461.4,3.811,8411.982,2558.265,5879.053
478.3,31.028,7000.091,2252.745,4841.832
495.8,39.242,5922.504,1749.275,4030.291
514.0,3.996,5189.296,1510.656,2854.941
532.8,12.213,4385.255,1049.103,2396.501
552.3,4.149,3787.180,766.336,1816.854
572.5,12.689,2877.220,600.565,1525.733
593.5,4.285,2331.112,573.596,1361.980
615.3,8.743,1901.821,464.670,1096.920
637.8,4.462,1581.074,281.167,878.017
661.2,9.047,1477.441,297.338,692.796
685.4,0.000,1154.053,293.006,556.387
710.5,0.000,1059.167,200.004,523.689
736.5,0.000,903.279,198.333,480.782
Scan Time (s),155,155,155,155
Retrace Time (s),4,4,4,4
Scan Resolution (Hz),50,50,50,50
Scans Per Sample,1,1,1,1
Sheath Flow (L/min),3.000,3.000,3.000,3.000
Aerosol Flow (L/min),0.911,0.912,0.912,0.912
Bypass Flow (L/min),0.00,0.00,0.00,0.00
Low Voltage (V),10.32,10.31,10.32,10.31
High Voltage (V),9757.22,9757.93,9763.35,9765.06
Lower Size (nm), 15.4, 15.4, 15.4, 15.4
Upper Size (nm),749.9,749.9,749.9,749.9
Density (g/cm³),1.0,1.0,1.0,1.0
td + 0.5 (s),1.54,1.54,1.54,1.54
tf (s),6.35,6.34,6.34,6.34
D50 (nm),764.8,764.4,764.6,764.7
Neutralizer Status,ON,ON,ON,ON
Median (nm),84.082,69.271,123.473,105.580
Mean (nm),139.200,84.481,130.655,118.757
Geo. Mean (nm),88.961,73.373,107.152,99.608
Mode (nm),41.418,79.148,140.746,126.346
Geo. Std. Dev.,2.470,1.657,1.991,1.846
Total Conc. (#/cm³),1.850034e+001,1.089497e+006,8.824817e+004,2.882798e+005
Title,,,,
User Name,VanceLab,VanceLab,VanceLab,VanceLab
Sample ID,,,,
Instrument ID,,,,
Lab ID,,,,
Leak Test and Leakage Rate,,,,
Instrument Errors,Normal Scan,Normal Scan,Normal Scan,Normal Scan
Comment,,,,
