Sample File,C:\Users\vancelab\Desktop\Chamber\Raw data\Chamber_Water_SMPS_FreshSmoke_HRH_20230413.S80
Classifier Model,3080
DMA Model,3081
DMA Inner Radius(cm),0.00937
DMA Outer Radius(cm),0.01961
DMA Characteristic Length(cm),0.44369
CPC Model,3788 High Flow
Reference Gas Viscosity (Pa*s),1.83245e-005
Reference Mean Free Path (m),6.73e-008
Reference Gas Temperature (K),296.15
Reference Gas Pressure (kPa),101.3
Channels/Decade,64
Multiple Charge Correction,FALSE
Nanoparticle Aggregate Mobility Analysis,FALSE
Diffusion Correction,FALSE
Units,dw/dlogDp
Weight,Number
Sample #,1,2,3,4,5,6,7,8,9,10,11,12,13,14,15,16,17,18,19,20,21,22,23,24,25,26,27,28
Date,04/13/23,04/13/23,04/13/23,04/13/23,04/13/23,04/13/23,04/13/23,04/13/23,04/13/23,04/13/23,04/13/23,04/13/23,04/13/23,04/13/23,04/13/23,04/13/23,04/13/23,04/13/23,04/13/23,04/13/23,04/13/23,04/13/23,04/13/23,04/13/23,04/13/23,04/13/23,04/13/23,04/13/23
Start Time,15:35:00,15:38:00,15:41:00,15:44:00,15:47:00,15:50:00,15:53:00,15:56:00,15:59:00,16:02:00,16:05:00,16:08:00,16:11:00,16:14:00,16:17:00,16:20:00,16:23:00,16:26:00,16:29:00,16:32:00,16:35:00,16:38:00,16:41:00,16:44:00,16:47:00,16:50:00,16:53:00,16:56:00
Diameter Midpoint
 16.3,16.6625,0,16.6625,33.325,33.325,0,16.6625,0,0,16.6625,16.6625,0,0,0,0,0,0,0,0,0,0,0,0,0,16.6625,33.325,0,0
 16.8,0,16.0571,0,80.2855,59.1886,32.1142,16.0571,0,0,32.1142,32.1142,0,0,0,0,0,0,0,0,0,0,16.0571,0,0,0,0,0,0
 17.5,15.4941,0,0,108.578,128.816,46.4823,61.9764,0,0,30.9882,15.6138,15.4941,15.4941,0,0,0,0,0,0,0,0,15.4941,31.1079,0,0,0,0,0
 18.1,14.9498,0,0,149.382,64.5634,29.8995,44.8493,29.8995,0,44.8493,29.784,29.8995,14.9498,0,0,0,0,0,0,0,0,0,14.8343,14.9498,0,14.9498,0,0
 18.8,0,14.4423,14.4423,158.866,76.5433,81.146,28.8847,0,28.8847,14.4423,0,0,14.4423,0,0,14.4423,0,14.4423,0,0,0,0,0,0,0,0,14.4423,0
 19.5,13.9512,0,0,205.379,115.634,33.2231,27.9024,13.9512,12.6549,41.8537,27.9024,0,0,13.9512,0,0,0,0,0,0,0,41.8537,0,40.5573,0,0,27.9024,13.9512
 20.2,0,0,13.4766,114.044,122.541,13.4766,0,67.3828,1.25224,0,0,0,0,0,0,0,0,13.4766,13.4766,0,26.9531,26.9531,0,1.25224,13.4766,0,0,13.4766
 20.9,13.0184,0,13.0184,297.032,117.165,91.1285,91.1285,13.0184,39.0551,13.0184,13.0184,13.0184,13.0184,0,0,0,0,0,0,0,13.0184,13.0184,13.0184,13.0184,13.0184,0,0,0
 21.7,0,12.5902,21.3906,298.376,138.493,100.722,75.5414,50.361,25.1805,50.361,0,12.5902,0,8.8004,0,0,0,0,0,0,25.1805,8.8004,0,0,12.5902,12.5902,0,0
 22.5,36.5681,0,3.66917,220.768,255.206,36.5681,12.1894,0,36.5681,24.3787,12.1894,36.5681,0,3.66917,0,0,0,24.3787,0,0,0,3.66917,12.1894,24.3787,0,12.1894,12.1894,0
 23.3,0,0,0,383.664,267.957,108.106,25.4992,35.4031,23.6021,35.4031,47.2042,35.4031,1.8971,0,0,0,0,11.801,0,0,0,0,0,35.4031,23.6021,11.801,0,11.801
 24.1,0,11.3801,0,414.449,395.197,184.464,43.6908,68.2803,56.9003,22.7601,56.9003,22.7601,20.9307,0,0,0,0,11.3801,0,0,0,0,11.3801,22.7601,11.3801,0,0,22.7601
 25.0,11.0514,6.23963,33.1543,525.142,305.349,141.005,172.011,99.4629,55.2571,22.1029,55.2571,11.0514,0,0,0,0,0,11.0514,0,0,22.1029,0,11.0514,11.0514,11.0514,0,11.0514,0
 25.9,10.7412,15.4179,21.4824,595.69,434.876,232.162,120.073,85.9297,53.7061,21.4824,21.4824,32.2236,10.7412,0,0,0,21.4824,0,0,0,10.7412,21.4824,10.7412,10.7412,0,0,10.7412,10.7412
 26.9,10.4479,10.4479,19.912,597.506,473.551,315.135,148.952,165.199,62.6875,20.8958,72.1516,41.7916,10.4479,0,0,0,0,0,0,0,10.4479,0,0,10.4479,0,0,0,0
 27.9,0,10.0809,0.949251,579.192,528.181,303.896,161.295,153.631,90.7285,91.7652,31.1921,10.0809,0,0,0,10.0809,10.0809,0,0,0,20.1619,10.0809,0.518309,10.0809,10.0809,10.0809,40.3238,0
 28.9,0,0,131.212,758.053,713.982,358.377,191.906,168.233,82.1012,77.5667,39.2884,98.2209,0,0,9.82209,0,0,0,0,0,9.82209,9.82209,28.9613,39.2884,0,0,19.6442,0
 30.0,18.994,0,1313.13,680.161,625.263,408.752,218.812,169.243,167.539,81.4681,104.467,85.4732,0,18.994,0,0,0,18.994,0,0,18.994,28.4911,18.994,18.994,18.994,0,0,9.49702
 31.1,18.5338,9.26688,2640.79,880.196,570.324,521.92,254.114,259.473,118.243,59.5093,129.736,129.736,0,0,9.26688,0,0,0,18.5338,0,18.5338,18.5338,0,3.5202,9.26688,18.5338,9.26688,0
 32.2,9.04759,18.0952,3828.78,918.923,837.121,475.465,287.744,199.047,232.443,108.571,108.571,94.555,0,9.04759,0,0,0,9.04759,0,0,18.0952,31.2219,27.1428,41.8011,44.3486,27.1428,9.04759,0
 33.4,13.1678,17.5419,4953.53,1050.89,835.033,592.561,339.44,298.258,175.884,114.022,127.19,70.6101,8.77094,0,0,0,4.3969,4.3969,0,0,17.5419,48.6713,43.8547,35.0838,18.4041,0,0,0
 34.6,4.27592,17.1484,5642.65,1122.42,1078.86,673.245,378.013,270.825,274.601,133.682,219.152,77.4173,0,0,0,0,4.27592,8.82383,0,0,42.8709,25.7226,51.4451,0,25.7226,25.7226,25.7226,0
 35.9,16.6505,0,6735.15,1234.31,1157.22,743.494,463.78,349.834,220.988,158.353,262.672,187.687,0,0,16.6505,0,16.6505,3.90939,8.32526,8.32526,16.6505,41.6263,41.6263,33.3011,8.32526,46.0999,16.6505,8.32526
 37.2,0,0,5609.48,1214.39,1126.41,1033.58,625.978,431.782,382.681,198.706,235.544,154.544,0,0,0,8.14773,0,0,8.14773,0,16.2955,44.9855,24.4432,40.7386,73.3295,28.2127,0,16.2955
 38.5,0,15.8451,4300.96,1252.08,1222.32,948.446,588.475,616.969,374.94,181.92,289.005,185.694,11.7346,15.8451,0,15.8451,0,0,3.81206,23.7677,15.8451,35.4832,35.5023,23.7677,39.6128,15.8451,11.7346,7.92255
 40.0,7.76155,0,2525.76,1458.28,1332.08,1023.93,606.11,646.89,433.719,282.938,414.592,242.033,11.7885,15.5231,7.76155,7.76155,3.23031,7.76155,11.7885,0,46.5693,23.2846,53.8266,31.0462,15.5231,23.2846,27.3116,15.5231
 41.4,0,0,1774.86,1472.62,1478.01,1022.42,655.788,655.756,494.055,226.02,293.851,254.188,7.55688,25.1293,15.1138,0,11.9686,7.55688,0,7.55688,40.243,98.2394,57.3099,45.3413,22.6706,22.6706,7.55688,22.6706
 42.9,7.41019,7.41019,1035.94,1769.49,1470.62,1103.12,631.17,784.373,726.17,378.586,383.379,316.687,0,12.4094,7.41019,38.5895,7.41019,7.41019,0,0,58.4092,81.5121,74.1019,37.0509,29.6407,29.6407,23.7691,0
 44.5,0,7.67105,1093.31,1810.67,1558.56,1310.14,831.438,758.309,675.837,344.616,434.02,348.683,14.4467,21.67,0,6.17127,36.1167,7.22333,7.22333,0,71.1813,87.1277,28.8933,116.021,51.0111,14.4467,49.0635,28.8933
 46.1,7.08913,13.7389,1107.42,2259.69,1642.76,1276.88,948.285,924.701,657.072,292.871,450.429,334.087,7.08913,6.29036,7.08913,41.2966,0,0,0,77.9804,75.9435,55.4748,55.1155,62.564,69.6531,41.736,55.9142,7.08913
 47.8,0,6.91786,1314.08,1919.65,1670.86,1575.5,923.214,968.828,754.703,405.462,572.458,407.988,20.7536,7.69733,20.7536,0.779469,6.91786,6.91786,6.91786,6.91786,56.9018,104.547,63.8197,83.7938,60.844,7.69733,14.6152,27.6714
 49.6,6.7946,6.7946,1462.33,2075.59,1973.28,1461.34,1034.41,1132.33,1012.01,594.691,588.449,548.409,20.3838,20.3838,13.5892,9.82812,6.7946,6.7946,54.3568,13.5892,118.542,121.575,80.8076,95.1244,36.13,88.3298,27.1784,20.3838
 51.4,0,13.3512,1837.15,2188.56,1850.84,1829.4,997.371,1167.69,1033.84,510.656,720.108,493.61,33.3781,27.8901,6.67562,10.3708,20.0269,0,20.0269,14.5388,103.83,175.469,103.224,114.673,43.6164,47.9169,93.4587,6.67562
 53.3,13.1214,6.56071,1864.81,2231.19,1932.31,1711.78,1279.92,1052.27,949.52,725.348,725.731,663.853,19.6821,90.6828,6.56071,19.6821,0,6.56071,26.2428,11.9543,136.959,201.399,82.1388,130.047,61.2896,76.7452,32.8035,26.2428
 55.2,6.44965,6.44965,2410.94,2296.88,2379.18,1787.58,1315.39,1501.04,1238.03,642.899,671.952,606.608,6.44965,0,12.8993,6.44965,32.2482,19.3489,6.44965,0,162.044,171.965,97.547,158.263,75.2203,42.9721,62.0129,64.4965
 57.3,6.34225,26.4135,3438.83,2264.32,2291.51,2028.61,1329.85,1337.31,1460.95,748.38,1309.35,792.852,31.7113,39.098,19.0268,45.4403,12.6845,12.6845,12.6845,12.6845,119.383,244.978,122.592,161.485,86.422,60.0085,65.8648,44.3958
 59.4,12.4767,11.4493,4430.02,2710.89,2574.08,2077.57,1654.33,1686.46,1565.71,804.631,1111.25,782.765,18.715,5.21098,12.4767,56.7405,12.4767,0,23.4149,12.4767,247.558,190.907,213.21,120.151,184.584,53.0681,99.8135,49.9067
 61.5,12.2755,6.13775,5386.97,2457.27,2594.46,2087.08,1713.95,1727,1405.32,1074.39,1117.99,795.636,30.6887,44.8239,26.4106,10.6789,75.5126,24.551,13.7892,18.4132,249.838,289.905,223.986,221.222,130.406,68.1241,98.204,71.2345
 63.8,12.0806,0,5361.59,3015.46,2794.1,2293.11,1764.03,2051.8,1737.63,913.075,1305.87,1278.71,24.1612,58.573,28.3714,24.1612,22.3311,60.4031,6.04031,12.0806,376.989,456.022,174.398,254.498,243.112,96.7546,136.657,105.065
 66.1,5.94588,0,5022.2,3161.08,2744.44,2563.96,1931.79,2136.48,1911.2,1110.04,1720.09,1178.1,37.3349,29.7294,1.65961,71.3506,31.389,5.94588,17.8376,5.94588,316.4,455.574,259.751,466.164,493.692,37.9103,146.596,73.0102
 68.5,11.7687,5.88435,5543.68,3074.68,3576.17,2592.47,1905.25,2785.68,1978.42,1267.21,1516.63,1410.41,27.7793,33.5563,21.895,47.0748,21.895,5.88435,11.7687,0,362.287,363.03,259.761,421.766,104.911,229.49,116.68,131.948
 71.0,17.3839,11.5893,5328.26,3250.95,2948.06,3240.61,1914.59,2445.5,2295.31,1341.54,1515.06,1520.7,75.7999,71.2586,23.1785,53.5608,46.357,23.1785,12.059,0,382.915,518.699,252.301,469.209,221.445,140.011,306.96,106.966
 73.7,5.73611,11.4722,5923.8,4148.15,3104.32,3197.37,2528.26,2697.61,2376.5,1502.65,2076.32,1484.58,22.4795,145.77,22.9444,80.2776,28.6805,36.7844,22.4795,17.2083,478.775,509.02,350.241,703.118,562.651,95.5832,178.721,113.792
 76.4,28.3936,5.67872,6367.69,3634.91,3376.16,2988.29,2524.24,3230.13,2554.19,1458.39,2268.14,1707.77,22.7149,47.0389,34.0723,63.3402,51.1085,9.01343,11.3574,11.3574,782.486,742.829,489.384,553.203,244.571,215.057,192.225,178.268
 79.1,5.22586,0,6169.12,4274.46,3682.87,4511.02,2421.19,3619.87,2365.24,1719.49,2397.37,1726.2,22.0932,52.3105,56.2245,92.1863,39.3571,27.7156,22.0932,11.2449,589.01,1099.94,453.579,756.795,326.642,214.172,201.911,170.504
 82.0,5.95993,5.56724,6309.22,4583.97,3775.43,3797.3,2397.36,3600.82,3435.85,1837.84,2409.39,2063.29,18.3309,89.0758,27.8362,118.708,38.9707,35.0326,33.7961,5.56724,511.841,840.305,716.698,762.243,476.19,219.537,190.523,218.693
 85.1,11.0262,11.0262,7811.99,4322.63,3684.87,3883.67,2581.42,3898.56,3070.06,2353.88,2706.61,2154.84,37.3671,55.1308,33.0785,93.1101,78.2617,63.3745,11.0262,22.0523,566.477,888.156,574.575,773.515,582.216,283.897,290.729,232.868
 88.2,5.48604,18.1694,7345.65,5826.63,3915.37,4020.47,2701.01,4119.31,2959.01,2034.99,2936.02,2364.89,45.5996,63.7691,38.4023,65.8325,137.789,103.722,142.637,16.4581,658.259,932.667,658.384,1021.45,594.296,355.023,237.85,289.096
 91.4,1.78021,10.9521,6825.96,5066.59,4083.49,4157.63,2749.27,4335.55,3468.46,2134.45,3789.06,2409.03,54.4191,87.1047,21.7335,59.7672,32.6856,50.9441,23.5137,23.5137,654.383,1155.63,727.146,982.158,850.639,470.268,316.909,281.011
 94.7,19.8567,3.63548,6795.65,4942.01,5272.5,4419.21,3054.31,3784.58,3450.98,1965.12,3362,2887.86,53.8369,95.3218,10.8141,77.2367,102.5,37.8494,178.199,41.4849,791.381,1163.39,1056.89,1039.73,598.406,487.472,382.733,259.072
 98.2,5.38097,5.38097,7032.86,5006.3,4186.5,5828.15,2856.18,4116.28,3502.97,2461.65,3544.65,2719.32,146.056,89.9461,53.8097,139.346,57.6603,59.1907,63.0413,48.4288,648.727,1522.41,1020.08,1194.44,715.602,369.048,576.848,329.061
101.8,16.0653,10.7102,7169.55,5585.93,4475.51,4869.42,3266.7,4517.24,3476.97,2757.86,3833.79,2823.17,142.299,193.223,75.0447,165.189,58.9062,32.2039,37.559,53.9172,693.705,1236.95,916.979,1417.9,823.353,398.282,527.403,462.323
105.5,15.9884,5.32946,7723.18,5348.51,4244.16,5095.9,4438.93,4886.57,4527.19,2456.19,3760.79,2674.95,31.9768,127.47,46.7324,111.773,98.94,52.0619,53.2217,63.5891,1264.02,1619.39,1079.3,1435.47,819.724,377.412,610.675,603.317
109.4,10.6081,5.30403,7434.25,5716.09,4543.53,4760.16,3256.67,5617.38,3993.92,2770.31,4033.52,2633.8,63.6483,113.955,149.667,71.5224,256.41,43.5865,63.6483,26.3563,764.649,1970.39,900.026,1511.55,930.727,514.467,459.519,409.443
113.4,0,5.30325,7070.36,5810.62,4296.44,5161.58,3593.41,5571.42,5981.83,2955.19,4146.05,2871.11,42.426,105.377,48.3566,451.971,119.045,63.6389,32.4469,22.0042,1376.66,2051.77,2329.42,1687.83,974.897,592.916,509.871,409.081
117.6,14.154,0,7025.13,5659.9,4001.28,5319.41,3141.77,4716.77,5808.4,3351.83,4422.17,2738.47,31.668,207.567,66.3096,149.316,114.243,58.0581,78.5457,189.384,970.366,1761.86,1375.46,1710.86,916.961,590.988,525.779,454.86
121.9,12.2341,10.5544,9160.52,5889.55,4115.35,5249.91,4366.22,5219.92,4659.18,3442.1,4410.88,2476.81,58.9608,117.06,87.0265,97.7247,259.494,52.7719,48.4065,80.9814,1073.3,1835.33,1351.22,2172.21,1123.53,553.436,542.356,450.87
126.3,0,5.27634,7230.13,7125.03,4492.85,4991.88,3484.46,5260.92,5012.92,4144.86,5666.95,2653.16,30.7464,159.008,78.2335,90.0741,109.892,171.954,165.766,54.0513,830.871,1635.42,1667.66,1646.22,1668.97,562.313,730.472,508.262
131.0,0,5.27548,6697.69,5918.9,4245.93,5279.02,3573.16,5236.41,5289.5,3237.62,4617.97,3330.52,41.8366,152.989,73.4895,138.593,98.7652,60.195,54.1851,70.3788,1067.64,1756.11,1450.84,1772.99,1024.65,831.016,860.89,555.763
135.8,0,0,6935.85,5910.71,5026.66,5347.07,3857.18,6188.83,5048.57,3201.88,4667.16,2821.23,43.5824,96.9798,42.5639,113.538,113.254,52.7459,338.308,43.5824,858.893,2056.46,1643.68,1722.82,893.513,1050.28,1104.69,568.037
140.7,0,5.2981,6509.04,6258.07,4025.41,7114.36,3638.88,5042.32,5323.42,3349.49,4353.13,2587.11,281.768,124.471,47.6829,81.4087,108.922,65.5689,160.935,73.1503,950.756,1889.56,1614.65,1945.89,1056.61,894.632,1046.84,845.981
145.9,5.3218,0,6793.01,6119.12,4062.01,5453.79,4273.24,5059.5,5679.84,3508.77,4923.08,2468.43,77.582,388.887,71.7221,81.1475,104.729,53.7561,51.2174,66.4003,1307.22,1784.43,1777.76,2731.53,637.163,508.604,924.55,580.033
151.2,0,5.32084,6950.61,6460.16,4152.46,5550.44,4494.99,5610.44,5898.22,3895.83,4677.16,2570.48,53.3956,191.68,58.6228,133.021,96.0559,87.8589,95.6607,18.7451,1614.12,2572.89,1982.18,1946.79,2197.78,767.589,743.201,831.195
156.8,5.34472,5.34472,6974.54,6236.02,4243.1,5779.65,3946.84,6223.45,5982.89,3962.1,4592.71,2511.8,55.7866,109.291,228.68,119.085,378.39,52.7237,77.223,55.7291,1040.09,2920.52,1823.48,2295.24,1148.67,932.795,805.833,618.957
162.5,1.46188,0,7180.58,7298.9,4495.56,5816.64,4134.82,7164.25,7504.45,4121.01,5094.29,2580.97,115.822,117.284,116.606,427.997,157.112,109.623,111.915,19.1831,1174.4,2206.13,2275.85,2037.82,1091.23,733.622,855.724,681.35
168.5,3.92461,16.1793,7264.99,6980.3,4760.38,6079.54,4540.62,5625.23,6305.92,4805.87,5377.64,2509.32,54.0877,155.715,59.4808,97.2325,137.44,95.9207,84.9778,91.8394,1137.96,1951.9,2073.12,2086.67,1297.34,613.119,912.86,679.823
174.7,5.44341,5.44341,10701.5,6865.36,4602.5,6516.91,4360.07,5520.54,5362.68,4417.65,5322.76,2713.73,108.71,189.729,105.397,130.484,355.793,97.6651,92.8532,96.1665,1144.37,2032.36,1545.13,2580.72,1237.14,735.488,934.132,651.234
181.1,5.46837,5.46837,7020.85,8660.12,5317.98,6415.92,5233.23,5855.16,5909.95,5570.1,5848.23,2892.29,92.9623,192.873,93.7822,106.859,159.403,203.81,108.892,115.471,1112.12,2078.05,1885.49,1615.8,1876.9,701.436,846.68,690.63
187.7,0,0,7936.35,7129.22,5331.25,6110.76,5179.29,5525.38,6282.58,4430.34,5352.58,3355.74,102.15,240.024,85.3338,190.272,179.232,110.33,104.882,161.121,1182.61,2189.3,2005.73,1749.82,1416.74,806.246,990.912,610.567
194.6,0,16.6373,7918.24,6727.53,6781.29,6211.25,4976.85,5561.62,5551.68,4714.92,5339.05,2833.85,113.66,181.946,98.1645,301.537,257.38,119.696,249.559,111.693,1135.86,2232.44,1875.58,1629.26,1247.85,1046.92,959.988,649.231
201.7,0,0,7062.72,7258.99,5399.86,7179.28,5056.89,5299.97,5753.8,4523.74,3878.27,2604.82,379.213,244.877,163.287,229.835,214.488,140.106,86.4047,348.772,1209.33,2208.81,1783.83,1753.34,1105.15,811.381,1112.99,524.917
209.1,0,0,6939.71,6716.47,5490.27,5858.46,4662.54,5529.9,5762.05,4648.73,4694.92,2350.51,137.992,410.468,168.258,165.049,165.476,98.3146,151.637,134.677,1318.22,1902.49,1642.47,1600.87,1149.02,704.186,970.759,646.226
216.7,0,0,6730.19,6440.71,5183.94,5493.43,5138.41,5182.72,4975.76,4434.82,5176.91,2382.24,192.742,321.233,155.697,183.232,290.577,107.005,126.705,82.6038,1627.25,1782.27,1615.83,1596.25,1122.88,787.548,844.742,806.909
224.7,5.76499,0,6009.55,5780.55,4792.04,5014.32,4356.09,5469.83,5412.89,4216.74,3369.89,1978.44,153.048,289.825,471.129,219.066,291.407,173.957,90.6468,41.9374,1310.18,1897.6,1436.42,1337.1,1078.12,684.988,875.219,597.938
232.9,0,17.4677,5265.29,5564.43,4208.63,5330.76,3801.19,4417.07,4193.78,3686.03,3347.45,1937.2,187.343,331.455,139.745,281.83,312.531,116.891,175.117,117.908,1062.63,2050.59,1406.03,1212.71,1086.5,783.581,839.488,552.571
241.4,0,0,4332.44,4572.14,3806.29,4307.21,3373.83,3849.89,4630.63,3241.25,3008.15,1876.47,225.104,353.242,214.161,512.69,228.058,178.391,190.214,157.259,1043.92,1359.17,1467.48,1052.32,893.026,595.626,772.533,550.409
250.3,0,0,4207.94,3717.89,3189.55,3895.99,3265.88,3268.66,3375.84,2975.03,2657.33,1576.56,279.514,277.724,188.288,180.061,249.69,196.802,118.409,102.42,932.737,1127.92,993.074,887.687,848.548,559.178,608.886,389.873
259.5,0,0,3225.97,3429.54,2713.56,3096.69,2600.84,2433.32,2633.86,2247.99,2178.91,1270.66,185.092,338.978,315.768,205.166,416.013,183.13,133.958,94.8924,569.623,1062.71,861.538,797.093,652.861,484.698,512.01,575.489
269.0,0,0,2325.02,3185.37,2240.33,2449.61,2101.3,2377.91,2308.19,1791.6,2110.2,884.975,203.97,218.514,236.128,198.923,331.024,200.605,145.739,76.6228,607.158,746.931,721.786,682.087,680.733,429.391,499.895,387.244
278.8,0,6.19556,1886.85,2306.12,1770.66,1827,1725.68,1823.37,1613.53,1438.35,1294.19,911.626,174.553,199.335,173.608,116.457,209.39,138.903,89.2062,79.1508,520.543,662.246,616.939,531.907,474.673,324.455,416.445,240.451
289.0,0,0,1444.64,1468.52,1398.75,1402.33,1228.96,1251.49,1322.42,1140.92,1046.08,584.146,146.206,215.471,142.283,154.876,136.982,145.155,140.407,43.5798,377.898,591.944,561.231,451.258,377.47,378.52,274.844,291.135
299.6,0,0,1180.79,1019.9,1032.03,1219.7,987.725,972.825,955.971,788.591,808.308,473.644,174.615,141.849,161.812,123.403,180.763,98.0482,70.9244,134.941,370.46,386.3,268.034,382.25,310.063,222.464,225.576,215.301
310.6,0,0,704.282,874.785,642.957,683.195,593.974,663.009,751.493,542.591,657.101,443.329,117.147,86.9499,102.8,38.0706,134.398,95.5601,85.5492,12.9459,324.782,271.464,331.254,239.232,175.403,160.923,122.986,180.976
322.0,0,0,488.557,487.141,440.557,597.143,536.962,530.387,439.116,449.982,401.552,305.147,123.667,131.659,55.5028,59.2541,81.8379,40.919,57.8294,46.0865,149.986,231.823,260.494,189.497,184.338,144.835,81.8379,102.491
333.8,0,0,271.358,587.63,272.531,279.23,342.103,301.807,283.047,294.278,301.139,131.089,46.8898,51.4796,98.3693,26.7942,44.0079,73.0161,6.69854,20.0956,105.841,188.494,159.324,133.303,93.1117,52.9205,110.993,73.6839
346.0,0,0,180.856,193.301,201.415,181.084,238.947,165.412,173.753,198.286,184.96,115.206,26.553,46.6558,79.9857,32.7754,40.6611,33.1021,19.7761,6.77685,100.089,88.099,94.3215,19.5484,39.3246,33.1021,53.6604,33.3298
358.7,0,0,156.642,208.652,122.713,196.008,175.312,164.669,130.176,122.713,109.481,31.9026,7.46298,41.3917,28.1588,21.8246,34.4931,13.7972,46.2642,13.7972,62.0876,68.9862,62.6519,73.2943,28.1588,31.9026,48.8547,25.5684
371.8,0,0,79.9119,112.399,67.5164,54.4502,71.8086,58.8372,58.8372,74.5413,32.3918,58.8372,0,28.0997,21.0747,7.02491,28.0997,7.02491,25.3669,0,49.1744,28.0997,49.1744,51.8123,14.0498,18.342,21.0747,23.7126
385.4,0,0,34.0087,57.248,55.5628,64.404,10.9417,28.624,35.78,26.9388,62.7188,21.468,21.468,21.468,14.312,14.312,7.156,21.468,5.47083,0,19.6967,7.156,14.312,14.312,0,19.7828,5.38475,7.156
399.5,0,0,23.5305,28.9828,28.9828,43.4742,36.2285,7.24569,21.7371,14.4914,14.4914,14.4914,0,7.24569,0,0,7.24569,7.24569,0,7.24569,16.2848,14.4914,7.24569,7.24569,0,0,16.2848,0
414.2,0,0,0,22.1561,11.1538,0,14.7708,7.38538,3.7684,7.38538,36.9269,0,7.38538,0,7.38538,0,0,0,0,0,7.38538,14.7708,0,0,7.38538,7.38538,7.38538,7.38538
429.4,0,0,0,22.5919,48.872,7.53064,15.0613,0,18.7494,15.0613,7.53064,0,0,0,7.53064,0,7.53064,7.53064,0,0,0,0,7.53064,7.53064,15.0613,0,7.53064,7.53064
445.1,0,0,22.8908,0,7.63027,7.63027,7.63027,7.63027,0,7.63027,0,7.63027,7.63027,0,0,6.94731,0,0,0,7.63027,7.63027,0,7.63027,0,0,0,0,0
461.4,0,0,0,7.7856,0,15.5712,0,7.7856,7.7856,0,31.1424,0,0,0,0,0.696865,0,0,0,0,7.63711,0,0,0,0,0,0,0
478.3,0,0,0,0,0,7.94748,0,7.94748,0,7.94748,15.895,0,0,0,0,0,0,0,0,0,8.09906,0,0,0,0,0,0,0
495.8,0,0,0,0,0,0,7.02626,8.05877,0,0,32.2351,0,0,0,0,0,0,8.05877,0,0,0,0,0,0,0,0,0,0
514.0,0,0,0,0,0,0,1.05477,0,8.23252,0,13.9653,0,0,0,0,0,0,0,0,0,0,0,0,0,0,0,0,0
532.8,0,0,0,8.35217,0,8.35217,8.35217,0,0,0,27.5926,0,0,0,0,0,0,0,0,0,0,0,0,0,0,0,0,0
552.3,0,0,0,0,0,0,8.47542,0,0,0,16.9508,0,0,0,0,0,0,0,0,0,0,0,0,0,0,0,0,0
572.5,0,0,0,8.66812,8.66812,0,0,0,0,0,17.3362,0,0,0,0,0,0,0,0,0,0,0,0,0,0,0,0,0
593.5,0,0,0,0,0,0,0,0,0,0,0,0,0,0,0,0,0,0,0,0,0,0,0,0,0,0,0,0
615.3,0,0,0,0,0,0,0,0,0,0,0,0,0,0,0,0,0,0,0,0,0,0,0,0,0,0,0,0
637.8,0,0,0,0,0,0,0,0,0,0,0,0,0,0,0,0,0,0,0,0,0,0,0,0,0,0,0,0
661.2,0,0,0,0,0,0,0,0,0,0,0,0,0,0,0,0,0,0,0,0,0,0,0,0,0,0,0,0
685.4,0,0,0,0,0,0,0,0,0,0,0,0,0,0,0,0,0,0,0,0,0,0,0,0,0,0,0,0
710.5,0,0,0,0,0,0,0,0,0,0,0,0,0,0,0,0,0,0,0,0,0,0,0,0,0,0,0,0
Scan Up Time(s),155,155,155,155,155,155,155,155,155,155,155,155,155,155,155,155,155,155,155,155,155,155,155,155,155,155,155,155
Retrace Time(s),10,10,10,10,10,10,10,10,10,10,10,10,10,10,10,10,10,10,10,10,10,10,10,10,10,10,10,10
Down Scan First,FALSE,FALSE,FALSE,FALSE,FALSE,FALSE,FALSE,FALSE,FALSE,FALSE,FALSE,FALSE,FALSE,FALSE,FALSE,FALSE,FALSE,FALSE,FALSE,FALSE,FALSE,FALSE,FALSE,FALSE,FALSE,FALSE,FALSE,FALSE
Scans Per Sample,1,1,1,1,1,1,1,1,1,1,1,1,1,1,1,1,1,1,1,1,1,1,1,1,1,1,1,1
Impactor Type(cm),0.071,0.071,0.071,0.071,0.071,0.071,0.071,0.071,0.071,0.071,0.071,0.071,0.071,0.071,0.071,0.071,0.071,0.071,0.071,0.071,0.071,0.071,0.071,0.071,0.071,0.071,0.071,0.071
Sheath Flow(lpm),3,3,3,3,3,3,3,3,3,3,3,3,3,3,3,3,3,3,3,3,3,3,3,3,3,3,3,3
Aerosol Flow(lpm),1.5,1.5,1.5,1.5,1.5,1.5,1.5,1.5,1.5,1.5,1.5,1.5,1.5,1.5,1.5,1.5,1.5,1.5,1.5,1.5,1.5,1.5,1.5,1.5,1.5,1.5,1.5,1.5
CPC Inlet Flow(lpm),1.5,1.5,1.5,1.5,1.5,1.5,1.5,1.5,1.5,1.5,1.5,1.5,1.5,1.5,1.5,1.5,1.5,1.5,1.5,1.5,1.5,1.5,1.5,1.5,1.5,1.5,1.5,1.5
CPC Sample Flow(lpm),0.3,0.3,0.3,0.3,0.3,0.3,0.3,0.3,0.3,0.3,0.3,0.3,0.3,0.3,0.3,0.3,0.3,0.3,0.3,0.3,0.3,0.3,0.3,0.3,0.3,0.3,0.3,0.3
Low Voltage,10.9329,10.9438,10.9209,10.9397,10.9366,10.915,10.9301,10.9233,10.9397,10.9383,10.9329,10.9424,10.9383,10.9246,10.9366,10.9287,10.9274,10.9287,10.9246,10.9205,10.9168,10.9205,10.9287,10.9274,10.9301,10.9329,10.926,10.9168
High Voltage,9054.07,9056.02,9050.09,9055.29,9056.59,9050.89,9053.58,9052.36,9055.29,9055.05,9054.07,9055.78,9055.05,9052.6,9056.59,9053.34,9053.09,9053.34,9052.6,9051.87,9049.35,9051.87,9053.34,9053.09,9053.58,9054.07,9052.85,9049.35
Lower Size(nm),15.9634,15.9634,15.9634,15.9634,15.9634,15.9634,15.9634,15.9634,15.9634,15.9634,15.9634,15.9634,15.9634,15.9634,15.9634,15.9634,15.9634,15.9634,15.9634,15.9634,15.9634,15.9634,15.9634,15.9634,15.9634,15.9634,15.9634,15.9634
Upper Size(nm),723.394,723.394,723.394,723.394,723.394,723.394,723.394,723.394,723.394,723.394,723.394,723.394,723.394,723.394,723.394,723.394,723.394,723.394,723.394,723.394,723.394,723.394,723.394,723.394,723.394,723.394,723.394,723.394
Density(g/cc),1,1,1,1,1,1,1,1,1,1,1,1,1,1,1,1,1,1,1,1,1,1,1,1,1,1,1,1
Title,,,,,,,,,,,,,,,,,,,,,,,,,,,,
Status Flag,Conditioner Temperature Error ,Conditioner Temperature Error ,Conditioner Temperature Error ,Conditioner Temperature Error ,Conditioner Temperature Error ,Conditioner Temperature Error ,Conditioner Temperature Error ,Conditioner Temperature Error ,Conditioner Temperature Error ,Conditioner Temperature Error ,Conditioner Temperature Error ,Conditioner Temperature Error ,Conditioner Temperature Error ,Conditioner Temperature Error ,Conditioner Temperature Error ,Conditioner Temperature Error ,Conditioner Temperature Error ,Conditioner Temperature Error ,Conditioner Temperature Error ,Conditioner Temperature Error ,Conditioner Temperature Error ,Conditioner Temperature Error ,Conditioner Temperature Error ,Conditioner Temperature Error ,Conditioner Temperature Error ,Conditioner Temperature Error ,Conditioner Temperature Error ,Conditioner Temperature Error 
td(s),0.286,0.286,0.286,0.286,0.286,0.286,0.286,0.286,0.286,0.286,0.286,0.286,0.286,0.286,0.286,0.286,0.286,0.286,0.286,0.286,0.286,0.286,0.286,0.286,0.286,0.286,0.286,0.286
tf(s),5.51527,5.51527,5.51527,5.51527,5.51527,5.51527,5.51527,5.51527,5.51527,5.51527,5.51527,5.51527,5.51527,5.51527,5.51527,5.51527,5.51527,5.51527,5.51527,5.51527,5.51527,5.51527,5.51527,5.51527,5.51527,5.51527,5.51527,5.51527
D50(nm),572.151,572.151,572.151,572.151,572.151,572.151,572.151,572.151,572.151,572.151,572.151,572.151,572.151,572.151,572.151,572.151,572.151,572.151,572.151,572.151,572.151,572.151,572.151,572.151,572.151,572.151,572.151,572.151
Median(nm),55.7375,57.0629,112.218,128.154,121.673,133.193,140.016,135.535,143.416,153.401,140.917,129.67,201.204,186.21,215.008,168.129,187.206,190.597,174.193,189.354,150.735,151.052,155.777,146.654,153.216,157.391,161.013,159.275
Mean(nm),62.6925,78.2274,124.005,136.277,133.259,140.418,146.083,143.318,148.334,155.847,148.078,140.412,190.923,182.923,202.568,173.806,188.048,189.86,179.333,183.208,158.054,156.196,161.368,153.264,159.414,164.708,166.068,166.913
Geo. Mean(nm),49.9337,59.9834,105.862,117.605,113.89,123.415,128.685,128.355,133.884,141.122,134.185,126.218,167.87,164.284,184.046,156.417,171.039,167.037,161.44,166.286,143.37,143.688,149.236,141.562,146.583,151.082,153.005,153.895
Mode(nm),22.4679,57.2549,174.658,181.056,194.564,201.691,181.056,162.531,162.531,181.056,181.056,187.688,201.691,209.08,224.679,241.442,259.455,181.056,135.773,201.691,216.739,156.788,113.419,145.902,151.247,135.773,201.691,140.746
Geo. Std. Dev.,1.98598,2.06865,1.80388,1.78653,1.81004,1.71228,1.70621,1.63575,1.61032,1.60461,1.59024,1.61242,1.77013,1.64887,1.61194,1.62811,1.5958,1.76282,1.63295,1.61009,1.58607,1.53207,1.51269,1.51433,1.53657,1.55348,1.53493,1.5249
Total Concentration(#/cm³),8.45437,7.93614,5329.74,4232.44,3342.56,3619.35,2621.41,3264.85,3101.56,2167.47,2629.09,1638.21,82.4017,128.58,80.3704,111.333,117.914,69.1679,71.3682,52.6036,647.169,1053.28,852.636,936.317,624.232,382.721,429.115,320.165
Comment,,,,,,,,,,,,,,,,,,,,,,,,,,,,
