Sample File,C:\Users\VanceLab\Desktop\CASA_InLab_Sp23\Chamber\Chamber_Butanol_SMPS_AgedSmoke_LRH_20230509_nodryer_03.S82,
AIM Version,10.3.1.0
Classifier Model,3082       ,Classifier S/N,3082021905001   ,Classifier Firmware Version,2.60
Neutralizer Model,3088,Neutralizer S/N,3088011906004
Impactor (cm),0.071,Impactor S/N,7100764
DMA Model,3081,DMA S/N,3081A1903007
DMA Inner Radius (cm),0.937
DMA Outer Radius (cm),1.961
DMA Characteristic Length (cm),44.369
HV Polarity,NEG,
Detector Model,3750,Detector S/N,3750190603,Nano Enhancer , None
Detector Sample Flow (L/min),1.00,Detector Inlet Flow (L/min),1.00
Reference Gas Viscosity (Pa*s),1.832450e-005
Reference Mean Free Path (m),6.730000e-008
Reference Gas Temperature (K),296.15
Reference Gas Pressure (kPa),101.30
Sutherland Constant (K),110.40
Tube Length (cm),25.40
Tube Diameter (cm),0.48
Channels/Decade,64
Multiple Charge Correction,TRUE
Nanoparticle Agglomerate Mobility Analysis,FALSE
Diffusion Correction,TRUE
Units,dw/dlogDp
Weight,Number
Sample #,1,2,3
Date,5/9/2023,5/9/2023,5/9/2023
Start Time,16:14:00,16:17:00,16:20:00
Sample Temp (C),22.3,22.3,22.3
Sample Pressure (kPa),80.2,80.2,80.2
Relative Humidity (%),7.1,7.1,7.0
Mean Free Path (m),8.47507e-008,8.47507e-008,8.47507e-008
Gas Viscosity (Pa*s),1.82911e-005,1.82911e-005,1.82911e-005
Diameter Midpoint (nm)
 16.3,0.000,1020.823,964.204
 16.8,0.000,488.477,539.571
 17.5,0.000,337.341,265.619
 18.1,0.000,194.312,180.052
 18.8,0.000,48.137,86.534
 19.5,0.000,18.168,36.293
 20.2,0.000,34.293,8.562
 20.9,0.000,0.000,0.000
 21.7,0.000,7.223,14.677
 22.5,0.000,0.000,7.138
 23.3,0.000,0.000,0.000
 24.1,0.000,0.000,5.476
 25.0,11.101,11.816,4.694
 25.9,3.099,0.000,4.510
 26.9,0.000,19.126,2.501
 27.9,0.000,7.622,1.784
 28.9,15.013,0.527,0.086
 30.0,23.019,22.749,25.252
 31.1,31.571,24.310,34.447
 32.2,80.555,19.640,3.492
 33.4,52.869,53.804,12.589
 34.6,39.927,51.030,46.355
 35.9,54.731,26.505,59.368
 37.2,98.082,76.054,48.864
 38.5,99.870,116.121,98.521
 40.0,121.284,91.196,101.249
 41.4,142.132,116.009,124.740
 42.9,284.022,171.594,225.731
 44.5,254.343,184.777,283.303
 46.1,218.379,349.854,364.875
 47.8,380.181,488.532,490.532
 49.6,622.803,787.409,650.590
 51.4,1133.639,1214.703,952.150
 53.3,1358.877,1326.076,1122.971
 55.2,1887.216,1787.133,1584.151
 57.3,2302.484,2329.329,1888.319
 59.4,3020.555,2739.565,2501.541
 61.5,3526.055,3222.449,3001.032
 63.8,4478.757,4257.928,3666.525
 66.1,5357.667,5225.533,4307.087
 68.5,6761.115,6159.290,5753.469
 71.0,7084.014,6221.742,5137.958
 73.7,6727.459,5903.883,5631.199
 76.4,7361.404,6944.396,6609.226
 79.1,8966.768,7128.209,7044.370
 82.0,9599.894,8792.917,8603.853
 85.1,10916.693,10633.528,9950.512
 88.2,12541.058,11274.976,10951.514
 91.4,13789.468,12779.308,12041.329
 94.7,15673.256,14339.005,13790.302
 98.2,17386.230,15447.074,15575.088
101.8,19058.536,17870.738,17602.393
105.5,21622.054,20200.082,18991.601
109.4,24422.070,22990.582,21516.250
113.4,28024.006,24713.562,22719.282
117.6,30396.520,28861.490,27263.757
121.9,33956.303,31569.545,29762.203
126.3,38441.690,34105.395,32409.355
131.0,42100.813,39748.332,36524.680
135.8,47941.317,45161.175,42262.025
140.7,52582.346,49130.855,46797.666
145.9,57113.890,54265.533,50036.163
151.2,62039.567,59580.792,55366.589
156.8,66058.859,63197.317,60471.633
162.5,70669.178,68185.146,64505.933
168.5,75411.452,73319.509,67712.212
174.7,79476.999,75842.118,72868.867
181.1,83193.303,79837.513,75048.574
187.7,85565.630,83447.692,78178.562
194.6,87858.995,85584.679,79695.637
201.7,89587.492,85733.765,81364.166
209.1,89801.616,85300.536,82039.884
216.7,88737.817,84976.179,80460.569
224.7,88238.333,84105.528,80723.947
232.9,85539.547,82643.573,78017.606
241.4,82518.535,78948.272,75673.563
250.3,78843.442,75551.999,70611.156
259.5,73179.663,70876.295,67698.308
269.0,67960.322,65357.543,62506.519
278.8,63650.431,60123.624,57085.273
289.0,57133.230,53960.419,51853.953
299.6,50201.290,47360.801,45792.366
310.6,43336.865,42179.572,40630.281
322.0,37937.635,36080.690,35836.890
333.8,31622.903,30513.500,29715.612
346.0,26722.638,25425.118,25245.284
358.7,22151.032,20728.607,20328.171
371.8,17509.532,16672.607,16395.249
385.4,13840.339,13344.348,12719.208
399.5,10559.739,10233.999,9902.365
414.2,8254.544,7861.231,7481.366
429.4,5781.493,5867.636,5514.532
445.1,4391.038,4209.985,4103.213
461.4,3140.818,2962.672,3027.893
478.3,2094.002,2327.369,2301.476
495.8,1503.740,1462.863,1608.004
514.0,845.313,1073.876,987.158
532.8,630.079,744.467,704.399
552.3,459.797,513.399,435.012
572.5,266.847,329.984,274.270
593.5,129.569,149.528,214.859
615.3,104.570,72.259,120.883
637.8,50.880,53.406,66.100
661.2,21.663,40.764,40.948
685.4,3.688,14.752,31.860
710.5,18.706,3.742,18.687
Scan Time (s),155,155,155
Retrace Time (s),4,4,4
Scan Resolution (Hz),50,50,50
Scans Per Sample,1,1,1
Sheath Flow (L/min),3.000,3.000,3.000
Aerosol Flow (L/min),1.02,1.02,1.02
Bypass Flow (L/min),0.00,0.00,0.00
Low Voltage (V),11.00,11.00,11.00
High Voltage (V),9221.54,9221.24,9221.24
Lower Size (nm), 16.0, 16.0, 16.0
Upper Size (nm),723.4,723.4,723.4
Density (g/cm³),1.0,1.0,1.0
td + 0.5 (s),1.53,1.53,1.53
tf (s),6.17,6.17,6.17
D50 (nm),714.8,714.8,714.4
Neutralizer Status,ON,ON,ON
Median (nm),198.065,198.454,199.332
Mean (nm),205.619,206.196,207.021
Geo. Mean (nm),191.528,191.918,192.669
Mode (nm),209.080,201.691,209.080
Geo. Std. Dev.,1.475,1.483,1.483
Total Conc. (#/cm³),3.586107e+004,3.418612e+004,3.243857e+004
Title,,,
User Name,VANCELAB,VANCELAB,VANCELAB
Sample ID,,,
Instrument ID,,,
Lab ID,,,
Leak Test and Leakage Rate,,,
Instrument Errors,Normal Scan,Normal Scan,Normal Scan
Comment,,,
