Sample File,C:\Users\vancelab\Desktop\Chamber\Raw data\COMP_Water_SMPS_100nm700nm_20230523.S80
Classifier Model,3071
DMA Model,3081
DMA Inner Radius(cm),0.00937
DMA Outer Radius(cm),0.01961
DMA Characteristic Length(cm),0.44369
CPC Model,3788 High Flow
Reference Gas Viscosity (Pa*s),1.83245e-005
Reference Mean Free Path (m),6.73e-008
Reference Gas Temperature (K),296.15
Reference Gas Pressure (kPa),101.3
Channels/Decade,64
Multiple Charge Correction,TRUE
Nanoparticle Aggregate Mobility Analysis,FALSE
Diffusion Correction,TRUE
Gas Density,0.0012
Units,dw/dlogDp
Weight,Number
Sample #,1,2,3,4,5,6,7,8,9,10,11,12
Date,05/23/23,05/23/23,05/23/23,05/23/23,05/23/23,05/23/23,05/23/23,05/23/23,05/23/23,05/23/23,05/23/23,05/23/23
Start Time,12:34:00,12:37:00,12:40:00,12:43:00,12:46:00,12:49:00,12:52:00,12:55:00,12:58:00,13:01:01,13:04:00,13:07:00
Diameter Midpoint
 16.3,31.1058,1.28321e+006,1.44454e+006,1.27873e+006,1.23679e+006,1.1566e+006,274.695,306.309,1.11974e+006,1.03958e+006,1.19157e+006,1.20434e+006
 16.8,146.056,1.24783e+006,1.41965e+006,1.23737e+006,1.20963e+006,1.14751e+006,306.69,408.957,1.10513e+006,1.03671e+006,1.17312e+006,1.18575e+006
 17.5,329.988,1.23761e+006,1.38416e+006,1.22822e+006,1.206e+006,1.11288e+006,304.432,451.004,1.08366e+006,1.02395e+006,1.17474e+006,1.17922e+006
 18.1,181.391,1.21298e+006,1.34384e+006,1.21178e+006,1.1865e+006,1.0973e+006,407.387,536.952,1.06402e+006,1.00762e+006,1.13014e+006,1.16607e+006
 18.8,214.471,1.16982e+006,1.30594e+006,1.16411e+006,1.14905e+006,1.05539e+006,381.557,478.729,1.02341e+006,981406,1.1007e+006,1.12465e+006
 19.5,256.209,1.1467e+006,1.13695e+006,1.13825e+006,1.11747e+006,1.04782e+006,497.462,566.265,989705,941557,1.06158e+006,1.08374e+006
 20.2,199.242,1.12144e+006,673458,1.09527e+006,1.07034e+006,983168,538.922,400.485,968260,912795,1.02698e+006,1.05891e+006
 20.9,332.317,1.06874e+006,326710,1.05233e+006,1.0364e+006,950903,516.568,360.049,927341,864845,985531,1.01904e+006
 21.7,146.835,1.02098e+006,157453,1.0111e+006,996729,926486,363.543,449.676,906966,842579,944494,984994
 22.5,172.22,987604,84311.1,968106,946278,714427,547.07,541.877,861832,832741,915943,946167
 23.3,153.641,948010,45839.4,911208,908160,388845,491.389,559.227,837869,809814,887394,909918
 24.1,428.458,902222,28751,859714,855360,186675,608.604,421.975,802179,769177,843988,862124
 25.0,267.839,850833,18055.3,817552,811163,92831.7,474.047,298.937,767468,736468,812557,830599
 25.9,628.066,808234,9990.82,770500,758582,46603.9,521.114,514.27,735719,710653,766349,783735
 26.9,934.067,763119,3998.38,723289,731900,23752.3,515.617,537.915,699839,672676,726263,734813
 27.9,683.907,712129,214.276,670453,685909,11336.7,531.208,521.551,656054,633175,681093,687249
 28.9,742.688,666143,3376.98,627698,641404,4509.74,625.698,525.643,615158,591398,640650,632603
 30.0,730.932,619537,91331.2,574142,589215,405.057,427.03,468.765,571520,555160,593302,591878
 31.1,778.767,575347,164693,531996,550264,0,572.396,649.786,524707,521829,550990,546983
 32.2,730.759,528392,111014,486064,513404,199.107,491.937,511.853,494019,482804,508674,499730
 33.4,623.305,479687,51899.9,441959,474936,62559.4,518.713,568.84,461434,440817,457213,461862
 34.6,579.804,439827,19929.2,403038,434155,206672,471.528,545.935,418454,405819,414853,415106
 35.9,732.89,392577,9317.48,363640,387674,287338,530.611,575.598,374041,361758,377728,377686
 37.2,654.392,354739,35363.3,324800,349927,306156,615.508,528.811,334950,332012,333990,339921
 38.5,650.791,312363,109334,285692,316061,295067,548.751,572.212,296466,298210,297971,301028
 40.0,693.967,276162,160645,255347,278233,271017,578.749,634.923,265880,263607,267544,269217
 41.4,552.344,242389,170677,222594,245950,241996,490.239,533.65,237740,235809,234411,235017
 42.9,547.343,216091,164645,197173,216283,214217,402.4,542.566,208555,211457,205795,207710
 44.5,585.813,190512,150919,174209,188981,186823,523.455,439.885,181441,185678,177625,184958
 46.1,337.08,167366,136332,154556,168967,163938,534.807,505.63,162253,163900,158104,164773
 47.8,469.869,146278,126079,137055,150767,140439,500.022,420.101,143758,145553,138347,146294
 49.6,383.679,130886,114602,125983,134457,126410,421.478,358.53,128851,130802,124485,126564
 51.4,320.459,115452,104018,112788,119423,113279,471.966,485.629,115518,118588,108381,111658
 53.3,333.194,102219,94435.5,100965,105219,99025.4,285.696,313.291,102369,105873,98409.9,100266
 55.2,396.78,92951.8,85013.1,88436,93517.4,87269.2,485.659,199.442,91001,98425.3,88988.1,90292.1
 57.3,320.41,84052.5,80141.2,82354.1,85706.5,77857,443.627,268.599,82934.7,87659.7,79639.8,80610.9
 59.4,246.846,79312.8,79666.8,80397,82061.4,78649.6,470.049,336.812,80506,81570.6,73611.4,74231
 61.5,350.481,84975.2,87040.9,82855.7,82492.9,84701.5,399.287,246.869,81570.6,80975.5,75662.3,76819.3
 63.8,500.488,99415.6,101037,95852.8,92757.7,93352.9,317.568,311.675,92222.9,92826.1,89226.1,89139
 66.1,947.24,122238,127645,114826,117362,115105,449.241,245.671,110885,110821,106028,107858
 68.5,1477.01,148897,155462,143655,143337,143003,313.606,392.503,137736,133314,133564,134181
 71.0,1317.02,177414,186856,178206,172799,173869,298.458,372.234,167699,160874,161147,161948
 73.7,1184.09,211447,228434,210553,211261,208266,372.867,401.753,202928,191375,192926,196087
 76.4,1158.42,249432,268507,249329,247713,245473,373.119,361.388,235541,225024,229877,231993
 79.1,1095.08,285762,305594,287671,287505,283179,221.381,1228.42,274948,261017,261963,267827
 82.0,949.891,325885,347600,323306,324471,329319,325.262,1675.17,309574,294613,290604,301431
 85.1,838.799,364381,385505,360528,363138,363088,347.661,1378.52,339930,327525,332614,339843
 88.2,679.368,396194,412116,392855,396241,395176,311.405,1105.16,370374,360503,368570,371625
 91.4,511.82,408747,427479,411832,423081,413363,442.485,1033.3,393877,374866,382776,391529
 94.7,571.285,392490,413110,402057,410835,406359,290.796,664.911,379863,366190,377912,384082
 98.2,399.336,350226,368457,364689,372647,373002,431.465,537.123,340293,332266,337909,343697
101.8,508.626,292435,309187,310379,314786,320614,342.911,481.493,288201,282662,287431,291188
105.5,387.008,235000,247044,245954,252058,259575,422.561,326.491,229441,235217,230363,235960
109.4,531.18,174754,181943,183545,188276,199630,440.262,346.701,173541,180129,172349,177270
113.4,0,118640,123357,125634,129872,140886,319.837,198.778,118344,129361,121672,121552
117.6,0,73301.8,76409.2,79171.4,81627.4,91477.8,385.237,189.452,76830.5,86616,78111.9,76412.1
121.9,0,48450.2,51378.2,53235.3,55005.6,63865.4,385.174,57.8022,53577.2,62887.5,55374.5,53850.1
126.3,0,39928.4,43164.9,43465.4,44306.9,52252.7,473.503,78.26,43102.7,50720.5,45283.7,43767.2
131.0,0,35559.1,37880.9,37086.2,39803.8,45641.1,423.6,47.4359,39187.3,42781.9,39389.1,38406.2
135.8,0,30906,33341.1,32398.2,34182.9,39993.5,404.838,0,34227.9,36821.5,34471.2,33968.6
140.7,0,25831.9,28726.9,27355.2,28927.8,34053.2,356.775,0,30108,31827.1,29796.3,29482.9
145.9,0,20207.1,23427.2,22927.5,24194.2,27848.3,456.204,0,24124,25621.3,23710.5,24159.2
151.2,0,16189.6,18738.6,17644.4,18481.5,22286.7,432.891,0,18734.4,18736.9,18308.6,18484.9
156.8,0,11115.9,13936.2,12890.6,12784.1,16017.7,415.218,0,13210.2,14151.9,13987.6,13444.1
162.5,0,8361.39,9987.26,9186.15,9524.95,10962.6,478.879,0,9366.44,10373.1,9250.17,10300.7
168.5,205.317,6276.21,8339.27,6986.44,7489.21,8216.58,482.851,0,7318.77,7950.52,7478.38,7639.23
174.7,3423.12,5548.59,6817.53,5972.77,6053.11,6382.67,466.824,0,5714.03,6186.73,6199.16,6520.55
181.1,5061.2,4363.85,5278.74,4298.88,4798.61,4658.04,345.352,0,4429.1,4932.01,5055.86,5532.2
187.7,5067.42,3387.32,4122.48,3359.28,3558.64,2627.83,476.832,0,3515.07,3341.62,3830.28,4204.93
194.6,4198.53,2236.27,2716.41,2559.74,2094.12,1316.94,420.903,0,2284.43,2312.55,2357.5,2354.06
201.7,3538.03,1617.27,2378.6,1576.42,1801.56,884.891,423.094,0,1987.88,1490.88,1700.9,1864.86
209.1,2882.72,1028.29,1933.16,1455.75,1340.91,655.61,327.257,466.792,1272.74,1467.03,1569.07,1538.29
216.7,2777.14,1310.43,2048.32,1359.69,1275.47,536.603,416.065,948.842,1352.81,1405.83,1454.77,1619.92
224.7,2132.88,1180.56,1551.34,1128.16,1263.97,481.571,288.797,726.297,1217.82,1319.91,1149.49,1050.93
232.9,2039.39,1041.64,1133.47,889.626,1088.37,357.604,447.979,1075.28,1164.36,957.552,1131.88,1128.39
241.4,1530.75,862.76,1254.9,561.406,915.642,372.256,295.523,754.268,740.543,575.553,896.718,701.867
250.3,1028.38,524.256,217.093,75.0817,385.651,413.294,254.696,570.288,381.69,681.444,343.459,532.468
259.5,618.432,130.06,187.82,0,82.1028,303.223,322.236,0,264.653,233.363,279.308,113.717
269.0,587.215,260.116,141.512,0,51.5984,262.67,332.897,251.194,476.477,0,189.391,102.601
278.8,328.604,190.676,261.224,66.7272,0,279.477,314.771,125.901,286.37,0,216.586,84.3682
289.0,0,0,195.808,0,0,263.92,408.56,0,103.646,0,48.394,46.5056
299.6,225.332,231.917,305.163,0,116.704,188.406,306.013,26.612,221.557,66.8011,0,0
310.6,1031.95,1153.14,1385.27,1180.47,1078.58,260.859,240.949,933.037,969.801,1058.72,1035.16,1036.62
322.0,1257.65,1227.82,1331.79,1372.83,1351.13,144.851,282.437,1091.62,693.768,1149.12,1224.27,998.416
333.8,1274.03,1515.23,602.164,1186.11,1341.74,208.47,175.691,1166.25,960.147,1131.78,1257.59,1083.39
346.0,1067.41,1024.46,1258.4,1077,842.39,111.21,240.817,831.709,1007.81,857.641,941.751,760.98
358.7,887.612,1186,1128.64,1158.51,961.621,213.09,185.85,1153.17,1035.87,602.776,670.919,833.423
371.8,1161.92,955.605,1543.96,1245.04,932.719,61.7453,150.225,988.111,912.013,574.171,1054.47,812.331
385.4,1195.8,836.771,1670.23,1101.53,1151.56,89.7596,87.2661,927.436,803.251,765.966,944.124,807.118
399.5,1097.81,974.697,1549.58,1493.62,904.482,100.178,94.8341,1010.49,1342.83,1055.94,939.096,942.957
414.2,2643.77,2566.27,3265.55,2855.51,2745.95,108.72,91.8147,2577.86,1937.99,2123.4,2310.59,1882.32
429.4,3398.44,3634.69,4044.23,3713.54,3298.98,80.3213,68.2915,3036.34,2782.65,2854.2,2574.67,2579.26
445.1,3496.36,3568.34,4273.4,3601.54,3467.39,111.611,94.6837,3011.13,2429.12,3174.47,2817.05,2773.07
461.4,3752.18,3648.82,4351.77,3563.13,3334.95,30.5124,22.7958,3222.02,2416.77,3178.18,2918.94,2766.54
478.3,3698.69,3601.65,4190.85,3946.1,3187.08,51.2886,46.5313,3171.55,2562.18,3450.53,2791.26,2720.47
495.8,3627.17,3705.05,4170.08,3697.59,3632.74,57.732,26.0933,3553.55,2715.25,3181.49,3013.86,2759.19
514.0,3874.6,3570.24,4463.52,3867.96,3411.27,48.536,29.5631,3282.77,2453.94,3394.61,3290.31,2850.26
532.8,4212.93,3784.29,4556.92,4140.47,3579,28.7505,32.5844,3225.14,2737.91,3326.92,3036.03,3101.16
552.3,3501.35,3527.8,4452.81,4333.54,3271.74,37.2715,8.26507,3214.55,2674.75,3410.97,3179.71,2760.78
572.5,4069.16,3668.6,5691.25,3958.86,3316.01,16.5749,16.9035,3052.41,2570.8,3276.27,3104.74,2813.59
593.5,4136.76,3701.57,4687.61,4089.65,3474.24,8.58027,0,3568.24,2608.36,3276.57,3041.31,3101.32
615.3,0,0,0,0,0,0,0,0,0,0,0,0
637.8,0,0,0,0,0,0,0,0,0,0,0,0
661.2,0,0,0,0,0,0,0,0,0,0,0,0
685.4,0,0,0,0,0,0,0,0,0,0,0,0
710.5,0,0,0,0,0,0,0,0,0,0,0,0
Scan Up Time(s),155,155,155,155,155,155,155,155,155,155,155,155
Retrace Time(s),10,10,10,10,10,10,10,10,10,10,10,10
Down Scan First,FALSE,FALSE,FALSE,FALSE,FALSE,FALSE,FALSE,FALSE,FALSE,FALSE,FALSE,FALSE
Scans Per Sample,1,1,1,1,1,1,1,1,1,1,1,1
Impactor Type(cm),0.071,0.071,0.071,0.071,0.071,0.071,0.071,0.071,0.071,0.071,0.071,0.071
Sheath Flow(lpm),3,3,3,3,3,3,3,3,3,3,3,3
Aerosol Flow(lpm),1.5,1.5,1.5,1.5,1.5,1.5,1.5,1.5,1.5,1.5,1.5,1.5
CPC Inlet Flow(lpm),1.5,1.5,1.5,1.5,1.5,1.5,1.5,1.5,1.5,1.5,1.5,1.5
CPC Sample Flow(lpm),0.3,0.3,0.3,0.3,0.3,0.3,0.3,0.3,0.3,0.3,0.3,0.3
Low Voltage,14.0228,14.0228,14.0228,14.0228,14.0228,14.0228,14.0228,14.0228,14.0228,14.0228,14.0228,14.0228
High Voltage,9507.79,9507.79,9507.79,9507.79,9507.79,9507.79,9507.79,9507.79,9507.79,9507.79,9507.79,9507.79
Lower Size(nm),15.9634,15.9634,15.9634,15.9634,15.9634,15.9634,15.9634,15.9634,15.9634,15.9634,15.9634,15.9634
Upper Size(nm),723.394,723.394,723.394,723.394,723.394,723.394,723.394,723.394,723.394,723.394,723.394,723.394
Density(g/cc),1,1,1,1,1,1,1,1,1,1,1,1
Title,,,,,,,,,,,,
Status Flag,Conditioner Temperature Error ,Conditioner Temperature Error ,Conditioner Temperature Error ,Conditioner Temperature Error ,Conditioner Temperature Error ,Conditioner Temperature Error ,Conditioner Temperature Error ,Conditioner Temperature Error ,Conditioner Temperature Error ,Conditioner Temperature Error ,Conditioner Temperature Error ,Conditioner Temperature Error 
td(s),1.1,1.1,1.1,1.1,1.1,1.1,1.1,1.1,1.1,1.1,1.1,1.1
tf(s),5.51527,5.51527,5.51527,5.51527,5.51527,5.51527,5.51527,5.51527,5.51527,5.51527,5.51527,5.51527
D50(nm),593.091,593.091,593.091,593.091,593.091,593.091,593.091,593.091,593.091,593.091,593.091,593.091
Median(nm),222.222,25.0234,20.0757,24.8604,25.2263,22.0425,63.9889,357.95,25.6034,25.9015,25.1712,25.079
Mean(nm),282.501,37.5101,45.2512,38.0017,38.2404,42.242,105.376,300.226,38.4408,39.1087,37.7453,37.6358
Geo. Mean(nm),201.082,30.4298,33.2118,30.5807,30.8718,32.6981,70.6562,186.862,31.1368,31.5269,30.5826,30.5299
Mode(nm),187.688,16.2531,16.2531,16.2531,16.2531,16.2531,28.9026,593.523,16.2531,16.2531,16.2531,16.2531
Geo. Std. Dev.,2.59663,1.79204,2.11308,1.81248,1.81005,1.98348,2.46602,3.19676,1.80677,1.81807,1.79744,1.79555
Total Concentration(#/cm³),1796.17,430000,258721,418903,421718,295136,571.084,1202.89,392165,378583,405117,411850
Comment,,,,,,,,,,,,
