Sample File,C:\Users\VanceLab\Desktop\CASA_InLab_Sp23\Chamber\COMP_Butanol_SMPS_50nm300nm_20230523.S82,
AIM Version,10.3.1.0
Classifier Model,3082       ,Classifier S/N,3082021905001   ,Classifier Firmware Version,2.60
Neutralizer Model,3088,Neutralizer S/N,3088011906004
Impactor (cm),0.071,Impactor S/N,7100764
DMA Model,3081,DMA S/N,3081A1903007
DMA Inner Radius (cm),0.937
DMA Outer Radius (cm),1.961
DMA Characteristic Length (cm),44.369
HV Polarity,NEG,
Detector Model,3750,Detector S/N,3750190603,Nano Enhancer , None
Detector Sample Flow (L/min),1.00,Detector Inlet Flow (L/min),1.00
Reference Gas Viscosity (Pa*s),1.832450e-005
Reference Mean Free Path (m),6.730000e-008
Reference Gas Temperature (K),296.15
Reference Gas Pressure (kPa),101.30
Sutherland Constant (K),110.40
Tube Length (cm),25.40
Tube Diameter (cm),0.48
Channels/Decade,64
Multiple Charge Correction,TRUE
Nanoparticle Agglomerate Mobility Analysis,FALSE
Diffusion Correction,TRUE
Units,dw/dlogDp
Weight,Number
Sample #,1,2,3,4,5
Date,5/23/2023,5/23/2023,5/23/2023,5/23/2023,5/23/2023
Start Time,13:20:00,13:23:00,13:26:00,13:29:00,13:32:00
Sample Temp (C),22.8,22.8,22.8,22.8,22.8
Sample Pressure (kPa),80.5,80.6,80.6,80.5,80.5
Relative Humidity (%),21.7,21.4,21.4,21.5,21.7
Mean Free Path (m),8.46166e-008,8.45116e-008,8.45116e-008,8.46166e-008,8.46166e-008
Gas Viscosity (Pa*s),1.83149e-005,1.83149e-005,1.83149e-005,1.83149e-005,1.83149e-005
Diameter Midpoint (nm)
 16.3,134431.234,83063.475,79112.554,77037.979,77665.371
 16.8,124761.914,78337.420,74548.293,73671.051,71865.822
 17.5,118265.054,75367.985,73558.984,69993.011,69211.854
 18.1,109006.336,72112.289,71700.719,67891.907,68478.308
 18.8,104256.197,72977.796,69583.995,67249.790,67598.129
 19.5,97241.162,69540.253,68459.541,65543.276,67022.338
 20.2,92552.552,69361.784,67862.572,65598.509,66820.298
 20.9,89959.824,69372.957,65037.601,64817.410,66948.035
 21.7,87531.463,68008.666,66829.747,64738.396,66619.196
 22.5,86180.937,71482.830,69653.782,67707.426,70089.887
 23.3,86360.556,74013.399,71257.290,70052.452,72297.861
 24.1,90944.916,75631.325,74960.693,75759.105,76213.319
 25.0,92751.149,81166.208,81680.195,81491.900,82582.174
 25.9,99485.279,90026.123,86271.813,85883.222,89252.436
 26.9,106015.502,96206.230,95891.759,97134.409,93825.972
 27.9,115004.872,103281.737,104155.372,105335.922,101443.003
 28.9,124309.639,116311.283,114684.526,115791.170,111389.918
 30.0,136192.467,127203.201,124943.368,127486.569,126116.729
 31.1,150668.247,145648.623,138092.194,139909.893,141281.548
 32.2,167883.137,158596.380,156639.412,155732.577,159908.752
 33.4,182288.025,177983.956,173093.710,175097.985,174943.595
 34.6,211081.241,196665.277,194359.879,198150.642,195389.145
 35.9,233308.471,224652.064,220892.509,227768.307,219201.918
 37.2,273580.137,264745.573,253934.064,263714.244,250139.644
 38.5,323249.971,313474.959,302576.633,303551.601,294435.541
 40.0,390707.048,376101.226,372093.375,363382.097,357844.865
 41.4,472928.514,454156.780,462276.069,452744.218,438824.278
 42.9,571725.705,555626.856,568129.129,547159.893,551201.004
 44.5,688781.163,670623.775,690018.747,673214.950,676622.188
 46.1,814785.618,807432.922,823140.813,802356.812,815575.059
 47.8,957212.114,954055.991,950682.104,938762.061,959201.021
 49.6,1099142.923,1100426.404,1079666.951,1073156.839,1086326.462
 51.4,1203397.692,1190844.422,1174107.891,1162686.908,1156761.476
 53.3,1257655.684,1236343.224,1219337.848,1223842.068,1204950.100
 55.2,1260369.833,1241354.728,1212047.411,1211161.856,1193288.208
 57.3,1195187.547,1184012.822,1155552.083,1158015.916,1135305.069
 59.4,1106297.498,1090048.582,1071717.437,1064828.121,1044868.415
 61.5,1019301.968,994865.160,974287.838,988534.190,963177.132
 63.8,938361.525,936421.909,915869.101,920391.506,893432.541
 66.1,900665.116,903867.092,879588.370,885747.727,861367.441
 68.5,897045.526,905924.630,876893.380,889737.862,859941.002
 71.0,900324.723,907262.960,892317.410,887380.197,873622.643
 73.7,894949.077,907215.084,873079.769,886494.035,873286.068
 76.4,883766.542,881371.560,854609.357,873089.120,850366.571
 79.1,847954.833,848315.050,823233.038,835087.579,816698.737
 82.0,807103.227,800236.806,790485.745,798621.714,781911.029
 85.1,768651.251,757792.280,745962.060,760135.321,740857.930
 88.2,732968.075,716930.308,719162.348,715595.085,706903.654
 91.4,678507.930,679043.724,678991.750,671506.478,671962.208
 94.7,648581.169,636150.894,641623.290,635443.666,630740.761
 98.2,611506.106,595956.992,600098.349,594486.662,592884.145
101.8,562975.460,554006.840,561671.824,554866.830,555217.359
105.5,517548.895,512377.283,514017.420,514505.667,511282.106
109.4,476400.760,470163.368,469920.464,474209.758,475176.192
113.4,439077.812,433720.860,435678.056,438791.069,431477.541
117.6,397433.243,390855.614,395134.095,400486.185,394555.698
121.9,358588.497,350936.644,353999.574,361641.690,352907.751
126.3,316985.868,315685.914,318236.953,326214.754,322800.583
131.0,285408.573,280271.710,279723.209,296809.157,289761.839
135.8,252551.636,245158.180,248037.428,264240.657,256382.922
140.7,220160.358,216436.039,215957.951,231454.072,226043.935
145.9,190846.205,188878.744,187304.673,199811.771,196346.467
151.2,166780.535,163400.890,161413.158,173248.027,170973.371
156.8,142132.632,140953.507,141864.616,149069.763,148542.246
162.5,120026.522,118979.196,120749.767,128155.592,125568.076
168.5,99726.953,101543.777,102928.632,106436.645,106579.708
174.7,83248.383,84838.253,86608.104,89206.977,90546.719
181.1,67234.482,71232.907,70178.178,73698.149,75403.137
187.7,55493.788,58542.517,56135.781,60671.797,61791.893
194.6,44822.592,47578.550,44843.154,49695.756,49491.948
201.7,36875.958,38064.072,35333.805,40237.077,40520.449
209.1,28867.383,30543.076,28186.843,32638.082,32394.339
216.7,23052.160,24067.483,22917.949,25671.681,25479.198
224.7,17616.147,19099.718,18214.048,20031.486,20350.030
232.9,14011.181,14580.407,13890.088,16024.028,15714.645
241.4,10781.254,11634.192,11020.650,12173.541,12048.421
250.3,8920.982,9016.592,8735.352,9958.060,9555.437
259.5,7273.827,7662.635,7087.810,8723.132,8042.275
269.0,6617.736,6976.037,6343.818,7523.230,7166.496
278.8,6455.505,6444.719,6044.901,7250.702,6821.025
289.0,6567.894,6555.725,6065.001,6656.361,6562.957
299.6,6739.091,7056.135,6553.165,7147.013,6879.046
310.6,7192.526,6926.229,6849.469,7437.451,7181.457
322.0,6606.928,6542.824,6750.008,7035.394,6689.276
333.8,5956.752,5624.528,5931.899,6045.374,5969.279
346.0,5115.870,4887.402,4877.941,5246.592,4864.630
358.7,3744.043,3537.830,3657.078,3633.817,3639.699
371.8,2665.149,2475.831,2546.746,2570.280,2270.332
385.4,1495.547,1516.962,1487.881,1460.111,1410.871
399.5,801.042,862.309,798.935,778.147,745.672
414.2,422.961,535.296,425.382,495.338,444.257
429.4,302.364,262.263,297.057,262.990,220.122
445.1,116.536,214.191,172.013,178.187,153.468
461.4,107.822,138.167,93.949,96.910,88.291
478.3,94.519,95.304,73.074,77.302,87.750
495.8,40.980,81.975,45.501,57.365,52.988
514.0,28.964,46.725,37.648,52.577,72.950
532.8,29.508,62.244,53.462,70.626,38.359
552.3,33.080,32.694,38.725,41.987,48.607
572.5,39.858,45.942,27.590,48.924,54.306
593.5,10.055,40.337,43.479,40.271,19.022
615.3,21.431,22.160,15.843,25.284,15.845
637.8,29.113,35.545,42.046,41.938,42.051
661.2,29.518,43.653,52.467,39.250,32.797
685.4,48.175,22.342,33.497,40.095,21.373
710.5,0.000,0.000,0.000,0.000,0.000
Scan Time (s),155,155,155,155,155
Retrace Time (s),4,4,4,4,4
Scan Resolution (Hz),50,50,50,50,50
Scans Per Sample,1,1,1,1,1
Sheath Flow (L/min),3.000,3.000,3.000,3.000,3.000
Aerosol Flow (L/min),1.12,1.12,1.12,1.13,1.12
Bypass Flow (L/min),0.00,0.00,0.00,0.00,0.00
Low Voltage (V),11.07,11.08,11.08,11.07,11.07
High Voltage (V),9206.75,9208.53,9208.24,9206.17,9205.30
Lower Size (nm), 16.0, 16.0, 16.0, 16.0, 16.0
Upper Size (nm),723.4,723.4,723.4,723.4,723.4
Density (g/cm³),1.0,1.0,1.0,1.0,1.0
td + 0.5 (s),1.52,1.52,1.52,1.52,1.52
tf (s),6.02,6.02,6.02,6.02,6.02
D50 (nm),678.3,678.1,678.5,677.3,678.3
Neutralizer Status,ON,ON,ON,ON,ON
Median (nm),62.705,63.397,63.416,63.788,63.624
Mean (nm),71.056,71.858,71.965,72.506,72.426
Geo. Mean (nm),63.887,64.977,65.078,65.482,65.377
Mode (nm),55.232,55.232,53.280,53.280,53.280
Geo. Std. Dev.,1.594,1.568,1.568,1.571,1.573
Total Conc. (#/cm³),4.842397e+005,4.729520e+005,4.674047e+005,4.694328e+005,4.638314e+005
Title,,,,,
User Name,VanceLab,VanceLab,VanceLab,VanceLab,VanceLab
Sample ID,,,,,
Instrument ID,,,,,
Lab ID,,,,,
Leak Test and Leakage Rate,,,,,
Instrument Errors,Normal Scan,Normal Scan,Normal Scan,Normal Scan,Normal Scan
Comment,,,,,
